980,246,1232,246,1232,295,980,295
1248,251,1325,251,1325,295,1248,295
876,257,963,257,963,295,876,295
1336,251,1412,251,1412,295,1336,295
1434,257,1588,257,1588,295,1434,295
268,304,396,312,393,365,265,357
903,388,1095,388,1095,470,903,470
1193,388,1374,388,1374,470,1193,470
1500,394,1577,394,1577,470,1500,470
262,481,334,481,334,531,262,531
339,481,487,481,487,547,339,547
383,618,580,618,580,679,383,679
246,624,345,624,345,679,246,679
246,706,383,706,383,761,246,761
438,783,635,783,635,843,438,843
662,783,1150,783,1150,843,662,843
1171,783,1374,783,1374,837,1171,837
1418,783,1522,783,1522,837,1418,837
246,788,345,788,345,837,246,837
251,887,492,887,492,941,251,941
525,887,925,887,925,941,525,941
952,887,996,887,996,941,952,941
1029,887,1177,887,1177,941,1029,941
1210,887,1363,887,1363,941,1210,941
1396,887,1571,887,1571,941,1396,941
1604,887,1752,887,1752,941,1604,941
1779,887,1982,887,1982,941,1779,941
2009,887,2113,887,2113,941,2009,941
2141,887,2239,887,2239,941,2141,941
1396,963,1938,963,1938,1024,1396,1024
251,969,503,969,503,1024,251,1024
531,969,679,969,679,1024,531,1024
706,969,903,969,903,1024,706,1024
931,969,1144,969,1144,1024,931,1024
1177,969,1369,969,1369,1024,1177,1024
1966,969,2108,969,2108,1024,1966,1024
2141,969,2234,969,2234,1024,2141,1024
306,1046,410,1046,410,1106,306,1106
432,1046,783,1046,783,1106,432,1106
810,1046,969,1046,969,1100,810,1100
235,1051,290,1051,290,1100,235,1100
1692,1171,2086,1171,2086,1232,1692,1232
377,1177,580,1177,580,1232,377,1232
646,1177,892,1177,892,1232,646,1232
920,1177,1319,1177,1319,1232,920,1232
1341,1177,1391,1177,1391,1232,1341,1232
1412,1177,1664,1177,1664,1232,1412,1232
312,1188,377,1188,377,1226,312,1226
1265,1265,1517,1265,1517,1325,1265,1325
657,1270,958,1270,958,1325,657,1325
980,1270,1171,1270,1171,1325,980,1325
1193,1270,1248,1270,1248,1325,1193,1325
1544,1270,1703,1270,1703,1319,1544,1319
531,1358,629,1358,629,1418,531,1418
1084,1358,1303,1358,1303,1418,1084,1418
306,1363,355,1363,355,1412,306,1412
377,1363,427,1363,427,1412,377,1412
640,1363,722,1363,722,1418,640,1418
744,1363,1056,1363,1056,1412,744,1412
1330,1363,1451,1363,1451,1418,1330,1418
531,1451,629,1451,629,1506,531,1506
640,1451,1062,1451,1062,1511,640,1511
1084,1451,1188,1451,1188,1506,1084,1506
1281,1451,1790,1451,1790,1511,1281,1511
1812,1451,2020,1451,2020,1511,1812,1511
2113,1451,2218,1451,2218,1506,2113,1506
306,1456,355,1456,355,1506,306,1506
377,1456,427,1456,427,1506,377,1506
1215,1456,1259,1456,1259,1506,1215,1506
2042,1456,2097,1456,2097,1506,2042,1506
821,1544,925,1544,925,1599,821,1599
947,1544,1051,1544,1051,1599,947,1599
1084,1544,1139,1544,1139,1599,1084,1599
1161,1544,1265,1544,1265,1604,1161,1604
1358,1544,1615,1544,1615,1604,1358,1604
1763,1544,1960,1544,1960,1599,1763,1599
1987,1544,2130,1544,2130,1599,1987,1599
306,1549,366,1549,366,1599,306,1599
377,1549,427,1549,427,1599,377,1599
531,1549,624,1549,624,1599,531,1599
646,1549,794,1549,794,1599,646,1599
1286,1549,1336,1549,1336,1604,1286,1604
1637,1549,1736,1549,1736,1599,1637,1599
651,1637,903,1637,903,1692,651,1692
925,1637,1024,1637,1024,1692,925,1692
1046,1637,1259,1637,1259,1692,1046,1692
1292,1637,1391,1637,1391,1692,1292,1692
1418,1637,1473,1637,1473,1697,1418,1697
1489,1637,1599,1637,1599,1697,1489,1697
706,1763,832,1763,832,1818,706,1818
854,1763,1095,1763,1095,1823,854,1823
1128,1763,1319,1763,1319,1818,1128,1818
1336,1763,1544,1763,1544,1829,1336,1829
1549,1763,1703,1763,1703,1823,1549,1823
1741,1763,1829,1763,1829,1818,1741,1818
1845,1763,2004,1763,2004,1818,1845,1818
843,1949,1089,1949,1089,2009,843,2009
235,1955,334,1955,334,2009,235,2009
449,1955,591,1955,591,2009,449,2009
618,1955,816,1955,816,2009,618,2009
1111,1955,1314,1955,1314,2009,1111,2009
1341,1955,1599,1955,1599,2009,1341,2009
1615,1955,1697,1955,1697,2004,1615,2004
388,1966,432,1966,432,2004,388,2004
454,2031,596,2031,596,2086,454,2086
618,2031,816,2031,816,2086,618,2086
843,2031,1089,2031,1089,2092,843,2092
1117,2031,1314,2031,1314,2086,1117,2086
1511,2031,1571,2031,1571,2086,1511,2086
388,2042,421,2042,421,2086,388,2086
1341,2037,1429,2037,1429,2086,1341,2086
1966,2809,2020,2809,2020,2842,1966,2842
2031,2809,2113,2809,2113,2842,2031,2842
2124,2809,2163,2809,2163,2842,2124,2842
2179,2809,2218,2809,2218,2842,2179,2842
240,2825,460,2825,460,2869,240,2869
744,2825,958,2825,958,2869,744,2869
1243,2825,1456,2825,1456,2869,1243,2869
1747,2831,1845,2831,1845,2869,1747,2869
963,2847,1078,2847,1078,2897,963,2897
1462,2847,1577,2847,1577,2897,1462,2897
1960,2847,2075,2847,2075,2897,1960,2897
465,2853,580,2853,580,2897,465,2897
388,2924,503,2924,503,2973,388,2973
618,2924,733,2924,733,2973,618,2973
251,2935,366,2935,366,2973,251,2973
251,3034,323,3034,323,3072,251,3072
355,3034,564,3034,564,3072,355,3072
564,3034,679,3034,679,3072,564,3072
1243,3028,1319,3028,1319,3072,1243,3072
257,3132,290,3132,290,3170,257,3170
317,3132,432,3132,432,3170,317,3170
509,3127,662,3127,662,3176,509,3176
684,3132,794,3132,794,3176,684,3176
810,3127,925,3127,925,3170,810,3170
941,3132,1013,3132,1013,3170,941,3170
1035,3127,1171,3127,1171,3176,1035,3176
1199,3127,1369,3127,1369,3176,1199,3176
1604,3138,1807,3138,1807,3170,1604,3170
1971,3138,2009,3138,2009,3170,1971,3170
1812,3143,1916,3143,1916,3170,1812,3170
1911,3143,1960,3143,1960,3176,1911,3176
246,3225,366,3225,366,3274,246,3274
761,3231,914,3231,914,3274,761,3274
1823,3225,2064,3225,2064,3274,1823,3274
366,3236,399,3236,399,3269,366,3269
427,3236,695,3236,695,3269,427,3269
941,3236,1204,3236,1204,3269,941,3269
1303,3236,1642,3236,1642,3274,1303,3274
1653,3242,1692,3242,1692,3269,1653,3269
1007,3318,1067,3318,1067,3357,1007,3357
1139,3318,1221,3318,1221,3362,1139,3362
1243,3313,1363,3313,1363,3362,1243,3362
1084,3324,1117,3324,1117,3357,1084,3357
1380,3324,1473,3324,1473,3362,1380,3362
