794,240,925,240,925,290,794,290
941,240,1067,240,1067,290,941,290
1089,240,1259,240,1259,290,1089,290
1276,240,1445,240,1445,290,1276,290
1500,240,1632,240,1632,290,1500,290
1648,240,1774,240,1774,290,1648,290
701,251,777,251,777,290,701,290
1467,251,1506,251,1506,290,1467,290
268,306,394,306,394,361,268,361
777,372,1686,372,1686,470,777,470
312,416,383,416,383,449,312,449
1998,427,2070,427,2070,443,1998,443
1998,449,2097,449,2097,492,1998,492
2097,443,2207,443,2207,487,2097,487
268,618,328,618,328,679,268,679
345,618,399,618,399,679,345,679
438,618,673,618,673,684,438,684
246,717,427,717,427,788,246,788
438,810,1024,810,1024,881,438,881
1544,810,1725,810,1725,881,1544,881
1747,810,1862,810,1862,870,1747,870
1894,810,2015,810,2015,881,1894,881
2042,810,2157,810,2157,881,2042,881
262,816,323,816,323,870,262,870
350,816,405,816,405,870,350,870
1046,816,1171,816,1171,870,1046,870
1193,816,1369,816,1369,876,1193,876
1396,816,1511,816,1511,876,1396,876
1254,920,2239,920,2239,980,1254,980
235,925,377,925,377,974,235,974
405,925,700,925,700,980,405,980
722,925,1013,925,1013,980,722,980
1040,925,1232,925,1232,980,1040,980
230,1002,394,1002,394,1056,230,1056
416,1002,564,1002,564,1056,416,1056
706,1002,898,1002,898,1056,706,1056
920,1002,1111,1002,1111,1062,920,1062
1133,1002,1232,1002,1232,1056,1133,1056
1254,1002,1402,1002,1402,1056,1254,1056
1544,1002,1686,1002,1686,1056,1544,1056
1708,1002,1801,1002,1801,1056,1708,1056
1829,1002,1971,1002,1971,1056,1829,1056
1993,1002,2146,1002,2146,1056,1993,1056
585,1007,684,1007,684,1062,585,1062
1423,1007,1522,1007,1522,1056,1423,1056
301,1161,454,1161,454,1215,301,1215
602,1161,755,1161,755,1221,602,1221
240,1171,284,1171,284,1215,240,1215
476,1166,580,1166,580,1221,476,1221
777,1166,881,1166,881,1221,777,1221
909,1166,1002,1166,1002,1221,909,1221
355,1243,454,1243,454,1297,355,1297
476,1243,624,1243,624,1297,476,1297
640,1243,744,1243,744,1297,640,1297
761,1243,903,1243,903,1297,761,1297
925,1243,1024,1243,1024,1297,925,1297
1046,1243,1462,1243,1462,1297,1046,1297
1484,1243,1911,1243,1911,1303,1484,1303
1933,1243,2228,1243,2228,1297,1933,1297
361,1325,558,1325,558,1380,361,1380
585,1325,837,1325,837,1380,585,1380
854,1325,1073,1325,1073,1380,854,1380
1106,1325,1254,1325,1254,1380,1106,1380
1276,1325,1380,1325,1380,1380,1276,1380
1407,1325,1506,1325,1506,1374,1407,1374
1527,1325,1779,1325,1779,1380,1527,1380
1807,1325,1998,1325,1998,1380,1807,1380
235,1489,273,1489,273,1538,235,1538
301,1484,465,1484,465,1538,301,1538
492,1484,591,1484,591,1533,492,1533
618,1484,766,1484,766,1538,618,1538
832,1484,1018,1484,1018,1538,832,1538
1007,1484,1385,1484,1385,1538,1007,1538
361,1560,503,1560,503,1615,361,1615
531,1560,985,1560,985,1615,531,1615
1013,1560,1259,1560,1259,1615,1013,1615
1286,1560,1434,1560,1434,1615,1286,1615
1462,1560,1708,1560,1708,1621,1462,1621
1736,1560,1834,1560,1834,1615,1736,1615
1856,1560,1960,1560,1960,1621,1856,1621
1982,1560,2108,1560,2108,1615,1982,1615
388,1642,531,1642,531,1697,388,1697
558,1642,602,1642,602,1697,558,1697
629,1642,1007,1642,1007,1697,629,1697
1029,1642,1506,1642,1506,1697,1029,1697
1533,1642,1911,1642,1911,1697,1533,1697
1933,1642,2207,1642,2207,1697,1933,1697
1363,1719,1560,1719,1560,1779,1363,1779
361,1725,503,1725,503,1779,361,1779
531,1725,848,1725,848,1779,531,1779
848,1730,881,1730,881,1774,848,1774
876,1725,985,1725,985,1779,876,1779
1013,1725,1161,1725,1161,1779,1013,1779
1188,1725,1336,1725,1336,1779,1188,1779
1588,1725,1686,1725,1686,1779,1588,1779
1708,1725,1834,1725,1834,1779,1708,1779
432,1960,925,1960,925,2020,432,2020
1144,1960,1292,1960,1292,2015,1144,2015
1315,1966,1422,1956,1427,2014,1321,2023
1440,1960,1593,1960,1593,2015,1440,2015
235,1966,334,1966,334,2015,235,2015
361,1971,399,1971,399,2015,361,2015
947,1966,1117,1966,1117,2015,947,2015
1621,1966,1719,1966,1719,2020,1621,2020
1741,1966,1840,1966,1840,2015,1741,2015
1867,1966,1955,1966,1955,2015,1867,2015
361,2048,399,2048,399,2097,361,2097
432,2042,580,2042,580,2097,432,2097
602,2042,701,2042,701,2097,602,2097
728,2042,1046,2042,1046,2097,728,2097
1073,2042,1122,2042,1122,2097,1073,2097
1144,2042,1566,2042,1566,2097,1144,2097
1593,2042,1692,2042,1692,2097,1593,2097
1714,2042,1966,2042,1966,2097,1714,2097
1987,2042,2081,2042,2081,2097,1987,2097
728,2119,1095,2119,1095,2179,728,2179
355,2124,399,2124,399,2174,355,2174
427,2124,580,2124,580,2174,427,2174
602,2124,706,2124,706,2179,602,2179
1122,2124,1544,2124,1544,2179,1122,2179
1566,2124,1664,2124,1664,2174,1566,2174
1692,2124,1944,2124,1944,2179,1692,2179
1960,2124,2053,2124,2053,2174,1960,2174
427,2201,591,2201,591,2256,427,2256
618,2201,1067,2201,1067,2261,618,2261
1089,2201,1193,2201,1193,2256,1089,2256
1221,2201,1467,2201,1467,2261,1221,2261
1495,2201,1593,2201,1593,2256,1495,2256
361,2212,399,2212,399,2256,361,2256
1621,2207,1725,2207,1725,2256,1621,2256
1785,2207,1840,2207,1840,2256,1785,2256
558,2793,684,2793,684,2842,558,2842
1073,2793,1193,2793,1193,2842,1073,2842
1276,2798,1506,2798,1506,2842,1276,2842
1588,2793,1714,2793,1714,2842,1588,2842
2190,2798,2228,2798,2228,2836,2190,2836
246,2804,312,2804,312,2836,246,2836
761,2804,826,2804,826,2836,761,2836
1796,2804,1867,2804,1867,2836,1796,2836
2103,2798,2185,2798,2185,2842,2103,2842
1040,2886,1128,2886,1128,2919,1040,2919
558,2897,684,2897,684,2946,558,2946
246,2908,345,2908,345,2946,246,2946
761,2908,826,2908,826,2946,761,2946
1100,2924,1133,2924,1133,2957,1100,2957
1133,2919,1177,2919,1177,2962,1133,2962
240,2995,366,2995,366,3044,240,3044
388,3105,870,3105,870,3159,388,3159
240,3110,323,3110,323,3159,240,3159
947,3110,1046,3110,1046,3159,947,3159
1270,3110,1352,3110,1352,3159,1270,3159
1056,3121,1171,3121,1171,3159,1056,3159
465,3181,662,3181,662,3231,465,3231
690,3187,810,3187,810,3236,690,3236
848,3187,1002,3187,1002,3231,848,3231
1035,3187,1106,3187,1106,3231,1035,3231
1029,3187,1369,3187,1369,3280,1029,3280
246,3214,284,3214,284,3247,246,3247
301,3209,405,3209,405,3253,301,3253
1380,3214,1517,3214,1517,3253,1380,3253
1637,3214,1725,3214,1725,3253,1637,3253
1538,3220,1626,3220,1626,3253,1538,3253
1741,3220,1785,3220,1785,3253,1741,3253
1801,3220,1845,3220,1845,3253,1801,3253
460,3225,580,3225,580,3274,460,3274
602,3231,1007,3231,1007,3274,602,3274
240,3280,323,3280,323,3329,240,3329
350,3280,399,3280,399,3324,350,3324
410,3280,514,3280,514,3329,410,3329
520,3285,602,3285,602,3329,520,3329
679,3280,783,3280,783,3329,679,3329
876,3280,969,3280,969,3329,876,3329
985,3285,1073,3285,1073,3324,985,3324
1193,3280,1495,3280,1495,3335,1193,3335
1829,3280,2037,3280,2037,3329,1829,3329
821,3291,865,3291,865,3324,821,3324
1511,3291,1555,3291,1555,3329,1511,3329
1571,3291,1615,3291,1615,3329,1571,3329
