268,306,394,306,394,361,268,361
722,470,892,470,892,520,722,520
914,470,1040,470,1040,520,914,520
1056,470,1265,470,1265,520,1056,520
1473,470,1812,470,1812,520,1473,520
1286,476,1456,476,1456,525,1286,525
2042,542,2212,542,2212,651,2042,651
826,613,1692,613,1692,701,826,701
2108,629,2278,629,2278,739,2108,739
295,722,427,722,427,772,295,772
492,783,722,783,722,843,492,843
246,788,416,788,416,843,246,843
240,854,421,854,421,920,240,920
240,925,301,925,301,980,240,980
361,925,421,925,421,974,361,974
492,925,607,925,607,980,492,980
635,925,980,925,980,985,635,985
985,925,1139,925,1139,985,985,985
1177,925,1314,925,1314,980,1177,980
1352,925,1500,925,1500,985,1352,985
1527,925,1703,925,1703,991,1527,991
1730,925,1862,925,1862,980,1730,980
1900,925,2020,925,2020,985,1900,985
2048,925,2283,925,2283,985,2048,985
312,1018,509,1018,509,1073,312,1073
240,1029,273,1029,273,1073,240,1073
383,1095,958,1095,958,1155,383,1155
1254,1095,1719,1095,1719,1155,1254,1155
1741,1095,1911,1095,1911,1150,1741,1150
1933,1095,2103,1095,2103,1150,1933,1150
2119,1095,2228,1095,2228,1150,2119,1150
284,1100,350,1100,350,1150,284,1150
952,1100,1046,1100,1046,1150,952,1150
1089,1100,1232,1100,1232,1150,1089,1150
284,1177,345,1177,345,1232,284,1232
377,1177,684,1177,684,1232,377,1232
679,1177,952,1177,952,1232,679,1232
947,1177,1007,1177,1007,1232,947,1232
1084,1177,1232,1177,1232,1232,1084,1232
1248,1177,1725,1177,1725,1232,1248,1232
1747,1177,1840,1177,1840,1232,1747,1232
1851,1177,2026,1177,2026,1232,1851,1232
2042,1177,2152,1177,2152,1226,2042,1226
284,1259,345,1259,345,1308,284,1308
383,1259,1040,1259,1040,1314,383,1314
1095,1259,1193,1259,1193,1308,1095,1308
1204,1259,1670,1259,1670,1314,1204,1314
1686,1259,1779,1259,1779,1314,1686,1314
1790,1259,1883,1259,1883,1308,1790,1308
1894,1259,1987,1259,1987,1314,1894,1314
1998,1259,2108,1259,2108,1308,1998,1308
230,1418,273,1418,273,1467,230,1467
312,1418,416,1418,416,1473,312,1473
438,1418,547,1418,547,1473,438,1473
591,1418,690,1418,690,1467,591,1467
717,1418,1073,1418,1073,1473,717,1473
1095,1418,1226,1418,1226,1467,1095,1467
1248,1418,1440,1418,1440,1473,1248,1473
1473,1418,1582,1418,1582,1467,1473,1467
1604,1418,1801,1418,1801,1473,1604,1473
1829,1418,2031,1418,2031,1473,1829,1473
2053,1418,2168,1418,2168,1467,2053,1467
2185,1418,2283,1418,2283,1467,2185,1467
438,1495,547,1495,547,1549,438,1549
570,1492,779,1498,777,1556,568,1549
876,1495,980,1495,980,1555,876,1555
980,1495,1193,1495,1193,1549,980,1549
1226,1495,1445,1495,1445,1555,1226,1555
1473,1495,1582,1495,1582,1549,1473,1549
1621,1495,1812,1495,1812,1549,1621,1549
1840,1495,1987,1495,1987,1549,1840,1549
2015,1495,2157,1495,2157,1549,2015,1549
306,1500,410,1500,410,1549,306,1549
799,1500,848,1500,848,1549,799,1549
2185,1500,2283,1500,2283,1549,2185,1549
312,1577,361,1577,361,1632,312,1632
383,1577,481,1577,481,1632,383,1632
509,1577,651,1577,651,1626,509,1626
673,1577,821,1577,821,1632,673,1632
843,1577,991,1577,991,1632,843,1632
1007,1577,1161,1577,1161,1632,1007,1632
1188,1577,1336,1577,1336,1632,1188,1632
1363,1577,1462,1577,1462,1632,1363,1632
1484,1577,1686,1577,1686,1632,1484,1632
1708,1577,2070,1577,2070,1632,1708,1632
2092,1577,2256,1577,2256,1632,2092,1632
1314,1757,1374,1757,1374,1812,1314,1812
284,1889,350,1889,350,1938,284,1938
383,1889,492,1889,492,1938,383,1938
514,1889,772,1889,772,1944,514,1944
777,1894,821,1894,821,1938,777,1938
832,1900,936,1900,936,1944,832,1944
1215,1982,1412,1982,1412,2037,1215,2037
591,1987,717,1987,717,2037,591,2037
1035,1987,1117,1987,1117,2031,1035,2031
1768,1987,1938,1987,1938,2037,1768,2037
1276,2103,1385,2103,1385,2152,1276,2152
837,2108,914,2108,914,2157,837,2157
1018,2108,1128,2108,1128,2152,1018,2152
1243,2113,1265,2113,1265,2146,1243,2146
438,2157,536,2157,536,2207,438,2207
547,2157,668,2157,668,2207,547,2207
443,2218,596,2218,596,2261,443,2261
607,2218,679,2218,679,2256,607,2256
843,2267,914,2267,914,2305,843,2305
1018,2261,1128,2261,1128,2311,1018,2311
1259,2261,1363,2261,1363,2311,1259,2311
1511,2283,1621,2283,1621,2333,1511,2333
1637,2283,1872,2283,1872,2333,1637,2333
1511,2349,1703,2349,1703,2398,1511,2398
1555,2415,1664,2415,1664,2464,1555,2464
1681,2415,1796,2415,1796,2458,1681,2458
1807,2415,1966,2415,1966,2464,1807,2464
1971,2415,2053,2415,2053,2464,1971,2464
2081,2415,2250,2415,2250,2464,2081,2464
345,2426,443,2426,443,2469,345,2469
454,2426,624,2426,624,2475,454,2475
640,2426,766,2426,766,2475,640,2475
837,2458,914,2458,914,2497,837,2497
1029,2458,1128,2458,1128,2497,1029,2497
1281,2453,1385,2453,1385,2497,1281,2497
443,2486,531,2486,531,2530,443,2530
613,2486,679,2486,679,2524,613,2524
1555,2486,1664,2486,1664,2530,1555,2530
1675,2480,1763,2480,1763,2530,1675,2530
531,2491,596,2491,596,2530,531,2530
1675,2546,1889,2546,1889,2595,1675,2595
1903,2552,2058,2544,2061,2597,1906,2604
1555,2552,1664,2552,1664,2595,1555,2595
2075,2552,2185,2552,2185,2595,2075,2595
1511,2617,1681,2617,1681,2661,1511,2661
438,2645,536,2645,536,2694,438,2694
547,2645,668,2645,668,2694,547,2694
837,2672,920,2672,920,2721,837,2721
1018,2672,1128,2672,1128,2721,1018,2721
1281,2672,1385,2672,1385,2721,1281,2721
1511,2683,1642,2683,1642,2732,1511,2732
1659,2683,1741,2683,1741,2732,1659,2732
443,2705,531,2705,531,2749,443,2749
531,2710,596,2710,596,2749,531,2749
613,2710,651,2710,651,2749,613,2749
651,2710,679,2710,679,2743,651,2743
1522,2754,1747,2754,1747,2798,1522,2798
1763,2749,1889,2749,1889,2793,1763,2793
1911,2749,1993,2749,1993,2798,1911,2798
547,2864,668,2864,668,2913,547,2913
438,2869,536,2869,536,2913,438,2913
832,2891,914,2891,914,2940,832,2940
1018,2897,1128,2897,1128,2940,1018,2940
1254,2897,1363,2897,1363,2940,1254,2940
443,2924,596,2924,596,2968,443,2968
607,2924,679,2924,679,2968,607,2968
394,3061,481,3061,481,3110,394,3110
498,3061,640,3061,640,3110,498,3110
651,3061,750,3061,750,3110,651,3110
744,3061,925,3061,925,3110,744,3110
339,3072,372,3072,372,3105,339,3105
