268,306,394,306,394,361,268,361
1391,366,1538,366,1538,410,1391,410
996,372,1067,372,1067,410,996,410
1073,372,1111,372,1111,405,1073,405
1128,372,1204,372,1204,410,1128,410
1215,366,1369,366,1369,410,1215,410
268,503,465,503,465,547,268,547
783,498,1747,498,1747,580,783,580
284,553,449,553,449,585,284,585
410,728,607,728,607,788,410,788
246,733,345,733,345,783,246,783
246,810,394,810,394,870,246,870
246,892,345,892,345,947,246,947
432,892,657,892,657,952,432,952
684,892,832,892,832,947,684,947
859,892,1056,892,1056,947,859,947
1078,892,1330,892,1330,952,1078,952
1358,892,1456,892,1456,947,1358,947
1484,888,1639,895,1637,954,1482,947
1686,892,1779,892,1779,947,1686,947
1807,892,1911,892,1911,947,1807,947
1933,892,2031,892,2031,947,1933,947
312,1013,438,1013,438,1067,312,1067
460,1013,952,1013,952,1067,460,1067
985,1013,1062,1013,1062,1067,985,1067
1078,1013,1161,1013,1161,1067,1078,1067
240,1024,273,1024,273,1062,240,1062
328,1089,525,1089,525,1150,328,1150
547,1089,690,1089,690,1150,547,1150
717,1089,909,1089,909,1150,717,1150
925,1089,1177,1089,1177,1150,925,1150
2059,1089,2261,1089,2261,1150,2059,1150
240,1100,273,1100,273,1144,240,1144
1199,1095,1292,1095,1292,1144,1199,1144
1319,1095,1462,1095,1462,1150,1319,1150
1489,1095,1582,1095,1582,1150,1489,1150
1604,1095,1747,1095,1747,1150,1604,1150
1768,1095,1916,1095,1916,1150,1768,1150
1938,1095,2037,1095,2037,1150,1938,1150
312,1177,410,1177,410,1226,312,1226
438,1177,684,1177,684,1232,438,1232
706,1177,958,1177,958,1232,706,1232
985,1177,1144,1177,1144,1232,985,1232
284,1314,355,1314,355,1369,284,1369
383,1314,558,1314,558,1369,383,1369
607,1314,805,1314,805,1369,607,1369
837,1314,980,1314,980,1369,837,1369
1013,1314,1204,1314,1204,1369,1013,1369
1232,1314,1484,1314,1484,1369,1232,1369
1511,1314,1604,1314,1604,1369,1511,1369
1637,1314,1790,1314,1790,1369,1637,1369
284,1396,345,1396,345,1451,284,1451
383,1396,509,1396,509,1451,383,1451
531,1396,657,1396,657,1451,531,1451
854,1396,963,1396,963,1451,854,1451
985,1396,1117,1396,1117,1451,985,1451
1182,1396,1314,1396,1314,1451,1182,1451
1336,1396,1511,1396,1511,1451,1336,1451
684,1402,761,1402,761,1451,684,1451
783,1402,859,1402,859,1451,783,1451
1232,1478,1385,1478,1385,1538,1232,1538
284,1484,345,1484,345,1533,284,1533
383,1484,509,1484,509,1538,383,1538
536,1484,684,1484,684,1538,536,1538
706,1484,816,1484,816,1538,706,1538
832,1484,1035,1484,1035,1538,832,1538
1056,1484,1210,1484,1210,1538,1056,1538
1407,1484,1604,1484,1604,1538,1407,1538
284,1566,345,1566,345,1621,284,1621
383,1566,607,1566,607,1621,383,1621
635,1566,881,1566,881,1621,635,1621
909,1566,958,1566,958,1621,909,1621
985,1566,1385,1566,1385,1621,985,1621
1407,1566,1533,1566,1533,1621,1407,1621
235,1736,334,1736,334,1790,235,1790
481,1736,673,1736,673,1790,481,1790
701,1736,843,1736,843,1790,701,1790
870,1736,1062,1736,1062,1790,870,1790
1084,1736,1336,1736,1336,1790,1084,1790
1358,1736,1456,1736,1456,1790,1358,1790
1478,1736,1632,1736,1632,1796,1478,1796
1648,1736,1747,1736,1747,1790,1648,1790
1768,1736,1872,1736,1872,1790,1768,1790
1900,1736,1982,1736,1982,1790,1900,1790
388,1747,427,1747,427,1785,388,1785
454,1818,679,1818,679,1878,454,1878
701,1818,843,1818,843,1878,701,1878
1084,1818,1336,1818,1336,1878,1084,1878
1358,1818,1456,1818,1456,1872,1358,1872
1478,1818,1632,1818,1632,1878,1478,1878
1648,1818,1851,1818,1851,1878,1648,1878
1872,1818,1977,1818,1977,1878,1872,1878
388,1829,421,1829,421,1872,388,1872
870,1823,1062,1823,1062,1878,870,1878
1998,1823,2086,1823,2086,1878,1998,1878
454,1899,675,1906,673,1964,453,1957
388,1911,427,1911,427,1960,388,1960
701,1905,848,1905,848,1960,701,1960
870,1905,1062,1905,1062,1960,870,1960
1084,1905,1336,1905,1336,1960,1084,1960
1358,1905,1456,1905,1456,1960,1358,1960
1478,1905,1632,1905,1632,1960,1478,1960
1648,1905,1851,1905,1851,1960,1648,1960
1872,1905,1960,1905,1960,1960,1872,1960
2020,1905,2081,1905,2081,1960,2020,1960
2048,2798,2124,2798,2124,2831,2048,2831
2135,2798,2185,2798,2185,2831,2135,2831
2185,2798,2223,2798,2223,2831,2185,2831
509,2804,635,2804,635,2853,509,2853
1013,2804,1139,2804,1139,2853,1013,2853
1533,2804,1659,2804,1659,2853,1533,2853
251,2814,355,2814,355,2853,251,2853
750,2814,952,2814,952,2853,750,2853
1265,2814,1462,2814,1462,2853,1265,2853
1790,2814,1856,2814,1856,2853,1790,2853
2048,2836,2174,2836,2174,2886,2048,2886
251,2935,366,2935,366,2973,251,2973
251,3006,334,3006,334,3055,251,3055
361,3012,651,3012,651,3055,361,3055
1319,3012,1396,3012,1396,3050,1319,3050
518,3072,733,3063,735,3117,520,3126
755,3066,837,3066,837,3121,755,3121
865,3066,1182,3066,1182,3121,865,3121
1204,3066,1473,3066,1473,3121,1204,3121
1506,3072,1593,3072,1593,3121,1506,3121
312,3099,427,3099,427,3143,312,3143
1648,3105,1796,3105,1796,3149,1648,3149
519,3124,854,3118,855,3170,520,3177
1840,3187,2146,3187,2146,3242,1840,3242
251,3198,339,3198,339,3236,251,3236
350,3192,427,3192,427,3236,350,3236
438,3198,613,3198,613,3236,438,3236
772,3192,881,3192,881,3236,772,3236
903,3192,985,3192,985,3236,903,3236
991,3198,1073,3198,1073,3236,991,3236
1067,3192,1166,3192,1166,3236,1067,3236
1265,3198,1478,3198,1478,3242,1265,3242
1495,3198,1604,3198,1604,3236,1495,3236
1618,3203,1724,3195,1727,3236,1621,3243
