268,306,394,306,394,361,268,361
980,366,1095,366,1095,410,980,410
1117,372,1292,372,1292,410,1117,410
1319,372,1434,372,1434,410,1319,410
1456,372,1588,372,1588,410,1456,410
903,503,1642,503,1642,580,903,580
410,728,607,728,607,788,410,788
251,733,345,733,345,783,251,783
246,810,394,810,394,865,246,865
246,892,345,892,345,947,246,947
536,892,1380,892,1380,952,536,952
1407,892,1555,892,1555,947,1407,947
1588,892,1681,892,1681,947,1588,947
1708,892,1807,892,1807,947,1708,947
1834,892,1933,892,1933,947,1834,947
1960,892,2059,892,2059,947,1960,947
405,898,514,898,514,947,405,947
312,1013,432,1013,432,1067,312,1067
460,1013,832,1013,832,1067,460,1067
832,1013,1122,1013,1122,1067,832,1067
1133,1013,1237,1013,1237,1067,1133,1067
240,1024,268,1024,268,1062,240,1062
432,1089,1281,1089,1281,1150,432,1150
1308,1089,1456,1089,1456,1144,1308,1144
1610,1089,1757,1089,1757,1150,1610,1150
1785,1089,1938,1089,1938,1150,1785,1150
1960,1089,2059,1089,2059,1150,1960,1150
2079,1095,2282,1085,2285,1144,2082,1154
240,1100,273,1100,273,1144,240,1144
306,1095,416,1095,416,1144,306,1144
1484,1095,1582,1095,1582,1150,1484,1150
312,1171,410,1171,410,1226,312,1226
410,1171,558,1171,558,1226,410,1226
585,1171,744,1171,744,1226,585,1226
284,1254,355,1254,355,1308,284,1308
388,1254,481,1254,481,1308,388,1308
405,1330,509,1330,509,1385,405,1385
980,1330,1084,1330,1084,1391,980,1391
1111,1330,1391,1330,1391,1385,1111,1385
334,1336,394,1336,394,1385,334,1385
531,1336,684,1336,684,1385,531,1385
706,1336,837,1336,837,1385,706,1385
832,1336,985,1336,985,1385,832,1385
334,1412,388,1412,388,1467,334,1467
410,1412,498,1412,498,1467,410,1467
536,1412,733,1412,733,1467,536,1467
755,1412,1024,1412,1024,1467,755,1467
1029,1412,1133,1412,1133,1467,1029,1467
1161,1412,1440,1412,1440,1467,1161,1467
531,1489,881,1489,881,1549,531,1549
1007,1489,1385,1489,1385,1549,1007,1549
284,1495,345,1495,345,1544,284,1544
383,1495,509,1495,509,1549,383,1549
903,1495,985,1495,985,1549,903,1549
1407,1495,1456,1495,1456,1544,1407,1544
1484,1495,1582,1495,1582,1549,1484,1549
1610,1495,1736,1495,1736,1549,1610,1549
284,1571,345,1571,345,1626,284,1626
383,1571,509,1571,509,1626,383,1626
536,1571,783,1571,783,1626,536,1626
810,1571,909,1571,909,1626,810,1626
931,1571,1035,1571,1035,1626,931,1626
284,1653,345,1653,345,1703,284,1703
383,1653,481,1653,481,1708,383,1708
388,1730,536,1730,536,1785,388,1785
558,1730,783,1730,783,1790,558,1790
936,1730,1062,1730,1062,1790,936,1790
810,1736,903,1736,903,1785,810,1785
383,1812,536,1812,536,1867,383,1867
558,1812,607,1812,607,1867,558,1867
635,1812,733,1812,733,1867,635,1867
755,1812,909,1812,909,1867,755,1867
931,1812,1166,1812,1166,1867,931,1867
1182,1812,1286,1812,1286,1867,1182,1867
1308,1812,1434,1812,1434,1867,1308,1867
387,1895,634,1886,636,1943,389,1952
958,1889,1166,1889,1166,1949,958,1949
1484,1889,1692,1889,1692,1949,1484,1949
1834,1889,2059,1889,2059,1949,1834,1949
657,1894,810,1894,810,1949,657,1949
837,1894,931,1894,931,1944,837,1944
1188,1894,1341,1894,1341,1949,1188,1949
1385,1894,1467,1894,1467,1944,1385,1944
1730,1894,1812,1894,1812,1949,1730,1949
235,2053,334,2053,334,2108,235,2108
454,2053,564,2053,564,2108,454,2108
585,2053,1429,2053,1429,2108,585,2108
1456,2053,1610,2053,1610,2108,1456,2108
1632,2053,1730,2053,1730,2108,1632,2108
1757,2053,1862,2053,1862,2108,1757,2108
1883,2053,1971,2053,1971,2108,1883,2108
394,2064,432,2064,432,2103,394,2103
585,2130,1429,2130,1429,2190,585,2190
1456,2130,1610,2130,1610,2190,1456,2190
1632,2130,1736,2130,1736,2190,1632,2190
1757,2130,1977,2130,1977,2190,1757,2190
2031,2130,2092,2130,2092,2190,2031,2190
388,2141,421,2141,421,2185,388,2185
454,2135,564,2135,564,2185,454,2185
1265,2847,1500,2847,1500,2886,1265,2886
2053,2853,2130,2853,2130,2886,2053,2886
2141,2853,2179,2853,2179,2886,2141,2886
2185,2853,2228,2853,2228,2886,2185,2886
503,2858,629,2858,629,2908,503,2908
1013,2858,1139,2858,1139,2908,1013,2908
1538,2858,1664,2858,1664,2908,1538,2908
750,2869,848,2869,848,2908,750,2908
1790,2869,1894,2869,1894,2908,1790,2908
251,2875,350,2875,350,2908,251,2908
2053,2886,2179,2886,2179,2935,2053,2935
1265,2897,1297,2897,1297,2929,1265,2929
246,2990,355,2990,355,3028,246,3028
350,3055,602,3055,602,3110,350,3110
602,3055,772,3055,772,3105,602,3105
1314,3055,1396,3055,1396,3105,1314,3105
246,3061,328,3061,328,3105,246,3105
251,3132,284,3132,284,3170,251,3170
312,3127,421,3127,421,3170,312,3170
514,3127,646,3127,646,3176,514,3176
657,3127,788,3127,788,3170,657,3170
805,3127,931,3127,931,3170,805,3170
952,3127,1078,3127,1078,3170,952,3170
1100,3132,1188,3132,1188,3170,1100,3170
1648,3132,1757,3132,1757,3176,1648,3176
1779,3138,1867,3138,1867,3170,1779,3170
1878,3138,1987,3138,1987,3176,1878,3176
2004,3138,2048,3138,2048,3170,2004,3170
772,3187,881,3187,881,3236,772,3236
1872,3187,2108,3187,2108,3242,1872,3242
246,3192,328,3192,328,3236,246,3236
345,3192,421,3192,421,3236,345,3236
432,3198,607,3198,607,3236,432,3236
898,3192,991,3192,991,3236,898,3236
1002,3192,1100,3192,1100,3236,1002,3236
1281,3192,1500,3192,1500,3242,1281,3242
1517,3203,1621,3203,1621,3242,1517,3242
816,3264,936,3264,936,3313,816,3313
947,3264,1106,3264,1106,3313,947,3313
1133,3264,1402,3264,1402,3313,1133,3313
1423,3274,1571,3274,1571,3313,1423,3313
1593,3274,1708,3274,1708,3313,1593,3313
