0 0.4459677419354839 0.07717546362339515 0.10161290322580645 0.013980028530670471
0 0.51875 0.07788873038516406 0.031048387096774193 0.012553495007132667
0 0.3707661290322581 0.07874465049928674 0.03508064516129032 0.010841654778887305
0 0.5540322580645162 0.07788873038516406 0.03064516129032258 0.012553495007132667
0 0.6092741935483871 0.07874465049928674 0.062096774193548386 0.010841654778887305
0 0.1338709677419355 0.09429386590584879 0.05161290322580645 0.015121255349500713
0 0.4028225806451613 0.12239657631954351 0.07741935483870968 0.023395149786019972
0 0.5175403225806452 0.12239657631954351 0.07298387096774193 0.023395149786019972
0 0.6203629032258065 0.12325249643366619 0.031048387096774193 0.02168330955777461
0 0.12016129032258065 0.14436519258202568 0.02903225806451613 0.014265335235378032
0 0.16653225806451613 0.14664764621968615 0.05967741935483871 0.018830242510699
0 0.1941532258064516 0.18502139800285305 0.07943548387096774 0.017403708987161197
0 0.11915322580645162 0.18587731811697575 0.039919354838709675 0.015691868758915834
0 0.12681451612903225 0.20927246790299572 0.05524193548387097 0.015691868758915834
0 0.21633064516129033 0.23195435092724678 0.07943548387096774 0.017118402282453638
0 0.36532258064516127 0.23195435092724678 0.1967741935483871 0.017118402282453638
0 0.5131048387096774 0.23109843081312412 0.08185483870967741 0.015406562054208274
0 0.592741935483871 0.23109843081312412 0.041935483870967745 0.015406562054208274
0 0.11915322580645162 0.231811697574893 0.039919354838709675 0.013980028530670471
0 0.1497983870967742 0.2607703281027104 0.09717741935483871 0.015406562054208274
0 0.2923387096774194 0.2607703281027104 0.16129032258064516 0.015406562054208274
0 0.392741935483871 0.2607703281027104 0.017741935483870968 0.015406562054208274
0 0.44475806451612904 0.2607703281027104 0.05967741935483871 0.015406562054208274
0 0.51875 0.2607703281027104 0.06169354838709677 0.015406562054208274
0 0.5981854838709677 0.2607703281027104 0.07056451612903226 0.015406562054208274
0 0.6766129032258065 0.2607703281027104 0.05967741935483871 0.015406562054208274
0 0.7582661290322581 0.2607703281027104 0.08185483870967741 0.015406562054208274
0 0.8310483870967742 0.2607703281027104 0.041935483870967745 0.015406562054208274
0 0.8830645161290323 0.2607703281027104 0.03951612903225806 0.015406562054208274
0 0.6721774193548387 0.2834522111269615 0.21854838709677418 0.017403708987161197
0 0.15201612903225806 0.28430813124108417 0.10161290322580645 0.015691868758915834
0 0.2439516129032258 0.28430813124108417 0.05967741935483871 0.015691868758915834
0 0.3243951612903226 0.28430813124108417 0.07943548387096774 0.015691868758915834
0 0.4183467741935484 0.28430813124108417 0.08588709677419355 0.015691868758915834
0 0.5133064516129032 0.28430813124108417 0.07741935483870968 0.015691868758915834
0 0.8213709677419355 0.28430813124108417 0.05725806451612903 0.015691868758915834
0 0.8820564516129032 0.28430813124108417 0.0375 0.015691868758915834
0 0.1443548387096774 0.30699001426533523 0.041935483870967745 0.017118402282453638
0 0.24495967741935484 0.30699001426533523 0.14153225806451614 0.017118402282453638
0 0.35866935483870965 0.30613409415121257 0.06411290322580646 0.015406562054208274
0 0.10584677419354839 0.3068473609129814 0.02217741935483871 0.013980028530670471
0 0.7616935483870968 0.3427960057061341 0.1588709677419355 0.017403708987161197
0 0.19294354838709676 0.3436519258202568 0.08185483870967741 0.015691868758915834
0 0.3100806451612903 0.3436519258202568 0.09919354838709678 0.015691868758915834
0 0.45141129032258065 0.3436519258202568 0.16088709677419355 0.015691868758915834
0 0.5508064516129032 0.3436519258202568 0.020161290322580645 0.015691868758915834
0 0.6201612903225806 0.3436519258202568 0.10161290322580645 0.015691868758915834
0 0.13891129032258065 0.3443651925820257 0.02620967741935484 0.010841654778887305
0 0.5608870967741936 0.369472182596291 0.10161290322580645 0.017118402282453638
0 0.32560483870967744 0.3701854493580599 0.12137096774193548 0.015691868758915834
0 0.43366935483870966 0.3701854493580599 0.07701612903225806 0.015691868758915834
0 0.49213709677419354 0.3701854493580599 0.02217741935483871 0.015691868758915834
0 0.6546370967741936 0.36932952924393725 0.06411290322580646 0.013980028530670471
0 0.23387096774193547 0.39600570613409414 0.03951612903225806 0.017118402282453638
0 0.48125 0.39600570613409414 0.08830645161290322 0.017118402282453638
0 0.13326612903225807 0.3958630527817404 0.01975806451612903 0.013980028530670471
0 0.1620967741935484 0.3958630527817404 0.020161290322580645 0.013980028530670471
0 0.2745967741935484 0.39671897289586305 0.03306451612903226 0.015691868758915834
0 0.3629032258064516 0.3958630527817404 0.12580645161290321 0.013980028530670471
0 0.5606854838709677 0.39671897289586305 0.04879032258064516 0.015691868758915834
0 0.23387096774193547 0.42182596291012836 0.03951612903225806 0.015691868758915834
0 0.3431451612903226 0.4225392296718973 0.17016129032258065 0.017118402282453638
0 0.45806451612903226 0.42182596291012836 0.041935483870967745 0.015691868758915834
0 0.6191532258064516 0.4225392296718973 0.20524193548387096 0.017118402282453638
0 0.7725806451612903 0.4225392296718973 0.08387096774193549 0.017118402282453638
0 0.8731854838709677 0.42182596291012836 0.04233870967741935 0.015691868758915834
0 0.13326612903225807 0.4225392296718973 0.01975806451612903 0.014265335235378032
0 0.1620967741935484 0.4225392296718973 0.020161290322580645 0.014265335235378032
0 0.49879032258064515 0.4225392296718973 0.017741935483870968 0.014265335235378032
0 0.8344758064516129 0.4225392296718973 0.02217741935483871 0.014265335235378032
0 0.35201612903225804 0.4483594864479315 0.041935483870967745 0.015691868758915834
0 0.4028225806451613 0.4483594864479315 0.041935483870967745 0.015691868758915834
0 0.44818548387096774 0.4483594864479315 0.02217741935483871 0.015691868758915834
0 0.4891129032258065 0.4490727532097004 0.041935483870967745 0.017118402282453638
0 0.5993951612903226 0.4490727532097004 0.10362903225806451 0.017118402282453638
0 0.7506048387096774 0.4483594864479315 0.07943548387096774 0.015691868758915834
0 0.8300403225806452 0.4483594864479315 0.05766129032258065 0.015691868758915834
0 0.13548387096774195 0.4490727532097004 0.024193548387096774 0.014265335235378032
0 0.1620967741935484 0.4490727532097004 0.020161290322580645 0.014265335235378032
0 0.23286290322580644 0.4490727532097004 0.0375 0.014265335235378032
0 0.2903225806451613 0.4490727532097004 0.05967741935483871 0.014265335235378032
0 0.5286290322580646 0.44978601997146933 0.020161290322580645 0.015691868758915834
0 0.6800403225806452 0.4490727532097004 0.039919354838709675 0.014265335235378032
0 0.3133064516129032 0.47489300998573464 0.10161290322580645 0.015691868758915834
0 0.3929435483870968 0.47489300998573464 0.039919354838709675 0.015691868758915834
0 0.4647177419354839 0.47489300998573464 0.08588709677419355 0.015691868758915834
0 0.5409274193548387 0.47489300998573464 0.039919354838709675 0.015691868758915834
0 0.5828629032258065 0.47560627674750355 0.02217741935483871 0.017118402282453638
0 0.6225806451612903 0.47560627674750355 0.04435483870967742 0.017118402282453638
0 0.3100806451612903 0.5108416547788873 0.050806451612903224 0.015691868758915834
0 0.3929435483870968 0.5115549215406562 0.09717741935483871 0.017118402282453638
0 0.4933467741935484 0.5108416547788873 0.07701612903225806 0.015691868758915834
0 0.5806451612903226 0.5124108416547789 0.08387096774193549 0.018830242510699
0 0.6556451612903226 0.5115549215406562 0.062096774193548386 0.017118402282453638
0 0.719758064516129 0.5108416547788873 0.035483870967741936 0.015691868758915834
0 0.776008064516129 0.5108416547788873 0.06411290322580646 0.015691868758915834
0 0.3895161290322581 0.5646219686162625 0.09919354838709678 0.017118402282453638
0 0.11471774193548387 0.5654778887303852 0.039919354838709675 0.015406562054208274
0 0.20967741935483872 0.5654778887303852 0.05725806451612903 0.015406562054208274
0 0.28911290322580646 0.5654778887303852 0.07983870967741935 0.015406562054208274
0 0.4889112903225806 0.5654778887303852 0.08185483870967741 0.015406562054208274
0 0.592741935483871 0.5654778887303852 0.10403225806451613 0.015406562054208274
0 0.667741935483871 0.5647646219686162 0.03306451612903226 0.013980028530670471
0 0.16532258064516128 0.5663338088445078 0.017741935483870968 0.010841654778887305
0 0.21169354838709678 0.5873038516405136 0.05725806451612903 0.015691868758915834
0 0.28911290322580646 0.5873038516405136 0.07983870967741935 0.015691868758915834
0 0.3895161290322581 0.5881597717546362 0.09919354838709678 0.017403708987161197
0 0.4901209677419355 0.5873038516405136 0.07943548387096774 0.015691868758915834
0 0.6213709677419355 0.5873038516405136 0.024193548387096774 0.015691868758915834
0 0.16310483870967743 0.5888730385164052 0.013306451612903225 0.012553495007132667
0 0.5584677419354839 0.5881597717546362 0.035483870967741936 0.013980028530670471
0 0.8036290322580645 0.8061340941512125 0.021774193548387097 0.0094151212553495
0 0.8354838709677419 0.8061340941512125 0.03306451612903226 0.0094151212553495
0 0.8643145161290322 0.8061340941512125 0.015725806451612902 0.0094151212553495
0 0.886491935483871 0.8061340941512125 0.015725806451612902 0.0094151212553495
0 0.14112903225806453 0.8122681883024251 0.08870967741935484 0.012553495007132667
0 0.3431451612903226 0.8122681883024251 0.08629032258064516 0.012553495007132667
0 0.5441532258064516 0.8122681883024251 0.08588709677419355 0.012553495007132667
0 0.7241935483870968 0.8131241084165478 0.03951612903225806 0.010841654778887305
0 0.411491935483871 0.8194008559201141 0.046370967741935484 0.014265335235378032
0 0.6127016129032258 0.8194008559201141 0.046370967741935484 0.014265335235378032
0 0.813508064516129 0.8194008559201141 0.046370967741935484 0.014265335235378032
0 0.21068548387096775 0.8202567760342367 0.046370967741935484 0.012553495007132667
0 0.17963709677419354 0.8412268188302425 0.046370967741935484 0.013980028530670471
0 0.27237903225806454 0.8412268188302425 0.046370967741935484 0.013980028530670471
0 0.12439516129032258 0.8427960057061341 0.046370967741935484 0.010841654778887305
0 0.1157258064516129 0.8710413694721826 0.02903225806451613 0.010841654778887305
0 0.18528225806451612 0.8710413694721826 0.0842741935483871 0.010841654778887305
0 0.2506048387096774 0.8710413694721826 0.046370967741935484 0.010841654778887305
0 0.5165322580645161 0.8701854493580599 0.03064516129032258 0.012553495007132667
0 0.11028225806451612 0.8990014265335236 0.013306451612903225 0.010841654778887305
0 0.15100806451612903 0.8990014265335236 0.046370967741935484 0.010841654778887305
0 0.23608870967741935 0.8991440798858773 0.06169354838709677 0.013980028530670471
0 0.2979838709677419 0.8998573466476462 0.04435483870967742 0.012553495007132667
0 0.3497983870967742 0.8982881597717546 0.046370967741935484 0.012268188302425107
0 0.3939516129032258 0.8990014265335236 0.02903225806451613 0.010841654778887305
0 0.44475806451612904 0.8991440798858773 0.054838709677419356 0.013980028530670471
0 0.5177419354838709 0.8991440798858773 0.06854838709677419 0.013980028530670471
0 0.6877016129032258 0.8998573466476462 0.08185483870967741 0.00912981455064194
0 0.8024193548387096 0.8998573466476462 0.01532258064516129 0.00912981455064194
0 0.7516129032258064 0.9005706134094151 0.041935483870967745 0.007703281027104137
0 0.7804435483870967 0.9014265335235377 0.01975806451612903 0.0094151212553495
0 0.12338709677419354 0.9271041369472183 0.04838709677419355 0.013980028530670471
0 0.3377016129032258 0.9279600570613409 0.06169354838709677 0.012268188302425107
0 0.7836693548387097 0.9271041369472183 0.09717741935483871 0.013980028530670471
0 0.15423387096774194 0.9279600570613409 0.013306451612903225 0.0094151212553495
0 0.22620967741935483 0.9279600570613409 0.10806451612903226 0.0094151212553495
0 0.4324596774193548 0.9279600570613409 0.1060483870967742 0.0094151212553495
0 0.59375 0.9286733238231099 0.13669354838709677 0.010841654778887305
0 0.6743951612903226 0.9288159771754636 0.015725806451612902 0.007703281027104137
0 0.4181451612903226 0.9522111269614836 0.024193548387096774 0.011126961483594865
0 0.47580645161290325 0.9529243937232524 0.03306451612903226 0.012553495007132667
0 0.5254032258064516 0.9522111269614836 0.04838709677419355 0.013980028530670471
0 0.44375 0.9530670470756063 0.013306451612903225 0.0094151212553495
0 0.5752016129032258 0.9537803138373752 0.0375 0.010841654778887305
