0 0.13346774193548386 0.09514978601997147 0.050806451612903224 0.015691868758915834
0 0.4183467741935484 0.11069900142653352 0.046370967741935484 0.012553495007132667
0 0.4856854838709677 0.1115549215406562 0.07056451612903226 0.010841654778887305
0 0.5550403225806452 0.1115549215406562 0.046370967741935484 0.010841654778887305
0 0.6137096774193549 0.1115549215406562 0.0532258064516129 0.010841654778887305
0 0.5131048387096774 0.1544935805991441 0.2979838709677419 0.021968616262482168
0 0.20504032258064517 0.21626248216833097 0.07943548387096774 0.017118402282453638
0 0.12016129032258065 0.21626248216833097 0.03790322580645161 0.014265335235378032
0 0.12903225806451613 0.23894436519258203 0.05967741935483871 0.015691868758915834
0 0.11915322580645162 0.262339514978602 0.039919354838709675 0.015691868758915834
0 0.20625 0.262339514978602 0.08185483870967741 0.015691868758915834
0 0.27580645161290324 0.262339514978602 0.03951612903225806 0.015691868758915834
0 0.32661290322580644 0.262339514978602 0.03951612903225806 0.015691868758915834
0 0.38629032258064516 0.262339514978602 0.062096774193548386 0.015691868758915834
0 0.13568548387096774 0.2967189728958631 0.08185483870967741 0.015406562054208274
0 0.20403225806451614 0.2967189728958631 0.041935483870967745 0.015406562054208274
0 0.2558467741935484 0.2967189728958631 0.039919354838709675 0.015406562054208274
0 0.3254032258064516 0.2967189728958631 0.07741935483870968 0.015406562054208274
0 0.40725806451612906 0.2967189728958631 0.05967741935483871 0.015406562054208274
0 0.4679435483870968 0.2967189728958631 0.039919354838709675 0.015406562054208274
0 0.5475806451612903 0.2967189728958631 0.10161290322580645 0.015406562054208274
0 0.6413306451612903 0.2967189728958631 0.06411290322580646 0.015406562054208274
0 0.43709677419354837 0.31940085592011414 0.04435483870967742 0.017403708987161197
0 0.5883064516129032 0.31940085592011414 0.0814516129032258 0.017403708987161197
0 0.12681451612903225 0.320114122681883 0.01975806451612903 0.012553495007132667
0 0.1655241935483871 0.3202567760342368 0.039919354838709675 0.015691868758915834
0 0.20504032258064517 0.3202567760342368 0.02217741935483871 0.015691868758915834
0 0.25040322580645163 0.3202567760342368 0.050806451612903224 0.015691868758915834
0 0.3100806451612903 0.31940085592011414 0.050806451612903224 0.013980028530670471
0 0.36088709677419356 0.3202567760342368 0.03306451612903226 0.015691868758915834
0 0.40060483870967745 0.31940085592011414 0.03346774193548387 0.013980028530670471
0 0.5 0.31940085592011414 0.06370967741935483 0.013980028530670471
0 0.16975806451612904 0.3419400855920114 0.0532258064516129 0.015691868758915834
0 0.21935483870967742 0.3419400855920114 0.03306451612903226 0.015691868758915834
0 0.2780241935483871 0.3419400855920114 0.06653225806451613 0.015691868758915834
0 0.3564516129032258 0.3419400855920114 0.06370967741935483 0.015691868758915834
0 0.4127016129032258 0.3419400855920114 0.03508064516129032 0.015691868758915834
0 0.5034274193548387 0.3419400855920114 0.11491935483870967 0.015691868758915834
0 0.5872983870967742 0.3419400855920114 0.04395161290322581 0.015691868758915834
0 0.12237903225806451 0.3427960057061341 0.01975806451612903 0.013980028530670471
0 0.12237903225806451 0.36547788873038517 0.015725806451612902 0.012553495007132667
0 0.1907258064516129 0.36547788873038517 0.09032258064516129 0.015406562054208274
0 0.2602822580645161 0.36547788873038517 0.031048387096774193 0.015406562054208274
0 0.3002016129032258 0.36547788873038517 0.05282258064516129 0.015406562054208274
0 0.3596774193548387 0.36547788873038517 0.0532258064516129 0.015406562054208274
0 0.4282258064516129 0.36547788873038517 0.02661290322580645 0.015406562054208274
0 0.4713709677419355 0.36476462196861625 0.050806451612903224 0.013980028530670471
0 0.18850806451612903 0.38815977175463623 0.0907258064516129 0.017403708987161197
0 0.3199596774193548 0.38815977175463623 0.1504032258064516 0.017403708987161197
0 0.4711693548387097 0.38815977175463623 0.13024193548387097 0.017403708987161197
0 0.6127016129032258 0.38815977175463623 0.13024193548387097 0.017403708987161197
0 0.12358870967741936 0.38887303851640515 0.013306451612903225 0.012553495007132667
0 0.5020161290322581 0.4115549215406562 0.5145161290322581 0.017403708987161197
0 0.1157258064516129 0.45606276747503566 0.03790322580645161 0.015691868758915834
0 0.20524193548387096 0.45606276747503566 0.10161290322580645 0.015691868758915834
0 0.3377016129032258 0.45606276747503566 0.02217741935483871 0.015691868758915834
0 0.28245967741935485 0.4569186875891583 0.03508064516129032 0.013980028530670471
0 0.8433467741935484 0.7639087018544936 0.031048387096774193 0.0094151212553495
0 0.8709677419354839 0.7639087018544936 0.01532258064516129 0.0094151212553495
0 0.8897177419354839 0.7639087018544936 0.017338709677419354 0.0094151212553495
0 0.22943548387096774 0.7679029957203994 0.0532258064516129 0.013980028530670471
0 0.34274193548387094 0.7711840228245364 0.08225806451612903 0.011982881597717546
0 0.4338709677419355 0.7693295292439373 0.050806451612903224 0.013980028530670471
0 0.5504032258064516 0.7710413694721826 0.08225806451612903 0.012268188302425107
0 0.6455645161290322 0.7686162624821683 0.050806451612903224 0.012553495007132667
0 0.12560483870967742 0.7701854493580599 0.05282258064516129 0.0094151212553495
0 0.742741935483871 0.7701854493580599 0.041935483870967745 0.0094151212553495
0 0.853225806451613 0.7771754636233952 0.050806451612903224 0.014265335235378032
0 0.12237903225806451 0.8373751783166904 0.046370967741935484 0.012553495007132667
0 0.19858870967741934 0.8382310984308131 0.07943548387096774 0.010841654778887305
0 0.2814516129032258 0.8380884450784594 0.050806451612903224 0.013980028530670471
0 0.17540322580645162 0.8794579172610556 0.06854838709677419 0.015691868758915834
0 0.1157258064516129 0.8796005706134095 0.03306451612903226 0.012553495007132667
0 0.2439516129032258 0.8796005706134095 0.06854838709677419 0.012553495007132667
0 0.5463709677419355 0.8796005706134095 0.03306451612903226 0.012553495007132667
0 0.14778225806451614 0.8982881597717546 0.04395161290322581 0.012268188302425107
0 0.23266129032258065 0.8991440798858773 0.050806451612903224 0.013980028530670471
0 0.2923387096774194 0.8991440798858773 0.050806451612903224 0.013980028530670471
0 0.35100806451612904 0.8991440798858773 0.05282258064516129 0.013980028530670471
0 0.3929435483870968 0.8982881597717546 0.02217741935483871 0.012268188302425107
0 0.7241935483870968 0.9007132667617689 0.04838709677419355 0.010841654778887305
0 0.757258064516129 0.8998573466476462 0.017741935483870968 0.00912981455064194
0 0.6788306451612903 0.9005706134094151 0.028629032258064516 0.007703281027104137
0 0.11693548387096774 0.916262482168331 0.035483870967741936 0.013980028530670471
0 0.22600806451612904 0.9169757489300998 0.0375 0.012553495007132667
0 0.1588709677419355 0.9178316690442225 0.035483870967741936 0.010841654778887305
0 0.18870967741935485 0.9169757489300998 0.03306451612903226 0.012553495007132667
0 0.33326612903225805 0.9169757489300998 0.04395161290322581 0.012553495007132667
0 0.3818548387096774 0.9178316690442225 0.035483870967741936 0.010841654778887305
0 0.4316532258064516 0.9169757489300998 0.07298387096774193 0.012553495007132667
0 0.5320564516129033 0.9178316690442225 0.04395161290322581 0.010841654778887305
0 0.5872983870967742 0.9178316690442225 0.07056451612903226 0.014265335235378032
0 0.7737903225806452 0.9169757489300998 0.03306451612903226 0.012553495007132667
0 0.6368951612903225 0.9194008559201141 0.01975806451612903 0.011126961483594865
0 0.6612903225806451 0.9185449358059914 0.01532258064516129 0.0094151212553495
