0 0.13346774193548386 0.09514978601997147 0.050806451612903224 0.015691868758915834
0 0.4149193548387097 0.1115549215406562 0.03064516129032258 0.010841654778887305
0 0.48346774193548386 0.1115549215406562 0.075 0.010841654778887305
0 0.5506048387096775 0.11069900142653352 0.046370967741935484 0.012553495007132667
0 0.6092741935483871 0.1115549215406562 0.0532258064516129 0.010841654778887305
0 0.5131048387096774 0.1544935805991441 0.2979838709677419 0.021968616262482168
0 0.20504032258064517 0.21626248216833097 0.07943548387096774 0.017118402282453638
0 0.12016129032258065 0.21626248216833097 0.03790322580645161 0.014265335235378032
0 0.12903225806451613 0.2396576319543509 0.05967741935483871 0.017118402282453638
0 0.11915322580645162 0.262339514978602 0.039919354838709675 0.015691868758915834
0 0.21411290322580645 0.2630527817403709 0.10161290322580645 0.017118402282453638
0 0.35524193548387095 0.2630527817403709 0.1588709677419355 0.017118402282453638
0 0.4778225806451613 0.262339514978602 0.05967741935483871 0.015691868758915834
0 0.5473790322580645 0.2630527817403709 0.05766129032258065 0.017118402282453638
0 0.6235887096774193 0.262339514978602 0.07298387096774193 0.015691868758915834
0 0.6875 0.262339514978602 0.041935483870967745 0.015691868758915834
0 0.7383064516129032 0.262339514978602 0.041935483870967745 0.015691868758915834
0 0.14415322580645162 0.29743223965763194 0.09959677419354838 0.016833095577746076
0 0.28588709677419355 0.2967189728958631 0.16129032258064516 0.015406562054208274
0 0.40826612903225806 0.2967189728958631 0.06169354838709677 0.015406562054208274
0 0.4778225806451613 0.2967189728958631 0.05967741935483871 0.015406562054208274
0 0.5397177419354838 0.2967189728958631 0.04233870967741935 0.015406562054208274
0 0.5804435483870968 0.29600570613409416 0.02217741935483871 0.013980028530670471
0 0.6324596774193548 0.2967189728958631 0.06411290322580646 0.015406562054208274
0 0.7118951612903226 0.2967189728958631 0.08185483870967741 0.015406562054208274
0 0.7947580645161291 0.2967189728958631 0.062096774193548386 0.015406562054208274
0 0.8566532258064516 0.2967189728958631 0.039919354838709675 0.015406562054208274
0 0.905241935483871 0.29600570613409416 0.03951612903225806 0.013980028530670471
0 0.12459677419354839 0.31940085592011414 0.05967741935483871 0.013980028530670471
0 0.19737903225806452 0.3202567760342368 0.06411290322580646 0.015691868758915834
0 0.3002016129032258 0.3419400855920114 0.031048387096774193 0.015691868758915834
0 0.33891129032258066 0.3419400855920114 0.028629032258064516 0.015691868758915834
0 0.3875 0.3419400855920114 0.041935483870967745 0.015691868758915834
0 0.4723790322580645 0.3419400855920114 0.11491935483870967 0.015691868758915834
0 0.12459677419354839 0.34350927246790297 0.01532258064516129 0.012553495007132667
0 0.15443548387096775 0.3427960057061341 0.017741935483870968 0.013980028530670471
0 0.20080645161290323 0.3427960057061341 0.03064516129032258 0.013980028530670471
0 0.24818548387096775 0.3427960057061341 0.046370967741935484 0.013980028530670471
0 0.12358870967741936 0.3661911554921541 0.013306451612903225 0.013980028530670471
0 0.1786290322580645 0.36547788873038517 0.07096774193548387 0.015406562054208274
0 0.25483870967741934 0.36547788873038517 0.05967741935483871 0.015406562054208274
0 0.32661290322580644 0.36547788873038517 0.062096774193548386 0.015406562054208274
0 0.37641129032258064 0.36476462196861625 0.01975806451612903 0.013980028530670471
0 0.4104838709677419 0.36547788873038517 0.03064516129032258 0.015406562054208274
0 0.24495967741935484 0.38730385164051356 0.039919354838709675 0.015691868758915834
0 0.2957661290322581 0.38730385164051356 0.039919354838709675 0.015691868758915834
0 0.12237903225806451 0.38887303851640515 0.010887096774193548 0.012553495007132667
0 0.15766129032258064 0.38815977175463623 0.024193548387096774 0.013980028530670471
0 0.20080645161290323 0.38815977175463623 0.03064516129032258 0.013980028530670471
0 0.3907258064516129 0.4099857346647646 0.19435483870967743 0.017118402282453638
0 0.18971774193548388 0.41069900142653354 0.08830645161290322 0.015691868758915834
0 0.2669354838709677 0.41069900142653354 0.04435483870967742 0.015691868758915834
0 0.12358870967741936 0.4115549215406562 0.013306451612903225 0.011126961483594865
0 0.1907258064516129 0.4333808844507846 0.09032258064516129 0.017118402282453638
0 0.3199596774193548 0.4333808844507846 0.1504032258064516 0.017118402282453638
0 0.5715725806451613 0.4333808844507846 0.18991935483870967 0.017118402282453638
0 0.12237903225806451 0.43423680456490726 0.010887096774193548 0.012553495007132667
0 0.33225806451612905 0.45606276747503566 0.17016129032258065 0.015691868758915834
0 0.5838709677419355 0.4569186875891583 0.20967741935483872 0.017403708987161197
0 0.22379032258064516 0.5021398002853067 0.16129032258064516 0.017118402282453638
0 0.1157258064516129 0.5022824536376604 0.03790322580645161 0.013980028530670471
0 0.33326612903225805 0.5022824536376604 0.03508064516129032 0.013980028530670471
0 0.388508064516129 0.5022824536376604 0.02217741935483871 0.013980028530670471
0 0.8433467741935484 0.7639087018544936 0.031048387096774193 0.0094151212553495
0 0.8709677419354839 0.7639087018544936 0.01532258064516129 0.0094151212553495
0 0.8897177419354839 0.7639087018544936 0.017338709677419354 0.0094151212553495
0 0.425 0.7679029957203994 0.03306451612903226 0.013980028530670471
0 0.6455645161290322 0.7686162624821683 0.050806451612903224 0.015406562054208274
0 0.22056451612903225 0.7686162624821683 0.035483870967741936 0.012553495007132667
0 0.24596774193548387 0.769472182596291 0.01532258064516129 0.010841654778887305
0 0.3431451612903226 0.7701854493580599 0.0814516129032258 0.012268188302425107
0 0.5504032258064516 0.7710413694721826 0.08225806451612903 0.012268188302425107
0 0.12560483870967742 0.7701854493580599 0.05282258064516129 0.0094151212553495
0 0.742741935483871 0.7701854493580599 0.041935483870967745 0.0094151212553495
0 0.853225806451613 0.7771754636233952 0.050806451612903224 0.014265335235378032
0 0.12237903225806451 0.8373751783166904 0.046370967741935484 0.012553495007132667
0 0.19858870967741934 0.8382310984308131 0.07943548387096774 0.010841654778887305
0 0.2814516129032258 0.8380884450784594 0.050806451612903224 0.013980028530670471
0 0.17540322580645162 0.8794579172610556 0.06854838709677419 0.015691868758915834
0 0.5463709677419355 0.8787446504992867 0.03306451612903226 0.014265335235378032
0 0.1157258064516129 0.8796005706134095 0.03306451612903226 0.012553495007132667
0 0.2439516129032258 0.8796005706134095 0.06854838709677419 0.012553495007132667
0 0.35 0.8982881597717546 0.050806451612903224 0.015691868758915834
0 0.4854838709677419 0.8982881597717546 0.2032258064516129 0.015691868758915834
0 0.14778225806451614 0.8982881597717546 0.04395161290322581 0.012268188302425107
0 0.23266129032258065 0.8991440798858773 0.050806451612903224 0.013980028530670471
0 0.2923387096774194 0.8982881597717546 0.050806451612903224 0.012268188302425107
0 0.686491935483871 0.8998573466476462 0.04395161290322581 0.012553495007132667
0 0.7340725806451613 0.8998573466476462 0.0375 0.00912981455064194
0 0.7792338709677419 0.9007132667617689 0.04395161290322581 0.010841654778887305
0 0.8169354838709677 0.8998573466476462 0.017741935483870968 0.00912981455064194
0 0.22600806451612904 0.916262482168331 0.0375 0.013980028530670471
0 0.33326612903225805 0.916262482168331 0.04395161290322581 0.013980028530670471
0 0.8024193548387096 0.9171184022824537 0.09516129032258064 0.015691868758915834
0 0.11794354838709678 0.9178316690442225 0.03346774193548387 0.010841654778887305
0 0.15443548387096775 0.9178316690442225 0.02661290322580645 0.010841654778887305
0 0.18850806451612903 0.9169757489300998 0.028629032258064516 0.012553495007132667
0 0.3774193548387097 0.9169757489300998 0.03064516129032258 0.012553495007132667
0 0.4127016129032258 0.9178316690442225 0.031048387096774193 0.010841654778887305
0 0.44818548387096774 0.9169757489300998 0.039919354838709675 0.012553495007132667
0 0.4558467741935484 0.9389443651925821 0.06814516129032258 0.012553495007132667
0 0.5276209677419355 0.9389443651925821 0.04879032258064516 0.012553495007132667
0 0.5971774193548387 0.9389443651925821 0.07741935483870968 0.012553495007132667
0 0.39838709677419354 0.9389443651925821 0.03306451612903226 0.012553495007132667
