0 0.3342741935483871 0.0912981455064194 0.06854838709677419 0.014265335235378032
0 0.4094758064516129 0.0912981455064194 0.06814516129032258 0.014265335235378032
0 0.4856854838709677 0.0912981455064194 0.07056451612903226 0.014265335235378032
0 0.5782258064516129 0.0912981455064194 0.08387096774193549 0.014265335235378032
0 0.6711693548387097 0.0912981455064194 0.08830645161290322 0.014265335235378032
0 0.8389112903225806 0.12710413694721825 0.04395161290322581 0.013980028530670471
0 0.8897177419354839 0.12710413694721825 0.05766129032258065 0.013980028530670471
0 0.5108870967741935 0.14593437945791726 0.23629032258064517 0.02653352353780314
0 0.15221774193548387 0.1427960057061341 0.09717741935483871 0.013980028530670471
0 0.907258064516129 0.1631954350927247 0.017741935483870968 0.010841654778887305
0 0.8487903225806451 0.16390870185449358 0.050806451612903224 0.0094151212553495
0 0.8832661290322581 0.1646219686162625 0.02217741935483871 0.010841654778887305
0 0.1344758064516129 0.2085592011412268 0.04395161290322581 0.017118402282453638
0 0.24375 0.20927246790299572 0.09475806451612903 0.018544935805991442
0 0.13568548387096774 0.23737517831669044 0.07298387096774193 0.018830242510699
0 0.24375 0.26462196861626247 0.09475806451612903 0.020256776034236805
0 0.34758064516129034 0.26462196861626247 0.09516129032258064 0.020256776034236805
0 0.1344758064516129 0.26390870185449355 0.04395161290322581 0.015406562054208274
0 0.16088709677419355 0.31711840228245364 0.11935483870967742 0.015691868758915834
0 0.26149193548387095 0.31711840228245364 0.059274193548387095 0.015691868758915834
0 0.33225806451612905 0.31711840228245364 0.05967741935483871 0.015691868758915834
0 0.3919354838709677 0.31711840228245364 0.041935483870967745 0.015691868758915834
0 0.46149193548387096 0.31711840228245364 0.07943548387096774 0.015691868758915834
0 0.5451612903225806 0.31711840228245364 0.06612903225806452 0.015691868758915834
0 0.31108870967741936 0.3630527817403709 0.039919354838709675 0.013980028530670471
0 0.1310483870967742 0.4085592011412268 0.05967741935483871 0.017118402282453638
0 0.2701612903225806 0.4085592011412268 0.05967741935483871 0.017118402282453638
0 0.1907258064516129 0.4092724679029957 0.041935483870967745 0.015691868758915834
0 0.1310483870967742 0.4310984308131241 0.05967741935483871 0.015406562054208274
0 0.18971774193548388 0.4310984308131241 0.039919354838709675 0.015406562054208274
0 0.31108870967741936 0.4310984308131241 0.14153225806451614 0.015406562054208274
0 0.1310483870967742 0.4546362339514979 0.05967741935483871 0.015691868758915834
0 0.1907258064516129 0.45378031383737516 0.041935483870967745 0.013980028530670471
0 0.29012096774193546 0.4546362339514979 0.09959677419354838 0.015691868758915834
0 0.13991935483870968 0.47631954350927247 0.07741935483870968 0.015691868758915834
0 0.41169354838709676 0.47631954350927247 0.041935483870967745 0.015691868758915834
0 0.4723790322580645 0.47717546362339514 0.06169354838709677 0.013980028530670471
0 0.5330645161290323 0.47717546362339514 0.041935483870967745 0.013980028530670471
0 0.29778225806451614 0.4780313837375178 0.1721774193548387 0.0094151212553495
0 0.13991935483870968 0.4998573466476462 0.07741935483870968 0.015406562054208274
0 0.14112903225806453 0.5225392296718973 0.07983870967741935 0.017403708987161197
0 0.23286290322580644 0.5225392296718973 0.046370967741935484 0.013980028530670471
0 0.2879032258064516 0.5225392296718973 0.050806451612903224 0.013980028530670471
0 0.36532258064516127 0.5225392296718973 0.050806451612903224 0.013980028530670471
0 0.4181451612903226 0.5225392296718973 0.050806451612903224 0.013980028530670471
0 0.14112903225806453 0.5450784593437946 0.07983870967741935 0.015691868758915834
0 0.23608870967741935 0.5450784593437946 0.05282258064516129 0.015691868758915834
0 0.12903225806451613 0.5686162624821683 0.05967741935483871 0.015406562054208274
0 0.21733870967741936 0.5693295292439372 0.050806451612903224 0.007703281027104137
0 0.13225806451612904 0.5904422253922967 0.062096774193548386 0.015691868758915834
0 0.20745967741935484 0.5921540656205421 0.031048387096774193 0.0094151212553495
0 0.14012096774193547 0.6138373751783167 0.08185483870967741 0.015691868758915834
0 0.21068548387096775 0.6131241084165477 0.0375 0.014265335235378032
0 0.3774193548387097 0.6146932952924393 0.22983870967741934 0.013980028530670471
0 0.5231854838709677 0.6138373751783167 0.039919354838709675 0.015691868758915834
0 0.5838709677419355 0.6138373751783167 0.05967741935483871 0.015691868758915834
0 0.6423387096774194 0.6138373751783167 0.03951612903225806 0.015691868758915834
0 0.12903225806451613 0.6358059914407989 0.05967741935483871 0.015691868758915834
0 0.22278225806451613 0.6592011412268188 0.14153225806451614 0.015691868758915834
0 0.3276209677419355 0.6592011412268188 0.07298387096774193 0.015691868758915834
0 0.5375 0.6592011412268188 0.02903225806451613 0.015691868758915834
0 0.3961693548387097 0.6600570613409416 0.05524193548387097 0.013980028530670471
0 0.12016129032258065 0.6825962910128388 0.020161290322580645 0.015691868758915834
