0 0.5054435483870968 0.6990014265335235 0.23830645161290323 0.023395149786019972
0 0.3530241935483871 0.7717546362339515 0.09717741935483871 0.012553495007132667
0 0.43044354838709675 0.7716119828815977 0.05282258064516129 0.0094151212553495
0 0.23508064516129032 0.7756062767475036 0.050806451612903224 0.013980028530670471
0 0.14213709677419356 0.7771754636233952 0.0907258064516129 0.010841654778887305
0 0.442741935483871 0.7818830242510699 0.050806451612903224 0.013980028530670471
0 0.31350806451612906 0.7827389443651925 0.013306451612903225 0.0094151212553495
0 0.12016129032258065 0.8398002853067047 0.050806451612903224 0.013980028530670471
0 0.19858870967741934 0.8398002853067047 0.06169354838709677 0.013980028530670471
0 0.32883064516129035 0.8398002853067047 0.04879032258064516 0.013980028530670471
0 0.4625 0.8398002853067047 0.09032258064516129 0.013980028530670471
0 0.5818548387096775 0.8398002853067047 0.050806451612903224 0.013980028530670471
0 0.22278225806451613 0.8991440798858773 0.14556451612903226 0.013980028530670471
0 0.11129032258064517 0.8998573466476462 0.03306451612903226 0.012553495007132667
0 0.49879032258064515 0.8998573466476462 0.017741935483870968 0.012553495007132667
0 0.5286290322580646 0.9007132667617689 0.03306451612903226 0.010841654778887305
0 0.1875 0.9302425106990014 0.0967741935483871 0.013980028530670471
0 0.29354838709677417 0.9302425106990014 0.03951612903225806 0.013980028530670471
0 0.3752016129032258 0.9302425106990014 0.09717741935483871 0.013980028530670471
0 0.777016129032258 0.9302425106990014 0.08387096774193549 0.013980028530670471
0 0.10463709677419354 0.9302425106990014 0.015725806451612902 0.007703281027104137
0 0.12016129032258065 0.931811697574893 0.01532258064516129 0.010841654778887305
