0 0.3465725806451613 0.07560627674750356 0.05282258064516129 0.014265335235378032
0 0.40483870967741936 0.07560627674750356 0.050806451612903224 0.014265335235378032
0 0.47338709677419355 0.07560627674750356 0.06854838709677419 0.014265335235378032
0 0.5485887096774194 0.07560627674750356 0.06814516129032258 0.014265335235378032
0 0.6314516129032258 0.07560627674750356 0.0532258064516129 0.014265335235378032
0 0.6899193548387097 0.07560627674750356 0.050806451612903224 0.014265335235378032
0 0.2979838709677419 0.07717546362339515 0.03064516129032258 0.011126961483594865
0 0.5993951612903226 0.07717546362339515 0.015725806451612902 0.011126961483594865
0 0.13346774193548386 0.09514978601997147 0.050806451612903224 0.015691868758915834
0 0.501008064516129 0.11940085592011412 0.3665322580645161 0.02653352353780314
0 0.13931451612903226 0.1253922967189729 0.034274193548387094 0.009985734664764621
0 0.8302419354838709 0.13352353780313836 0.035483870967741936 0.010841654778887305
0 0.8699596774193549 0.1326676176890157 0.039919354838709675 0.012553495007132667
0 0.22399193548387097 0.18502139800285305 0.09475806451612903 0.020256776034236805
0 0.12016129032258065 0.1841654778887304 0.024193548387096774 0.015691868758915834
0 0.15120967741935484 0.1841654778887304 0.024193548387096774 0.015691868758915834
0 0.13568548387096774 0.21312410841654778 0.07298387096774193 0.020542082738944364
0 0.24717741935483872 0.2412268188302425 0.14112903225806453 0.020256776034236805
0 0.38971774193548386 0.2412268188302425 0.12137096774193548 0.020256776034236805
0 0.49233870967741933 0.2396576319543509 0.09274193548387097 0.017118402282453638
0 0.11895161290322581 0.2413694721825963 0.02661290322580645 0.017118402282453638
0 0.1532258064516129 0.2405135520684736 0.024193548387096774 0.015406562054208274
0 0.11451612903225807 0.27403708987161196 0.035483870967741936 0.013980028530670471
0 0.13991935483870968 0.2747503566333809 0.01532258064516129 0.012553495007132667
0 0.1719758064516129 0.27403708987161196 0.03508064516129032 0.013980028530670471
0 0.25705645161290325 0.27403708987161196 0.11733870967741936 0.013980028530670471
0 0.33991935483870966 0.27403708987161196 0.035483870967741936 0.013980028530670471
0 0.3907258064516129 0.27403708987161196 0.0532258064516129 0.013980028530670471
0 0.4502016129032258 0.27403708987161196 0.05282258064516129 0.013980028530670471
0 0.32661290322580644 0.2912981455064194 0.10161290322580645 0.014265335235378032
0 0.13125 0.2921540656205421 0.06411290322580646 0.012553495007132667
0 0.5451612903225806 0.2921540656205421 0.06612903225806452 0.012553495007132667
0 0.7074596774193549 0.292867332382311 0.028629032258064516 0.011126961483594865
0 0.7560483870967742 0.2921540656205421 0.06854838709677419 0.012553495007132667
0 0.13004032258064516 0.30998573466476464 0.06653225806451613 0.013980028530670471
0 0.33669354838709675 0.30998573466476464 0.11693548387096774 0.013980028530670471
0 0.5375 0.30998573466476464 0.050806451612903224 0.013980028530670471
0 0.7175403225806452 0.30998573466476464 0.05282258064516129 0.013980028530670471
0 0.13225806451612904 0.32796005706134096 0.062096774193548386 0.012268188302425107
0 0.3320564516129032 0.32710413694721824 0.1125 0.013980028530670471
0 0.44475806451612904 0.32710413694721824 0.10403225806451613 0.013980028530670471
0 0.5209677419354839 0.32710413694721824 0.03951612903225806 0.013980028530670471
0 0.5606854838709677 0.32710413694721824 0.03508064516129032 0.013980028530670471
0 0.5120967741935484 0.350641940085592 0.0532258064516129 0.014265335235378032
0 0.1719758064516129 0.3731811697574893 0.03508064516129032 0.012553495007132667
0 0.31108870967741936 0.374037089871612 0.09717741935483871 0.014265335235378032
0 0.4933467741935484 0.374037089871612 0.06814516129032258 0.014265335235378032
0 0.6435483870967742 0.374037089871612 0.050806451612903224 0.014265335235378032
0 0.7185483870967742 0.374037089871612 0.050806451612903224 0.014265335235378032
0 0.7947580645161291 0.3731811697574893 0.04838709677419355 0.012553495007132667
0 0.8764112903225807 0.374037089871612 0.04879032258064516 0.014265335235378032
0 0.17298387096774193 0.3958630527817404 0.1346774193548387 0.013980028530670471
0 0.28245967741935485 0.3958630527817404 0.03508064516129032 0.013980028530670471
0 0.33991935483870966 0.3958630527817404 0.0532258064516129 0.013980028530670471
0 0.43024193548387096 0.39514978601997147 0.10161290322580645 0.012553495007132667
0 0.5098790322580645 0.39514978601997147 0.04879032258064516 0.012553495007132667
0 0.5850806451612903 0.39600570613409414 0.04435483870967742 0.010841654778887305
0 0.6435483870967742 0.3958630527817404 0.03306451612903226 0.013980028530670471
0 0.7959677419354839 0.3958630527817404 0.03306451612903226 0.013980028530670471
0 0.8766129032258064 0.3958630527817404 0.06612903225806452 0.013980028530670471
0 0.5143145161290322 0.43580599144079885 0.06653225806451613 0.012268188302425107
0 0.6004032258064516 0.4569186875891583 0.06612903225806452 0.013980028530670471
0 0.8776209677419354 0.4569186875891583 0.06814516129032258 0.013980028530670471
0 0.14778225806451614 0.45763195435092724 0.03508064516129032 0.012553495007132667
0 0.28588709677419355 0.45763195435092724 0.050806451612903224 0.012553495007132667
0 0.14778225806451614 0.4803138373751783 0.04879032258064516 0.013980028530670471
0 0.2846774193548387 0.4803138373751783 0.075 0.013980028530670471
0 0.5993951612903226 0.4803138373751783 0.3689516129032258 0.013980028530670471
0 0.8842741935483871 0.4803138373751783 0.020161290322580645 0.011126961483594865
0 0.9129032258064516 0.47960057061340944 0.03306451612903226 0.012553495007132667
0 0.5120967741935484 0.5333808844507846 0.06612903225806452 0.013980028530670471
0 0.14778225806451614 0.5569186875891583 0.06653225806451613 0.014265335235378032
0 0.5629032258064516 0.5569186875891583 0.06612903225806452 0.014265335235378032
0 0.12237903225806451 0.5787446504992867 0.046370967741935484 0.011126961483594865
0 0.1875 0.5787446504992867 0.021774193548387097 0.011126961483594865
0 0.25705645161290325 0.5787446504992867 0.10362903225806451 0.013980028530670471
0 0.35201612903225804 0.5787446504992867 0.07741935483870968 0.013980028530670471
0 0.15766129032258064 0.5796005706134094 0.020161290322580645 0.0094151212553495
0 0.46673387096774194 0.6443651925820256 0.05524193548387097 0.013980028530670471
0 0.5209677419354839 0.6443651925820256 0.035483870967741936 0.013980028530670471
0 0.5663306451612903 0.6443651925820256 0.0375 0.013980028530670471
0 0.37620967741935485 0.8281027104136948 0.01532258064516129 0.0094151212553495
0 0.21491935483870966 0.8335235378031384 0.050806451612903224 0.013980028530670471
0 0.11129032258064517 0.8342368045649072 0.024193548387096774 0.00912981455064194
0 0.28125 0.8342368045649072 0.028629032258064516 0.00912981455064194
0 0.38064516129032255 0.8380884450784594 0.06854838709677419 0.013980028530670471
0 0.12217741935483871 0.8614835948644793 0.050806451612903224 0.013980028530670471
0 0.11350806451612903 0.8942938659058488 0.03346774193548387 0.013980028530670471
0 0.2526209677419355 0.8942938659058488 0.16088709677419355 0.013980028530670471
0 0.4038306451612903 0.8942938659058488 0.04395161290322581 0.013980028530670471
0 0.44899193548387095 0.8951497860199714 0.046370967741935484 0.012268188302425107
0 0.5475806451612903 0.8942938659058488 0.035483870967741936 0.013980028530670471
0 0.4469758064516129 0.9146932952924394 0.09475806451612903 0.014265335235378032
0 0.23508064516129032 0.9225392296718973 0.09516129032258064 0.02653352353780314
0 0.3056451612903226 0.9216833095577746 0.06854838709677419 0.024821683309557776
0 0.33649193548387096 0.9155492154065621 0.046370967741935484 0.012553495007132667
0 0.38306451612903225 0.916262482168331 0.024193548387096774 0.011126961483594865
0 0.5131048387096774 0.9155492154065621 0.028629032258064516 0.012553495007132667
0 0.5419354838709678 0.9155492154065621 0.020161290322580645 0.012553495007132667
0 0.10685483870967742 0.9216833095577746 0.01532258064516129 0.0094151212553495
0 0.14334677419354838 0.9225392296718973 0.039919354838709675 0.011126961483594865
0 0.6036290322580645 0.9225392296718973 0.041935483870967745 0.011126961483594865
0 0.6512096774193549 0.9225392296718973 0.035483870967741936 0.011126961483594865
0 0.6909274193548387 0.9225392296718973 0.03508064516129032 0.011126961483594865
0 0.7241935483870968 0.92339514978602 0.017741935483870968 0.0094151212553495
0 0.7483870967741936 0.92339514978602 0.017741935483870968 0.0094151212553495
0 0.36189516129032256 0.9271041369472183 0.031048387096774193 0.013980028530670471
0 0.3860887096774194 0.927246790299572 0.013306451612903225 0.010841654778887305
0 0.42379032258064514 0.9279600570613409 0.05725806451612903 0.012268188302425107
0 0.11350806451612903 0.9427960057061341 0.03346774193548387 0.013980028530670471
0 0.15100806451612903 0.9420827389443652 0.01975806451612903 0.012553495007132667
0 0.18185483870967742 0.9427960057061341 0.03306451612903226 0.013980028530670471
0 0.21713709677419354 0.9427960057061341 0.0375 0.013980028530670471
0 0.2957661290322581 0.9427960057061341 0.039919354838709675 0.013980028530670471
0 0.33891129032258066 0.9420827389443652 0.01975806451612903 0.012553495007132667
0 0.3675403225806452 0.9427960057061341 0.028629032258064516 0.013980028530670471
0 0.40504032258064515 0.9427960057061341 0.0375 0.013980028530670471
0 0.5340725806451613 0.9427960057061341 0.07056451612903226 0.013980028530670471
0 0.7629032258064516 0.9427960057061341 0.03306451612903226 0.013980028530670471
0 0.5850806451612903 0.9443651925820257 0.017741935483870968 0.010841654778887305
0 0.6092741935483871 0.9443651925820257 0.017741935483870968 0.010841654778887305
0 0.4901209677419355 0.9450784593437945 0.013306451612903225 0.0094151212553495
