0 0.3465725806451613 0.07560627674750356 0.05282258064516129 0.014265335235378032
0 0.40483870967741936 0.07560627674750356 0.050806451612903224 0.014265335235378032
0 0.47338709677419355 0.07560627674750356 0.06854838709677419 0.014265335235378032
0 0.5485887096774194 0.07560627674750356 0.06814516129032258 0.014265335235378032
0 0.6314516129032258 0.07560627674750356 0.0532258064516129 0.014265335235378032
0 0.6899193548387097 0.07560627674750356 0.050806451612903224 0.014265335235378032
0 0.2979838709677419 0.07717546362339515 0.03064516129032258 0.011126961483594865
0 0.5993951612903226 0.07717546362339515 0.015725806451612902 0.011126961483594865
0 0.13346774193548386 0.09514978601997147 0.050806451612903224 0.015691868758915834
0 0.4965725806451613 0.12011412268188303 0.3665322580645161 0.027960057061340943
0 0.14012096774193547 0.12339514978601997 0.028629032258064516 0.0094151212553495
0 0.8201612903225807 0.12410841654778887 0.02903225806451613 0.00456490727532097
0 0.8256048387096774 0.13423680456490727 0.039919354838709675 0.012268188302425107
0 0.867741935483871 0.1326676176890157 0.04435483870967742 0.012553495007132667
0 0.12016129032258065 0.18502139800285305 0.024193548387096774 0.017403708987161197
0 0.15 0.18502139800285305 0.021774193548387097 0.017403708987161197
0 0.22399193548387097 0.18573466476462197 0.09475806451612903 0.018830242510699
0 0.13568548387096774 0.21469329529243938 0.07298387096774193 0.020256776034236805
0 0.294758064516129 0.2412268188302425 0.23629032258064517 0.020256776034236805
0 0.6590725806451613 0.2412268188302425 0.07298387096774193 0.020256776034236805
0 0.7276209677419355 0.2396576319543509 0.046370967741935484 0.017118402282453638
0 0.7881048387096774 0.2412268188302425 0.04879032258064516 0.020256776034236805
0 0.8465725806451613 0.2412268188302425 0.046370967741935484 0.020256776034236805
0 0.11794354838709678 0.2405135520684736 0.024596774193548387 0.015406562054208274
0 0.15221774193548387 0.2405135520684736 0.02217741935483871 0.015406562054208274
0 0.4469758064516129 0.2405135520684736 0.05040322580645161 0.015406562054208274
0 0.5165322580645161 0.2413694721825963 0.07096774193548387 0.017118402282453638
0 0.5860887096774193 0.2413694721825963 0.046370967741935484 0.017118402282453638
0 0.7042338709677419 0.2710413694721826 0.3971774193548387 0.017118402282453638
0 0.12338709677419354 0.2708987161198288 0.05725806451612903 0.013980028530670471
0 0.22278225806451613 0.2717546362339515 0.11895161290322581 0.015691868758915834
0 0.3497983870967742 0.2717546362339515 0.11733870967741936 0.015691868758915834
0 0.45806451612903226 0.2717546362339515 0.07741935483870968 0.015691868758915834
0 0.12580645161290321 0.29358059914407986 0.06612903225806452 0.015406562054208274
0 0.1975806451612903 0.29358059914407986 0.05967741935483871 0.015406562054208274
0 0.3233870967741935 0.29358059914407986 0.07741935483870968 0.015406562054208274
0 0.4094758064516129 0.2944365192582026 0.07701612903225806 0.017118402282453638
0 0.47681451612903225 0.29358059914407986 0.039919354838709675 0.015406562054208274
0 0.535483870967742 0.29358059914407986 0.05967741935483871 0.015406562054208274
0 0.6512096774193549 0.29358059914407986 0.05725806451612903 0.015406562054208274
0 0.7074596774193549 0.29358059914407986 0.0375 0.015406562054208274
0 0.7661290322580645 0.29358059914407986 0.05725806451612903 0.015406562054208274
0 0.8344758064516129 0.29358059914407986 0.06169354838709677 0.015406562054208274
0 0.2558467741935484 0.2951497860199715 0.039919354838709675 0.015691868758915834
0 0.59375 0.2942938659058488 0.039919354838709675 0.013980028530670471
0 0.15221774193548387 0.33894436519258203 0.06169354838709677 0.015406562054208274
0 0.27358870967741933 0.3398002853067047 0.06169354838709677 0.017118402282453638
0 0.10564516129032259 0.3403708987161198 0.017741935483870968 0.012553495007132667
0 0.2129032258064516 0.3405135520684736 0.041935483870967745 0.015691868758915834
0 0.3342741935483871 0.3405135520684736 0.041935483870967745 0.015691868758915834
0 0.3852822580645161 0.3405135520684736 0.0375 0.015691868758915834
0 0.16310483870967743 0.362339514978602 0.039919354838709675 0.015406562054208274
0 0.2217741935483871 0.362339514978602 0.05967741935483871 0.015406562054208274
0 0.27903225806451615 0.362339514978602 0.041935483870967745 0.015406562054208274
0 0.33548387096774196 0.362339514978602 0.05725806451612903 0.015406562054208274
0 0.3929435483870968 0.362339514978602 0.039919354838709675 0.015406562054208274
0 0.5056451612903226 0.362339514978602 0.16774193548387098 0.015406562054208274
0 0.6844758064516129 0.36319543509272467 0.1721774193548387 0.017118402282453638
0 0.8389112903225806 0.362339514978602 0.11895161290322581 0.015406562054208274
0 0.18528225806451612 0.38587731811697573 0.07943548387096774 0.015691868758915834
0 0.28669354838709676 0.38587731811697573 0.10161290322580645 0.015691868758915834
0 0.388508064516129 0.38587731811697573 0.08830645161290322 0.015691868758915834
0 0.47580645161290325 0.38587731811697573 0.05967741935483871 0.015691868758915834
0 0.535483870967742 0.38587731811697573 0.041935483870967745 0.015691868758915834
0 0.5872983870967742 0.38502139800285307 0.039919354838709675 0.013980028530670471
0 0.6665322580645161 0.38587731811697573 0.10161290322580645 0.015691868758915834
0 0.7671370967741935 0.38587731811697573 0.07701612903225806 0.015691868758915834
0 0.10241935483870968 0.431811697574893 0.01532258064516129 0.013980028530670471
0 0.15443548387096775 0.4310984308131241 0.06612903225806452 0.015406562054208274
0 0.2183467741935484 0.4303851640513552 0.039919354838709675 0.013980028530670471
0 0.27903225806451615 0.4310984308131241 0.05967741935483871 0.015406562054208274
0 0.37298387096774194 0.4310984308131241 0.075 0.015406562054208274
0 0.482258064516129 0.4310984308131241 0.15241935483870966 0.015406562054208274
0 0.17419354838709677 0.4529243937232525 0.05725806451612903 0.015691868758915834
0 0.3056451612903226 0.4529243937232525 0.18306451612903227 0.015691868758915834
0 0.45806451612903226 0.4529243937232525 0.09919354838709678 0.015691868758915834
0 0.5483870967741935 0.4529243937232525 0.05967741935483871 0.015691868758915834
0 0.6391129032258065 0.45378031383737516 0.09919354838709678 0.017403708987161197
0 0.719758064516129 0.4529243937232525 0.03951612903225806 0.015691868758915834
0 0.7693548387096775 0.45378031383737516 0.041935483870967745 0.017403708987161197
0 0.8245967741935484 0.4529243937232525 0.050806451612903224 0.015691868758915834
0 0.18528225806451612 0.47631954350927247 0.05766129032258065 0.015691868758915834
0 0.23387096774193547 0.47631954350927247 0.017741935483870968 0.015691868758915834
0 0.32983870967741935 0.47631954350927247 0.15241935483870966 0.015691868758915834
0 0.5110887096774194 0.47631954350927247 0.19233870967741937 0.015691868758915834
0 0.6943548387096774 0.47631954350927247 0.15241935483870966 0.015691868758915834
0 0.8346774193548387 0.47631954350927247 0.11048387096774194 0.015691868758915834
0 0.5893145161290323 0.49900142653352353 0.07943548387096774 0.017118402282453638
0 0.17419354838709677 0.4998573466476462 0.05725806451612903 0.015406562054208274
0 0.2780241935483871 0.4998573466476462 0.12782258064516128 0.015406562054208274
0 0.34858870967741934 0.4998573466476462 0.013306451612903225 0.012553495007132667
0 0.3752016129032258 0.4998573466476462 0.04395161290322581 0.015406562054208274
0 0.4383064516129032 0.4998573466476462 0.05967741935483871 0.015406562054208274
0 0.5088709677419355 0.4998573466476462 0.05967741935483871 0.015406562054208274
0 0.6600806451612903 0.4998573466476462 0.03951612903225806 0.015406562054208274
0 0.7141129032258065 0.4998573466476462 0.050806451612903224 0.015406562054208274
0 0.27358870967741933 0.5677603423680456 0.19879032258064516 0.017118402282453638
0 0.49112903225806454 0.5670470756062768 0.05967741935483871 0.015691868758915834
0 0.5518145161290322 0.5690442225392297 0.04314516129032258 0.016262482168330955
0 0.6114919354838709 0.5670470756062768 0.06169354838709677 0.015691868758915834
0 0.11471774193548387 0.5679029957203994 0.039919354838709675 0.013980028530670471
0 0.1532258064516129 0.5686162624821683 0.01532258064516129 0.012553495007132667
0 0.4161290322580645 0.5679029957203994 0.06854838709677419 0.013980028530670471
0 0.6733870967741935 0.5686162624821683 0.03951612903225806 0.015406562054208274
0 0.7219758064516129 0.5679029957203994 0.039919354838709675 0.013980028530670471
0 0.7705645161290322 0.5679029957203994 0.035483870967741936 0.013980028530670471
0 0.1532258064516129 0.5912981455064193 0.01532258064516129 0.013980028530670471
0 0.20403225806451614 0.5904422253922967 0.05967741935483871 0.015691868758915834
0 0.2627016129032258 0.5904422253922967 0.039919354838709675 0.015691868758915834
0 0.35766129032258065 0.5904422253922967 0.1282258064516129 0.015691868758915834
0 0.4425403225806452 0.5904422253922967 0.01975806451612903 0.015691868758915834
0 0.5463709677419355 0.5904422253922967 0.17016129032258065 0.015691868758915834
0 0.6622983870967742 0.5904422253922967 0.039919354838709675 0.015691868758915834
0 0.7419354838709677 0.5904422253922967 0.10161290322580645 0.015691868758915834
0 0.8201612903225807 0.5904422253922967 0.03790322580645161 0.015691868758915834
0 0.3675403225806452 0.6131241084165477 0.14798387096774193 0.017118402282453638
0 0.15201612903225806 0.6131241084165477 0.017741935483870968 0.014265335235378032
0 0.2030241935483871 0.6131241084165477 0.06169354838709677 0.014265335235378032
0 0.26370967741935486 0.6138373751783167 0.041935483870967745 0.015691868758915834
0 0.5375 0.6138373751783167 0.17016129032258065 0.015691868758915834
0 0.6512096774193549 0.6131241084165477 0.03951612903225806 0.014265335235378032
0 0.7330645161290322 0.6138373751783167 0.10161290322580645 0.015691868758915834
0 0.8090725806451613 0.6131241084165477 0.0375 0.014265335235378032
0 0.20524193548387096 0.6358059914407989 0.06612903225806452 0.015691868758915834
0 0.3397177419354839 0.6365192582025677 0.1810483870967742 0.017118402282453638
0 0.4600806451612903 0.6358059914407989 0.041935483870967745 0.015691868758915834
0 0.5419354838709678 0.6365192582025677 0.09919354838709678 0.017118402282453638
0 0.6225806451612903 0.6358059914407989 0.03951612903225806 0.015691868758915834
0 0.1532258064516129 0.6373751783166904 0.01532258064516129 0.012553495007132667
0 0.6745967741935484 0.6366619115549216 0.041935483870967745 0.013980028530670471
0 0.7308467741935484 0.6366619115549216 0.02217741935483871 0.013980028530670471
0 0.25040322580645163 0.8038516405135521 0.050806451612903224 0.013980028530670471
0 0.4568548387096774 0.8038516405135521 0.04838709677419355 0.013980028530670471
0 0.5608870967741936 0.8045649072753209 0.09274193548387097 0.012553495007132667
0 0.665725806451613 0.8038516405135521 0.050806451612903224 0.013980028530670471
0 0.8907258064516129 0.8037089871611983 0.01532258064516129 0.010841654778887305
0 0.1125 0.8045649072753209 0.02661290322580645 0.00912981455064194
0 0.3199596774193548 0.8045649072753209 0.02620967741935484 0.00912981455064194
0 0.738508064516129 0.8045649072753209 0.028629032258064516 0.00912981455064194
0 0.864516129032258 0.8045649072753209 0.03306451612903226 0.012553495007132667
0 0.43709677419354837 0.8281027104136948 0.035483870967741936 0.0094151212553495
0 0.25040322580645163 0.8335235378031384 0.050806451612903224 0.013980028530670471
0 0.11915322580645162 0.83509272467903 0.039919354838709675 0.010841654778887305
0 0.3199596774193548 0.83509272467903 0.02620967741935484 0.010841654778887305
0 0.4502016129032258 0.838944365192582 0.013306451612903225 0.0094151212553495
0 0.4657258064516129 0.838944365192582 0.017741935483870968 0.012268188302425107
0 0.12217741935483871 0.8614835948644793 0.050806451612903224 0.013980028530670471
0 0.2536290322580645 0.8935805991440798 0.19435483870967743 0.015406562054208274
0 0.11350806451612903 0.8942938659058488 0.03346774193548387 0.013980028530670471
0 0.40181451612903224 0.8942938659058488 0.039919354838709675 0.013980028530670471
0 0.5286290322580646 0.8942938659058488 0.03306451612903226 0.013980028530670471
0 0.44899193548387095 0.8958630527817404 0.046370967741935484 0.010841654778887305
0 0.22721774193548386 0.9146932952924394 0.07943548387096774 0.014265335235378032
0 0.3024193548387097 0.916262482168331 0.04838709677419355 0.013980028530670471
0 0.37298387096774194 0.9155492154065621 0.062096774193548386 0.012553495007132667
0 0.4316532258064516 0.9155492154065621 0.028629032258064516 0.012553495007132667
0 0.48346774193548386 0.9225392296718973 0.13709677419354838 0.02653352353780314
0 0.10685483870967742 0.9216833095577746 0.01532258064516129 0.0094151212553495
0 0.14233870967741935 0.9218259629101284 0.041935483870967745 0.012553495007132667
0 0.5840725806451613 0.9225392296718973 0.05524193548387097 0.011126961483594865
0 0.6778225806451613 0.9225392296718973 0.035483870967741936 0.011126961483594865
0 0.6379032258064516 0.92339514978602 0.035483870967741936 0.0094151212553495
0 0.7108870967741936 0.92339514978602 0.017741935483870968 0.0094151212553495
0 0.7350806451612903 0.92339514978602 0.017741935483870968 0.0094151212553495
0 0.20967741935483872 0.9271041369472183 0.04838709677419355 0.013980028530670471
0 0.3243951612903226 0.9279600570613409 0.16330645161290322 0.012268188302425107
0 0.11350806451612903 0.9427960057061341 0.03346774193548387 0.013980028530670471
0 0.15100806451612903 0.9420827389443652 0.01975806451612903 0.012553495007132667
0 0.18629032258064515 0.9427960057061341 0.041935483870967745 0.013980028530670471
0 0.22620967741935483 0.943509272467903 0.03306451612903226 0.012553495007132667
0 0.294758064516129 0.9427960057061341 0.041935483870967745 0.013980028530670471
0 0.3719758064516129 0.9427960057061341 0.0375 0.013980028530670471
0 0.4149193548387097 0.9427960057061341 0.035483870967741936 0.011126961483594865
0 0.5419354838709678 0.9436519258202568 0.1217741935483871 0.015691868758915834
0 0.7794354838709677 0.9427960057061341 0.08387096774193549 0.013980028530670471
0 0.33991935483870966 0.9436519258202568 0.017741935483870968 0.0094151212553495
0 0.6181451612903226 0.9443651925820257 0.017741935483870968 0.010841654778887305
0 0.6423387096774194 0.9443651925820257 0.017741935483870968 0.010841654778887305
