0 0.3465725806451613 0.07560627674750356 0.05282258064516129 0.014265335235378032
0 0.40483870967741936 0.07560627674750356 0.050806451612903224 0.014265335235378032
0 0.47338709677419355 0.07560627674750356 0.06854838709677419 0.014265335235378032
0 0.5485887096774194 0.07560627674750356 0.06814516129032258 0.014265335235378032
0 0.6314516129032258 0.07560627674750356 0.0532258064516129 0.014265335235378032
0 0.6899193548387097 0.07560627674750356 0.050806451612903224 0.014265335235378032
0 0.2979838709677419 0.07717546362339515 0.03064516129032258 0.011126961483594865
0 0.5993951612903226 0.07717546362339515 0.015725806451612902 0.011126961483594865
0 0.13346774193548386 0.09514978601997147 0.050806451612903224 0.015691868758915834
0 0.501008064516129 0.11940085592011412 0.3665322580645161 0.02653352353780314
0 0.13931451612903226 0.1253922967189729 0.034274193548387094 0.009985734664764621
0 0.8302419354838709 0.13352353780313836 0.035483870967741936 0.010841654778887305
0 0.8699596774193549 0.1326676176890157 0.039919354838709675 0.012553495007132667
0 0.22298387096774194 0.18430813124108417 0.09274193548387097 0.018830242510699
0 0.12016129032258065 0.1841654778887304 0.024193548387096774 0.015691868758915834
0 0.15120967741935484 0.1841654778887304 0.024193548387096774 0.015691868758915834
0 0.13568548387096774 0.21312410841654778 0.07298387096774193 0.020542082738944364
0 0.24717741935483872 0.2412268188302425 0.14112903225806453 0.020256776034236805
0 0.388508064516129 0.2405135520684736 0.11895161290322581 0.018830242510699
0 0.49233870967741933 0.2396576319543509 0.09274193548387097 0.017118402282453638
0 0.11794354838709678 0.2405135520684736 0.024596774193548387 0.015406562054208274
0 0.1532258064516129 0.2405135520684736 0.024193548387096774 0.015406562054208274
0 0.11451612903225807 0.27403708987161196 0.035483870967741936 0.013980028530670471
0 0.13891129032258065 0.27403708987161196 0.017338709677419354 0.013980028530670471
0 0.1719758064516129 0.27403708987161196 0.03508064516129032 0.013980028530670471
0 0.25705645161290325 0.27403708987161196 0.11733870967741936 0.013980028530670471
0 0.33991935483870966 0.27403708987161196 0.035483870967741936 0.013980028530670471
0 0.3907258064516129 0.27403708987161196 0.0532258064516129 0.013980028530670471
0 0.4502016129032258 0.27403708987161196 0.05282258064516129 0.013980028530670471
0 0.3276209677419355 0.2912981455064194 0.10362903225806451 0.014265335235378032
0 0.5451612903225806 0.2912981455064194 0.06612903225806452 0.014265335235378032
0 0.13225806451612904 0.292867332382311 0.062096774193548386 0.011126961483594865
0 0.7074596774193549 0.292867332382311 0.028629032258064516 0.011126961483594865
0 0.7560483870967742 0.2921540656205421 0.06854838709677419 0.012553495007132667
0 0.13004032258064516 0.30998573466476464 0.06653225806451613 0.013980028530670471
0 0.32016129032258067 0.30998573466476464 0.08387096774193549 0.013980028530670471
0 0.5375 0.30998573466476464 0.050806451612903224 0.013980028530670471
0 0.7185483870967742 0.30998573466476464 0.050806451612903224 0.013980028530670471
0 0.30443548387096775 0.3241084165477889 0.05725806451612903 0.014265335235378032
0 0.3752016129032258 0.3241084165477889 0.06653225806451613 0.014265335235378032
0 0.442741935483871 0.3241084165477889 0.050806451612903224 0.014265335235378032
0 0.49233870967741933 0.3241084165477889 0.035483870967741936 0.014265335235378032
0 0.6280241935483871 0.3241084165477889 0.11733870967741936 0.014265335235378032
0 0.7727822580645162 0.3241084165477889 0.15443548387096775 0.014265335235378032
0 0.8798387096774194 0.3241084165477889 0.050806451612903224 0.014265335235378032
0 0.5387096774193548 0.32496433666191155 0.04435483870967742 0.012553495007132667
0 0.9151209677419355 0.32567760342368046 0.015725806451612902 0.011126961483594865
0 0.13004032258064516 0.3319543509272468 0.06653225806451613 0.013980028530670471
0 0.3199596774193548 0.33965763195435095 0.031048387096774193 0.011126961483594865
0 0.5120967741935484 0.3599144079885877 0.0532258064516129 0.013980028530670471
0 0.7935483870967742 0.3803138373751783 0.050806451612903224 0.014265335235378032
0 0.17419354838709677 0.3818830242510699 0.03064516129032258 0.011126961483594865
0 0.28024193548387094 0.3818830242510699 0.035483870967741936 0.013980028530670471
0 0.34213709677419357 0.3818830242510699 0.03508064516129032 0.013980028530670471
0 0.4933467741935484 0.3818830242510699 0.06814516129032258 0.013980028530670471
0 0.6435483870967742 0.3818830242510699 0.050806451612903224 0.013980028530670471
0 0.719758064516129 0.3818830242510699 0.04838709677419355 0.013980028530670471
0 0.8764112903225807 0.3818830242510699 0.04879032258064516 0.013980028530670471
0 0.1808467741935484 0.39900142653352355 0.13266129032258064 0.013980028530670471
0 0.4625 0.3991440798858773 0.09032258064516129 0.010841654778887305
0 0.5377016129032258 0.3991440798858773 0.046370967741935484 0.010841654778887305
0 0.6435483870967742 0.4052781740370899 0.03306451612903226 0.013980028530670471
0 0.7959677419354839 0.4052781740370899 0.03306451612903226 0.013980028530670471
0 0.8776209677419354 0.4052781740370899 0.06814516129032258 0.013980028530670471
0 0.27923387096774194 0.40613409415121254 0.028629032258064516 0.012268188302425107
0 0.3411290322580645 0.40613409415121254 0.050806451612903224 0.012268188302425107
0 0.43366935483870966 0.4131241084165478 0.09959677419354838 0.010841654778887305
0 0.5098790322580645 0.4131241084165478 0.04879032258064516 0.014265335235378032
0 0.572983870967742 0.4131241084165478 0.06854838709677419 0.014265335235378032
0 0.5120967741935484 0.44750356633380883 0.06612903225806452 0.013980028530670471
0 0.28588709677419355 0.46947218259629103 0.050806451612903224 0.013980028530670471
0 0.6004032258064516 0.46947218259629103 0.06612903225806452 0.013980028530670471
0 0.8776209677419354 0.46947218259629103 0.06814516129032258 0.013980028530670471
0 0.14778225806451614 0.4701854493580599 0.031048387096774193 0.012553495007132667
0 0.1566532258064516 0.4921540656205421 0.03508064516129032 0.012553495007132667
0 0.28568548387096776 0.4921540656205421 0.09959677419354838 0.012553495007132667
0 0.6016129032258064 0.492867332382311 0.3024193548387097 0.013980028530670471
0 0.9018145161290323 0.492867332382311 0.05524193548387097 0.011126961483594865
0 0.5120967741935484 0.5459343794579172 0.06612903225806452 0.013980028530670471
0 0.14778225806451614 0.5679029957203994 0.06653225806451613 0.013980028530670471
0 0.5629032258064516 0.5679029957203994 0.06612903225806452 0.013980028530670471
0 0.12338709677419354 0.5865905848787446 0.04838709677419355 0.010841654778887305
0 0.16310483870967743 0.5865905848787446 0.031048387096774193 0.010841654778887305
0 0.18850806451612903 0.5865905848787446 0.01975806451612903 0.010841654778887305
0 0.29516129032258065 0.600713266761769 0.06693548387096775 0.013980028530670471
0 0.36189516129032256 0.5990014265335235 0.04879032258064516 0.013980028530670471
0 0.4127016129032258 0.5990014265335235 0.03508064516129032 0.013980028530670471
0 0.45907258064516127 0.5990014265335235 0.04395161290322581 0.013980028530670471
0 0.5485887096774194 0.5990014265335235 0.11733870967741936 0.013980028530670471
0 0.6909274193548387 0.5990014265335235 0.15443548387096775 0.013980028530670471
0 0.8169354838709677 0.5990014265335235 0.08387096774193549 0.013980028530670471
0 0.8842741935483871 0.5990014265335235 0.03306451612903226 0.013980028530670471
0 0.2183467741935484 0.6005706134094151 0.039919354838709675 0.010841654778887305
0 0.24475806451612903 0.5998573466476462 0.017741935483870968 0.012268188302425107
0 0.1443548387096774 0.6146932952924393 0.08629032258064516 0.011126961483594865
0 0.19193548387096773 0.6138373751783167 0.008870967741935484 0.0094151212553495
0 0.46673387096774194 0.6747503566333809 0.05524193548387097 0.012553495007132667
0 0.5209677419354839 0.6756062767475035 0.035483870967741936 0.014265335235378032
0 0.5663306451612903 0.6756062767475035 0.0375 0.014265335235378032
0 0.35866935483870965 0.8281027104136948 0.01975806451612903 0.0094151212553495
0 0.37620967741935485 0.8281027104136948 0.01532258064516129 0.0094151212553495
0 0.21391129032258063 0.8335235378031384 0.04879032258064516 0.013980028530670471
0 0.11794354838709678 0.8342368045649072 0.0375 0.00912981455064194
0 0.28125 0.8342368045649072 0.028629032258064516 0.00912981455064194
0 0.3786290322580645 0.839657631954351 0.01532258064516129 0.010841654778887305
0 0.392741935483871 0.838944365192582 0.017741935483870968 0.012268188302425107
0 0.12217741935483871 0.8614835948644793 0.050806451612903224 0.013980028530670471
0 0.11350806451612903 0.8942938659058488 0.03346774193548387 0.013980028530670471
0 0.2536290322580645 0.8942938659058488 0.1282258064516129 0.013980028530670471
0 0.40181451612903224 0.8942938659058488 0.039919354838709675 0.013980028530670471
0 0.5475806451612903 0.8942938659058488 0.035483870967741936 0.013980028530670471
0 0.44899193548387095 0.8958630527817404 0.046370967741935484 0.010841654778887305
0 0.10584677419354839 0.9216833095577746 0.013306451612903225 0.0094151212553495
0 0.6036290322580645 0.9225392296718973 0.041935483870967745 0.011126961483594865
0 0.6512096774193549 0.9225392296718973 0.035483870967741936 0.011126961483594865
0 0.6909274193548387 0.9225392296718973 0.03508064516129032 0.011126961483594865
0 0.7241935483870968 0.92339514978602 0.017741935483870968 0.0094151212553495
0 0.7483870967741936 0.92339514978602 0.017741935483870968 0.0094151212553495
0 0.11129032258064517 0.9420827389443652 0.02903225806451613 0.012553495007132667
0 0.1588709677419355 0.9427960057061341 0.035483870967741936 0.013980028530670471
0 0.20201612903225807 0.9427960057061341 0.050806451612903224 0.013980028530670471
0 0.2957661290322581 0.9427960057061341 0.039919354838709675 0.013980028530670471
0 0.5596774193548387 0.9427960057061341 0.08629032258064516 0.013980028530670471
0 0.7629032258064516 0.9427960057061341 0.03306451612903226 0.013980028530670471
0 0.5020161290322581 0.9443651925820257 0.03306451612903226 0.010841654778887305
0 0.6181451612903226 0.9443651925820257 0.017741935483870968 0.010841654778887305
0 0.6423387096774194 0.9443651925820257 0.017741935483870968 0.010841654778887305
