0 0.1344758064516129 0.09429386590584879 0.05282258064516129 0.013980028530670471
0 0.4542338709677419 0.11355206847360913 0.053629032258064514 0.010841654778887305
0 0.5905241935483871 0.11241084165477888 0.08185483870967741 0.012553495007132667
0 0.7284274193548387 0.11312410841654778 0.07943548387096774 0.011126961483594865
0 0.8633064516129032 0.11312410841654778 0.03951612903225806 0.011126961483594865
0 0.2526209677419355 0.11783166904422254 0.0907258064516129 0.014265335235378032
0 0.32217741935483873 0.11868758915834522 0.04435483870967742 0.012553495007132667
0 0.8401209677419355 0.14365192582025677 0.028629032258064516 0.0094151212553495
0 0.86875 0.14365192582025677 0.01975806451612903 0.0094151212553495
0 0.886491935483871 0.14365192582025677 0.015725806451612902 0.0094151212553495
0 0.13991935483870968 0.15306704707560628 0.06854838709677419 0.015691868758915834
0 0.24052419354838708 0.1522111269614836 0.039919354838709675 0.013980028530670471
0 0.4536290322580645 0.1522111269614836 0.050806451612903224 0.013980028530670471
0 0.5905241935483871 0.1522111269614836 0.05040322580645161 0.013980028530670471
0 0.7274193548387097 0.1522111269614836 0.050806451612903224 0.013980028530670471
0 0.2846774193548387 0.15378031383737517 0.02661290322580645 0.010841654778887305
0 0.31451612903225806 0.1529243937232525 0.020161290322580645 0.012553495007132667
0 0.8610887096774194 0.1630527817403709 0.04879032258064516 0.013980028530670471
0 0.13991935483870968 0.18659058487874464 0.06854838709677419 0.014265335235378032
0 0.24052419354838708 0.18659058487874464 0.039919354838709675 0.014265335235378032
0 0.2846774193548387 0.18744650499286733 0.02661290322580645 0.012553495007132667
0 0.31451612903225806 0.18744650499286733 0.020161290322580645 0.012553495007132667
0 0.4536290322580645 0.19443651925820257 0.050806451612903224 0.013980028530670471
0 0.13891129032258065 0.2209700427960057 0.06653225806451613 0.013980028530670471
0 0.27580645161290324 0.2209700427960057 0.035483870967741936 0.013980028530670471
0 0.28245967741935485 0.30699001426533523 0.07056451612903226 0.017118402282453638
0 0.35423387096774195 0.30699001426533523 0.046370967741935484 0.017118402282453638
0 0.4247983870967742 0.30770328102710415 0.07298387096774193 0.018544935805991442
0 0.5076612903225807 0.30770328102710415 0.07096774193548387 0.018544935805991442
0 0.5772177419354839 0.30770328102710415 0.046370967741935484 0.018544935805991442
0 0.6348790322580645 0.30699001426533523 0.046370967741935484 0.017118402282453638
0 0.6931451612903226 0.30770328102710415 0.04838709677419355 0.018544935805991442
0 0.7518145161290323 0.30699001426533523 0.046370967741935484 0.017118402282453638
0 0.15 0.34679029957203994 0.04838709677419355 0.015691868758915834
0 0.24052419354838708 0.34679029957203994 0.11008064516129032 0.015691868758915834
0 0.3431451612903226 0.34679029957203994 0.09919354838709678 0.015691868758915834
0 0.41391129032258067 0.3483594864479315 0.015725806451612902 0.012553495007132667
0 0.4568548387096774 0.34750356633380886 0.03951612903225806 0.014265335235378032
0 0.14778225806451614 0.3701854493580599 0.039919354838709675 0.015691868758915834
0 0.21068548387096775 0.3701854493580599 0.059274193548387095 0.015691868758915834
0 0.28346774193548385 0.3701854493580599 0.05967741935483871 0.015691868758915834
0 0.3675403225806452 0.3701854493580599 0.08185483870967741 0.015691868758915834
0 0.4502016129032258 0.3701854493580599 0.06169354838709677 0.015691868758915834
0 0.5540322580645162 0.3701854493580599 0.11935483870967742 0.015691868758915834
0 0.6568548387096774 0.3701854493580599 0.05967741935483871 0.015691868758915834
0 0.7207661290322581 0.3701854493580599 0.0375 0.015691868758915834
0 0.7935483870967742 0.3701854493580599 0.07741935483870968 0.015691868758915834
0 0.886491935483871 0.3701854493580599 0.08185483870967741 0.015691868758915834
0 0.10141129032258064 0.3717546362339515 0.013306451612903225 0.012553495007132667
0 0.49778225806451615 0.392867332382311 0.08185483870967741 0.017118402282453638
0 0.11471774193548387 0.392867332382311 0.039919354838709675 0.014265335235378032
0 0.17540322580645162 0.3935805991440799 0.05967741935483871 0.015691868758915834
0 0.23608870967741935 0.392867332382311 0.039919354838709675 0.014265335235378032
0 0.2957661290322581 0.3935805991440799 0.06169354838709677 0.015691868758915834
0 0.3663306451612903 0.3935805991440799 0.06169354838709677 0.015691868758915834
0 0.4272177419354839 0.3935805991440799 0.0375 0.015691868758915834
0 0.5673387096774194 0.3935805991440799 0.03951612903225806 0.015691868758915834
0 0.6282258064516129 0.3935805991440799 0.05967741935483871 0.015691868758915834
0 0.6987903225806451 0.3935805991440799 0.05967741935483871 0.015691868758915834
0 0.759475806451613 0.3935805991440799 0.039919354838709675 0.015691868758915834
0 0.8522177419354838 0.3935805991440799 0.12379032258064517 0.015691868758915834
0 0.18971774193548388 0.41554921540656203 0.07056451612903226 0.015691868758915834
0 0.25705645161290325 0.41554921540656203 0.04233870967741935 0.015691868758915834
0 0.3155241935483871 0.41554921540656203 0.06169354838709677 0.015691868758915834
0 0.38629032258064516 0.41554921540656203 0.062096774193548386 0.015691868758915834
0 0.44576612903225804 0.41554921540656203 0.039919354838709675 0.015691868758915834
0 0.12782258064516128 0.41626248216833095 0.02661290322580645 0.014265335235378032
0 0.12681451612903225 0.43808844507845934 0.024596774193548387 0.013980028530670471
0 0.18971774193548388 0.438944365192582 0.07056451612903226 0.015691868758915834
0 0.30786290322580645 0.438944365192582 0.14798387096774193 0.015691868758915834
0 0.4316532258064516 0.438944365192582 0.07298387096774193 0.015691868758915834
0 0.18971774193548388 0.46162624821683307 0.07056451612903226 0.017118402282453638
0 0.37620967741935485 0.4607703281027104 0.041935483870967745 0.015406562054208274
0 0.12681451612903225 0.4614835948644793 0.024596774193548387 0.013980028530670471
0 0.2592741935483871 0.4614835948644793 0.050806451612903224 0.013980028530670471
0 0.31108870967741936 0.4614835948644793 0.031048387096774193 0.013980028530670471
0 0.34536290322580643 0.4614835948644793 0.024596774193548387 0.013980028530670471
0 0.12681451612903225 0.4843081312410842 0.024596774193548387 0.015691868758915834
0 0.19959677419354838 0.4843081312410842 0.09032258064516129 0.015691868758915834
0 0.28588709677419355 0.4843081312410842 0.05967741935483871 0.015691868758915834
0 0.35745967741935486 0.4843081312410842 0.06169354838709677 0.015691868758915834
0 0.4171370967741935 0.4843081312410842 0.039919354838709675 0.015691868758915834
0 0.4669354838709677 0.4843081312410842 0.041935483870967745 0.015691868758915834
0 0.5066532258064516 0.4843081312410842 0.01975806451612903 0.015691868758915834
0 0.5375 0.4843081312410842 0.020161290322580645 0.015691868758915834
0 0.5883064516129032 0.4843081312410842 0.05967741935483871 0.015691868758915834
0 0.6479838709677419 0.4843081312410842 0.041935483870967745 0.015691868758915834
0 0.6987903225806451 0.4843081312410842 0.041935483870967745 0.015691868758915834
0 0.1157258064516129 0.5295292439372326 0.03790322580645161 0.015406562054208274
0 0.33669354838709675 0.5295292439372326 0.05967741935483871 0.015406562054208274
0 0.40725806451612906 0.5295292439372326 0.05967741935483871 0.015406562054208274
0 0.5276209677419355 0.5295292439372326 0.06169354838709677 0.015406562054208274
0 0.16532258064516128 0.5310984308131241 0.017741935483870968 0.012268188302425107
0 0.21391129032258063 0.5302425106990014 0.06169354838709677 0.013980028530670471
0 0.27580645161290324 0.5302425106990014 0.03951612903225806 0.013980028530670471
0 0.4679435483870968 0.5302425106990014 0.039919354838709675 0.013980028530670471
0 0.5850806451612903 0.5302425106990014 0.035483870967741936 0.013980028530670471
0 0.1620967741935484 0.5537803138373751 0.01532258064516129 0.014265335235378032
0 0.21512096774193548 0.5530670470756063 0.059274193548387095 0.015691868758915834
0 0.27580645161290324 0.5530670470756063 0.03951612903225806 0.015691868758915834
0 0.3209677419354839 0.5530670470756063 0.03306451612903226 0.015691868758915834
0 0.21512096774193548 0.5756062767475035 0.059274193548387095 0.017403708987161197
0 0.3786290322580645 0.5756062767475035 0.024193548387096774 0.017403708987161197
0 0.16310483870967743 0.5763195435092725 0.013306451612903225 0.012553495007132667
0 0.27580645161290324 0.5756062767475035 0.03951612903225806 0.013980028530670471
0 0.32217741935483873 0.5756062767475035 0.035483870967741936 0.013980028530670471
