0 0.13346774193548386 0.09514978601997147 0.050806451612903224 0.015691868758915834
0 0.5143145161290322 0.1529243937232525 0.31814516129032255 0.03138373751783167
0 0.20625 0.15378031383737517 0.11733870967741936 0.029671897289586305
0 0.21391129032258063 0.192867332382311 0.06169354838709677 0.017118402282453638
0 0.30423387096774196 0.19372325249643366 0.10201612903225807 0.015977175463623396
0 0.40625 0.192867332382311 0.07943548387096774 0.017118402282453638
0 0.1344758064516129 0.192867332382311 0.05766129032258065 0.014265335235378032
0 0.13346774193548386 0.21069900142653353 0.05967741935483871 0.015691868758915834
0 0.15443548387096775 0.22653352353780315 0.017741935483870968 0.012553495007132667
0 0.19959677419354838 0.22796005706134093 0.03306451612903226 0.015406562054208274
0 0.23044354838709677 0.22724679029957204 0.028629032258064516 0.013980028530670471
0 0.30443548387096775 0.22796005706134093 0.10161290322580645 0.015406562054208274
0 0.40504032258064515 0.22796005706134093 0.08185483870967741 0.015406562054208274
0 0.4965725806451613 0.22796005706134093 0.07943548387096774 0.015406562054208274
0 0.5762096774193548 0.22796005706134093 0.05725806451612903 0.015406562054208274
0 0.6479838709677419 0.22796005706134093 0.041935483870967745 0.015406562054208274
0 0.6975806451612904 0.22796005706134093 0.04435483870967742 0.015406562054208274
0 0.7715725806451613 0.22796005706134093 0.0907258064516129 0.015406562054208274
0 0.3199596774193548 0.24593437945791727 0.05766129032258065 0.017118402282453638
0 0.40826612903225806 0.24522111269614835 0.1060483870967742 0.015691868758915834
0 0.13669354838709677 0.24593437945791727 0.021774193548387097 0.014265335235378032
0 0.1842741935483871 0.24664764621968616 0.05967741935483871 0.015691868758915834
0 0.25383064516129034 0.24664764621968616 0.05766129032258065 0.015691868758915834
0 0.16532258064516128 0.2905848787446505 0.075 0.015691868758915834
0 0.10584677419354839 0.2921540656205421 0.013306451612903225 0.012553495007132667
0 0.13004032258064516 0.3131241084165478 0.02620967741935484 0.013980028530670471
0 0.22278225806451613 0.3139800285306705 0.09717741935483871 0.015691868758915834
0 0.3189516129032258 0.3139800285306705 0.07741935483870968 0.015691868758915834
0 0.3774193548387097 0.3139800285306705 0.017741935483870968 0.015691868758915834
0 0.43366935483870966 0.3139800285306705 0.07701612903225806 0.015691868758915834
0 0.501008064516129 0.3139800285306705 0.039919354838709675 0.015691868758915834
0 0.5495967741935484 0.3139800285306705 0.03951612903225806 0.015691868758915834
0 0.5981854838709677 0.3139800285306705 0.039919354838709675 0.015691868758915834
0 0.6645161290322581 0.3139800285306705 0.05725806451612903 0.015691868758915834
0 0.34758064516129034 0.33666191155492153 0.11290322580645161 0.017118402282453638
0 0.6159274193548387 0.33580599144079887 0.039919354838709675 0.015406562054208274
0 0.6645161290322581 0.33580599144079887 0.03951612903225806 0.015406562054208274
0 0.7306451612903225 0.33580599144079887 0.05725806451612903 0.015406562054208274
0 0.13004032258064516 0.3365192582025678 0.02217741935483871 0.013980028530670471
0 0.2129032258064516 0.33737517831669045 0.07741935483870968 0.015691868758915834
0 0.2713709677419355 0.33737517831669045 0.017741935483870968 0.015691868758915834
0 0.4536290322580645 0.3365192582025678 0.07741935483870968 0.013980028530670471
0 0.5209677419354839 0.33737517831669045 0.03951612903225806 0.015691868758915834
0 0.5673387096774194 0.33737517831669045 0.03951612903225806 0.015691868758915834
0 0.10584677419354839 0.3825962910128388 0.013306451612903225 0.012553495007132667
0 0.1377016129032258 0.3818830242510699 0.01975806451612903 0.013980028530670471
0 0.1909274193548387 0.38273894436519257 0.07298387096774193 0.015691868758915834
0 0.26149193548387095 0.38273894436519257 0.05524193548387097 0.015691868758915834
0 0.32560483870967744 0.38273894436519257 0.05524193548387097 0.015691868758915834
0 0.39495967741935484 0.38273894436519257 0.07056451612903226 0.015691868758915834
0 0.4756048387096774 0.38273894436519257 0.07298387096774193 0.015691868758915834
0 0.5639112903225807 0.38273894436519257 0.0907258064516129 0.015691868758915834
0 0.6610887096774194 0.38273894436519257 0.0907258064516129 0.015691868758915834
0 0.7417338709677419 0.38273894436519257 0.05766129032258065 0.015691868758915834
0 0.7947580645161291 0.38273894436519257 0.035483870967741936 0.015691868758915834
0 0.867741935483871 0.38273894436519257 0.09274193548387097 0.015691868758915834
0 0.21350806451612903 0.405848787446505 0.07540322580645162 0.016833095577746076
0 0.3056451612903226 0.40456490727532096 0.08629032258064516 0.015406562054208274
0 0.4723790322580645 0.40456490727532096 0.09717741935483871 0.015406562054208274
0 0.6254032258064516 0.405848787446505 0.07741935483870968 0.016833095577746076
0 0.7814516129032258 0.40456490727532096 0.08387096774193549 0.015406562054208274
0 0.14778225806451614 0.40613409415121254 0.03508064516129032 0.015691868758915834
0 0.35423387096774195 0.4054208273894436 0.0068548387096774195 0.010841654778887305
0 0.37620967741935485 0.4052781740370899 0.041935483870967745 0.013980028530670471
0 0.40504032258064515 0.4052781740370899 0.01975806451612903 0.013980028530670471
0 0.5495967741935484 0.4052781740370899 0.03951612903225806 0.013980028530670471
0 0.7020161290322581 0.4052781740370899 0.05725806451612903 0.013980028530670471
0 0.4745967741935484 0.450641940085592 0.021774193548387097 0.013980028530670471
0 0.5419354838709678 0.450641940085592 0.024193548387096774 0.013980028530670471
0 0.30362903225806454 0.49586305278174037 0.050806451612903224 0.017118402282453638
0 0.17762096774193548 0.49671897289586303 0.07701612903225806 0.015406562054208274
0 0.3564516129032258 0.49671897289586303 0.041935483870967745 0.015406562054208274
0 0.17661290322580644 0.5194008559201141 0.075 0.017403708987161197
0 0.3554435483870968 0.5185449358059915 0.1721774193548387 0.015691868758915834
0 0.16532258064516128 0.5419400855920115 0.05725806451612903 0.015691868758915834
0 0.22399193548387097 0.5419400855920115 0.0375 0.015691868758915834
0 0.33669354838709675 0.5419400855920115 0.1346774193548387 0.015691868758915834
0 0.4282258064516129 0.5419400855920115 0.04838709677419355 0.015691868758915834
0 0.47016129032258064 0.5412268188302425 0.03951612903225806 0.014265335235378032
0 0.5076612903225807 0.5419400855920115 0.017741935483870968 0.015691868758915834
0 0.5651209677419354 0.5419400855920115 0.07540322580645162 0.015691868758915834
0 0.6423387096774194 0.5419400855920115 0.05725806451612903 0.015691868758915834
0 0.6985887096774194 0.5419400855920115 0.0375 0.015691868758915834
0 0.17721774193548387 0.5657631954350927 0.07782258064516129 0.015977175463623396
0 0.2979838709677419 0.5647646219686162 0.05725806451612903 0.013980028530670471
0 0.35524193548387095 0.5647646219686162 0.035483870967741936 0.013980028530670471
0 0.39737903225806454 0.5647646219686162 0.031048387096774193 0.013980028530670471
0 0.4689516129032258 0.5647646219686162 0.05967741935483871 0.013980028530670471
0 0.5264112903225806 0.5647646219686162 0.0375 0.013980028530670471
0 0.5695564516129032 0.5647646219686162 0.031048387096774193 0.013980028530670471
0 0.14778225806451614 0.6106990014265335 0.039919354838709675 0.015691868758915834
0 0.19516129032258064 0.6106990014265335 0.041935483870967745 0.015691868758915834
0 0.28024193548387094 0.6106990014265335 0.075 0.015691868758915834
0 0.3731854838709677 0.6106990014265335 0.08830645161290322 0.015691868758915834
0 0.4393145161290323 0.6106990014265335 0.04879032258064516 0.015691868758915834
0 0.501008064516129 0.6106990014265335 0.05766129032258065 0.015691868758915834
0 0.555241935483871 0.6106990014265335 0.03306451612903226 0.015691868758915834
0 0.6070564516129032 0.6106990014265335 0.02217741935483871 0.015691868758915834
0 0.4435483870967742 0.6904422253922967 0.15 0.025106990014265335
0 0.6445564516129032 0.6871611982881598 0.0657258064516129 0.02425106990014265
0 0.5296370967741936 0.6890156918687589 0.02217741935483871 0.018830242510699
0 0.1532258064516129 0.7803138373751783 0.07741935483870968 0.014265335235378032
0 0.22943548387096774 0.7803138373751783 0.04838709677419355 0.014265335235378032
0 0.3100806451612903 0.7803138373751783 0.03306451612903226 0.014265335235378032
0 0.3641129032258065 0.7803138373751783 0.04838709677419355 0.014265335235378032
0 0.44375 0.7803138373751783 0.031048387096774193 0.014265335235378032
0 0.5707661290322581 0.7803138373751783 0.046370967741935484 0.014265335235378032
0 0.6336693548387097 0.781169757489301 0.04879032258064516 0.012553495007132667
0 0.7120967741935483 0.7803138373751783 0.03306451612903226 0.014265335235378032
0 0.7661290322580645 0.7803138373751783 0.04838709677419355 0.014265335235378032
0 0.49879032258064515 0.781169757489301 0.04838709677419355 0.012553495007132667
0 0.12782258064516128 0.8115549215406562 0.04435483870967742 0.011126961483594865
0 0.11794354838709678 0.8600570613409415 0.028629032258064516 0.011126961483594865
0 0.24052419354838708 0.8600570613409415 0.16330645161290322 0.011126961483594865
0 0.4038306451612903 0.8593437945791726 0.05282258064516129 0.012553495007132667
0 0.45141129032258065 0.8593437945791726 0.03346774193548387 0.012553495007132667
0 0.49112903225806454 0.8593437945791726 0.03306451612903226 0.012553495007132667
0 0.5772177419354839 0.8600570613409415 0.028629032258064516 0.011126961483594865
0 0.18205645161290324 0.8796005706134095 0.05524193548387097 0.012553495007132667
0 0.2979838709677419 0.8803138373751783 0.062096774193548386 0.013980028530670471
0 0.3606854838709677 0.8803138373751783 0.046370967741935484 0.011126961483594865
0 0.411491935483871 0.8803138373751783 0.046370967741935484 0.013980028530670471
0 0.49112903225806454 0.8803138373751783 0.06854838709677419 0.013980028530670471
0 0.557258064516129 0.8810271041369472 0.050806451612903224 0.012553495007132667
0 0.1122983870967742 0.881169757489301 0.013306451612903225 0.0094151212553495
0 0.4469758064516129 0.881169757489301 0.010887096774193548 0.0094151212553495
0 0.7560483870967742 0.8818830242510699 0.041935483870967745 0.010841654778887305
0 0.7925403225806451 0.881169757489301 0.03508064516129032 0.0094151212553495
0 0.8401209677419355 0.881169757489301 0.015725806451612902 0.0094151212553495
0 0.8245967741935484 0.8825962910128388 0.020161290322580645 0.0094151212553495
0 0.12016129032258065 0.9021398002853067 0.02903225806451613 0.010841654778887305
0 0.19616935483870968 0.9021398002853067 0.07943548387096774 0.010841654778887305
0 0.24596774193548387 0.9021398002853067 0.020161290322580645 0.010841654778887305
0 0.2879032258064516 0.9014265335235377 0.03306451612903226 0.012268188302425107
0 0.36189516129032256 0.9021398002853067 0.09717741935483871 0.010841654778887305
0 0.5153225806451613 0.9021398002853067 0.07741935483870968 0.010841654778887305
0 0.7518145161290323 0.9021398002853067 0.028629032258064516 0.010841654778887305
0 0.573991935483871 0.9029957203994293 0.03508064516129032 0.00912981455064194
0 0.30786290322580645 0.9225392296718973 0.05524193548387097 0.013980028530670471
0 0.3651209677419355 0.9225392296718973 0.046370967741935484 0.013980028530670471
0 0.4171370967741935 0.9225392296718973 0.04879032258064516 0.013980028530670471
0 0.46915322580645163 0.9225392296718973 0.046370967741935484 0.013980028530670471
0 0.5310483870967742 0.9225392296718973 0.05967741935483871 0.013980028530670471
0 0.5828629032258065 0.9225392296718973 0.031048387096774193 0.013980028530670471
0 0.6280241935483871 0.92339514978602 0.046370967741935484 0.015691868758915834
0 0.7054435483870968 0.9225392296718973 0.09475806451612903 0.013980028530670471
