0 0.13346774193548386 0.09514978601997147 0.050806451612903224 0.015691868758915834
0 0.4183467741935484 0.11069900142653352 0.046370967741935484 0.012553495007132667
0 0.4856854838709677 0.1115549215406562 0.07056451612903226 0.010841654778887305
0 0.5550403225806452 0.1115549215406562 0.046370967741935484 0.010841654778887305
0 0.6137096774193549 0.1115549215406562 0.0532258064516129 0.010841654778887305
0 0.5131048387096774 0.1544935805991441 0.2979838709677419 0.021968616262482168
0 0.20504032258064517 0.21626248216833097 0.07943548387096774 0.017118402282453638
0 0.12016129032258065 0.21626248216833097 0.03790322580645161 0.014265335235378032
0 0.12903225806451613 0.23894436519258203 0.05967741935483871 0.015691868758915834
0 0.2094758064516129 0.2616262482168331 0.07056451612903226 0.017118402282453638
0 0.11915322580645162 0.262339514978602 0.039919354838709675 0.015691868758915834
0 0.3056451612903226 0.262339514978602 0.09919354838709678 0.015691868758915834
0 0.4570564516129032 0.262339514978602 0.1810483870967742 0.015691868758915834
0 0.5883064516129032 0.262339514978602 0.05967741935483871 0.015691868758915834
0 0.6588709677419354 0.262339514978602 0.05967741935483871 0.015691868758915834
0 0.725 0.2614835948644793 0.05403225806451613 0.016833095577746076
0 0.8002016129032258 0.262339514978602 0.08185483870967741 0.015691868758915834
0 0.15120967741935484 0.2967189728958631 0.050806451612903224 0.015406562054208274
0 0.2747983870967742 0.2967189728958631 0.18346774193548387 0.015406562054208274
0 0.3941532258064516 0.2967189728958631 0.05524193548387097 0.015406562054208274
0 0.45806451612903226 0.2967189728958631 0.05967741935483871 0.015406562054208274
0 0.1034274193548387 0.29757489300998574 0.013306451612903225 0.010841654778887305
0 0.49233870967741933 0.29757489300998574 0.008870967741935484 0.010841654778887305
0 0.15443548387096775 0.3202567760342368 0.06612903225806452 0.015691868758915834
0 0.24274193548387096 0.3209700427960057 0.09274193548387097 0.017118402282453638
0 0.38306451612903225 0.3209700427960057 0.17016129032258065 0.017118402282453638
0 0.5076612903225807 0.3202567760342368 0.05725806451612903 0.015691868758915834
0 0.5717741935483871 0.3202567760342368 0.05725806451612903 0.015691868758915834
0 0.629233870967742 0.3202567760342368 0.039919354838709675 0.015691868758915834
0 0.6931451612903226 0.3202567760342368 0.05725806451612903 0.015691868758915834
0 0.7538306451612903 0.3202567760342368 0.05524193548387097 0.015691868758915834
0 0.8046370967741936 0.3209700427960057 0.0375 0.017118402282453638
0 0.8731854838709677 0.3209700427960057 0.0907258064516129 0.017118402282453638
0 0.1034274193548387 0.3218259629101284 0.013306451612903225 0.012553495007132667
0 0.14334677419354838 0.3443651925820257 0.039919354838709675 0.014265335235378032
0 0.20967741935483872 0.34507845934379455 0.08387096774193549 0.015691868758915834
0 0.2713709677419355 0.34507845934379455 0.03951612903225806 0.015691868758915834
0 0.30120967741935484 0.34507845934379455 0.020161290322580645 0.015691868758915834
0 0.3455645161290323 0.34507845934379455 0.05967741935483871 0.015691868758915834
0 0.43366935483870966 0.34507845934379455 0.09959677419354838 0.015691868758915834
0 0.5254032258064516 0.34507845934379455 0.06612903225806452 0.015691868758915834
0 0.12681451612903225 0.36861626248216833 0.024596774193548387 0.015406562054208274
0 0.1786290322580645 0.3706134094151213 0.05161290322580645 0.016547788873038517
0 0.24818548387096775 0.36861626248216833 0.06411290322580646 0.015406562054208274
0 0.33649193548387096 0.36861626248216833 0.09475806451612903 0.015406562054208274
0 0.4778225806451613 0.36861626248216833 0.17016129032258065 0.015406562054208274
0 0.6004032258064516 0.36861626248216833 0.05725806451612903 0.015406562054208274
0 0.6655241935483871 0.36861626248216833 0.05524193548387097 0.015406562054208274
0 0.7264112903225807 0.36861626248216833 0.04879032258064516 0.015406562054208274
0 0.32661290322580644 0.392867332382311 0.14112903225806453 0.017118402282453638
0 0.12681451612903225 0.392867332382311 0.024596774193548387 0.014265335235378032
0 0.19959677419354838 0.3935805991440799 0.09032258064516129 0.015691868758915834
0 0.45141129032258065 0.3935805991440799 0.0907258064516129 0.015691868758915834
0 0.5221774193548387 0.3935805991440799 0.050806451612903224 0.015691868758915834
0 0.20846774193548387 0.41697574893009987 0.08629032258064516 0.015691868758915834
0 0.28911290322580646 0.41697574893009987 0.05725806451612903 0.015691868758915834
0 0.14455645161290323 0.41783166904422253 0.01975806451612903 0.013980028530670471
0 0.225 0.4413694721825963 0.11935483870967742 0.017118402282453638
0 0.4149193548387097 0.4413694721825963 0.12338709677419354 0.017118402282453638
0 0.14455645161290323 0.4412268188302425 0.01975806451612903 0.013980028530670471
0 0.3310483870967742 0.4412268188302425 0.03064516129032258 0.013980028530670471
0 0.5342741935483871 0.4420827389443652 0.08387096774193549 0.015691868758915834
0 0.1963709677419355 0.46547788873038515 0.075 0.015691868758915834
0 0.33649193548387096 0.46547788873038515 0.13024193548387097 0.015691868758915834
0 0.45141129032258065 0.46547788873038515 0.08588709677419355 0.015691868758915834
0 0.5629032258064516 0.46547788873038515 0.11935483870967742 0.015691868758915834
0 0.6568548387096774 0.46547788873038515 0.050806451612903224 0.015691868758915834
0 0.723991935483871 0.46547788873038515 0.07056451612903226 0.015691868758915834
0 0.7858870967741935 0.4646219686162625 0.03951612903225806 0.013980028530670471
0 0.8699596774193549 0.46547788873038515 0.11491935483870967 0.015691868758915834
0 0.2094758064516129 0.4897289586305278 0.09717741935483871 0.017403708987161197
0 0.3961693548387097 0.4888730385164051 0.07701612903225806 0.015691868758915834
0 0.5108870967741935 0.4897289586305278 0.1346774193548387 0.017403708987161197
0 0.6038306451612904 0.4888730385164051 0.0375 0.015691868758915834
0 0.2846774193548387 0.4897289586305278 0.03951612903225806 0.013980028530670471
0 0.3310483870967742 0.4897289586305278 0.03951612903225806 0.013980028530670471
0 0.12459677419354839 0.5131241084165478 0.020161290322580645 0.013980028530670471
0 0.1719758064516129 0.5139800285306705 0.039919354838709675 0.015691868758915834
0 0.21713709677419354 0.5139800285306705 0.0375 0.015691868758915834
0 0.26370967741935486 0.5139800285306705 0.03790322580645161 0.015691868758915834
0 0.8268145161290322 0.5373751783166905 0.06411290322580646 0.015691868758915834
0 0.905241935483871 0.5373751783166905 0.03951612903225806 0.015691868758915834
0 0.15342741935483872 0.566191155492154 0.0375 0.013980028530670471
0 0.2659274193548387 0.5679029957203994 0.07298387096774193 0.013980028530670471
0 0.38286290322580646 0.5679029957203994 0.05524193548387097 0.013980028530670471
0 0.5056451612903226 0.5764621968616263 0.075 0.015691868758915834
0 0.6578629032258064 0.5764621968616263 0.07540322580645162 0.015691868758915834
0 0.8389112903225806 0.5764621968616263 0.07540322580645162 0.015691868758915834
0 0.2659274193548387 0.585021398002853 0.0375 0.013980028530670471
0 0.38286290322580646 0.585021398002853 0.07298387096774193 0.013980028530670471
0 0.15342741935483872 0.5873038516405136 0.05524193548387097 0.015691868758915834
0 0.8056451612903226 0.6162624821683309 0.09274193548387097 0.014265335235378032
0 0.8887096774193548 0.6162624821683309 0.05967741935483871 0.014265335235378032
0 0.35745967741935486 0.6178316690442225 0.04395161290322581 0.013980028530670471
0 0.4137096774193548 0.6178316690442225 0.024193548387096774 0.013980028530670471
0 0.3907258064516129 0.6185449358059915 0.02661290322580645 0.012553495007132667
0 0.629233870967742 0.6256776034236805 0.05282258064516129 0.014265335235378032
0 0.13225806451612904 0.6265335235378031 0.035483870967741936 0.012553495007132667
0 0.16875 0.6272467902995721 0.0375 0.011126961483594865
0 0.2659274193548387 0.6265335235378031 0.0907258064516129 0.012553495007132667
0 0.482258064516129 0.6265335235378031 0.020161290322580645 0.012553495007132667
0 0.5120967741935484 0.6265335235378031 0.03064516129032258 0.012553495007132667
0 0.5441532258064516 0.6265335235378031 0.028629032258064516 0.012553495007132667
0 0.6699596774193548 0.6265335235378031 0.01975806451612903 0.012553495007132667
0 0.6997983870967742 0.6272467902995721 0.02620967741935484 0.011126961483594865
0 0.38286290322580646 0.6335235378031384 0.046370967741935484 0.013980028530670471
0 0.8137096774193548 0.6349500713266761 0.050806451612903224 0.013980028530670471
0 0.867741935483871 0.6358059914407989 0.04435483870967742 0.012268188302425107
0 0.11350806451612903 0.6888730385164051 0.0375 0.015691868758915834
0 0.20181451612903226 0.6888730385164051 0.09959677419354838 0.015691868758915834
0 0.28568548387096776 0.6888730385164051 0.0375 0.015691868758915834
0 0.33991935483870966 0.6888730385164051 0.021774193548387097 0.015691868758915834
