0 0.13346774193548386 0.09514978601997147 0.050806451612903224 0.015691868758915834
0 0.4316532258064516 0.11069900142653352 0.046370967741935484 0.012553495007132667
0 0.37963709677419355 0.1108416547788873 0.04395161290322581 0.0094151212553495
0 0.4625 0.1115549215406562 0.01532258064516129 0.010841654778887305
0 0.4997983870967742 0.1115549215406562 0.046370967741935484 0.010841654778887305
0 0.5518145161290322 0.11069900142653352 0.04879032258064516 0.012553495007132667
0 0.6038306451612904 0.11069900142653352 0.046370967741935484 0.012553495007132667
0 0.6512096774193549 0.1115549215406562 0.03064516129032258 0.010841654778887305
0 0.5100806451612904 0.15378031383737517 0.38870967741935486 0.023395149786019972
0 0.3167338709677419 0.21626248216833097 0.30282258064516127 0.017118402282453638
0 0.12016129032258065 0.21626248216833097 0.03790322580645161 0.014265335235378032
0 0.12903225806451613 0.2396576319543509 0.05967741935483871 0.017118402282453638
0 0.11915322580645162 0.262339514978602 0.039919354838709675 0.015691868758915834
0 0.18528225806451612 0.262339514978602 0.039919354838709675 0.015691868758915834
0 0.2558467741935484 0.262339514978602 0.07943548387096774 0.015691868758915834
0 0.36088709677419356 0.2630527817403709 0.11290322580645161 0.017118402282453638
0 0.45120967741935486 0.262339514978602 0.050806451612903224 0.015691868758915834
0 0.15100806451612903 0.2967189728958631 0.1125 0.015406562054208274
0 0.25826612903225804 0.2967189728958631 0.1060483870967742 0.015406562054208274
0 0.3310483870967742 0.2967189728958631 0.03064516129032258 0.015406562054208274
0 0.35866935483870965 0.2967189728958631 0.024596774193548387 0.015406562054208274
0 0.3919354838709677 0.2967189728958631 0.03306451612903226 0.015406562054208274
0 0.4625 0.2967189728958631 0.0814516129032258 0.015406562054208274
0 0.5883064516129032 0.2967189728958631 0.13951612903225807 0.015406562054208274
0 0.7252016129032258 0.2967189728958631 0.09959677419354838 0.015406562054208274
0 0.8201612903225807 0.2967189728958631 0.05967741935483871 0.015406562054208274
0 0.8975806451612903 0.2967189728958631 0.05967741935483871 0.015406562054208274
0 0.14536290322580644 0.31940085592011414 0.09717741935483871 0.017403708987161197
0 0.37963709677419355 0.31940085592011414 0.1060483870967742 0.017403708987161197
0 0.23608870967741935 0.3202567760342368 0.06169354838709677 0.015691868758915834
0 0.2957661290322581 0.3202567760342368 0.039919354838709675 0.015691868758915834
0 0.3784274193548387 0.3646219686162625 0.22298387096774194 0.017118402282453638
0 0.1157258064516129 0.36547788873038517 0.03790322580645161 0.015406562054208274
0 0.20524193548387096 0.36547788873038517 0.10161290322580645 0.015406562054208274
0 0.5133064516129032 0.36547788873038517 0.03306451612903226 0.015406562054208274
0 0.5705645161290323 0.36547788873038517 0.024193548387096774 0.015406562054208274
0 0.5241935483870968 0.6741797432239658 0.4217741935483871 0.023395149786019972
0 0.6346774193548387 0.7482168330955777 0.02903225806451613 0.0094151212553495
0 0.6622983870967742 0.7482168330955777 0.017338709677419354 0.0094151212553495
0 0.6810483870967742 0.7482168330955777 0.01532258064516129 0.0094151212553495
0 0.2306451612903226 0.7537803138373752 0.050806451612903224 0.014265335235378032
0 0.4338709677419355 0.7537803138373752 0.050806451612903224 0.014265335235378032
0 0.13004032258064516 0.7544935805991441 0.05282258064516129 0.0094151212553495
0 0.33004032258064514 0.7553495007132668 0.05524193548387097 0.011126961483594865
0 0.5165322580645161 0.7544935805991441 0.012903225806451613 0.0094151212553495
0 0.5296370967741936 0.7544935805991441 0.013306451612903225 0.0094151212553495
0 0.6445564516129032 0.7616262482168331 0.05282258064516129 0.013980028530670471
0 0.12560483870967742 0.8225392296718973 0.04395161290322581 0.010841654778887305
0 0.11794354838709678 0.8646219686162625 0.03346774193548387 0.013980028530670471
0 0.19193548387096773 0.8647646219686163 0.09274193548387097 0.010841654778887305
0 0.5473790322580645 0.8647646219686163 0.031048387096774193 0.010841654778887305
0 0.25161290322580643 0.8825962910128388 0.08387096774193549 0.015691868758915834
0 0.3270161290322581 0.8834522111269615 0.05161290322580645 0.015121255349500713
0 0.3875 0.8818830242510699 0.050806451612903224 0.014265335235378032
0 0.4558467741935484 0.8818830242510699 0.06814516129032258 0.014265335235378032
0 0.5463709677419355 0.8818830242510699 0.09919354838709678 0.014265335235378032
0 0.6247983870967742 0.8827389443651926 0.03508064516129032 0.012553495007132667
0 0.15 0.8912981455064194 0.04435483870967742 0.010841654778887305
0 0.6862903225806452 0.890870185449358 0.042741935483870966 0.011697574893009986
0 0.7153225806451613 0.8912981455064194 0.017741935483870968 0.010841654778887305
0 0.25141129032258064 0.8990014265335236 0.0842741935483871 0.014835948644793153
0 0.3189516129032258 0.897432239657632 0.050806451612903224 0.013980028530670471
0 0.8014112903225806 0.9171184022824537 0.09314516129032258 0.015691868758915834
0 0.11895161290322581 0.9169757489300998 0.035483870967741936 0.012553495007132667
0 0.1566532258064516 0.9169757489300998 0.031048387096774193 0.012553495007132667
0 0.19193548387096773 0.9178316690442225 0.03064516129032258 0.010841654778887305
0 0.22721774193548386 0.9169757489300998 0.039919354838709675 0.012553495007132667
0 0.3342741935483871 0.9169757489300998 0.041935483870967745 0.012553495007132667
0 0.37963709677419355 0.9169757489300998 0.031048387096774193 0.012553495007132667
0 0.41391129032258067 0.9178316690442225 0.028629032258064516 0.010841654778887305
0 0.4491935483870968 0.9169757489300998 0.03790322580645161 0.012553495007132667
0 0.5651209677419354 0.9178316690442225 0.09717741935483871 0.014265335235378032
0 0.6314516129032258 0.9194008559201141 0.02661290322580645 0.011126961483594865
0 0.6534274193548387 0.9185449358059914 0.017338709677419354 0.0094151212553495
