0 0.13346774193548386 0.09514978601997147 0.050806451612903224 0.015691868758915834
0 0.4657258064516129 0.11069900142653352 0.08387096774193549 0.012553495007132667
0 0.5574596774193549 0.1115549215406562 0.08185483870967741 0.010841654778887305
0 0.14536290322580644 0.14821683309557773 0.08830645161290322 0.015691868758915834
0 0.5110887096774194 0.15378031383737517 0.3907258064516129 0.023395149786019972
0 0.14556451612903226 0.1630527817403709 0.075 0.013980028530670471
0 0.8741935483870967 0.16790299572039943 0.09274193548387097 0.013980028530670471
0 0.20504032258064517 0.21626248216833097 0.07943548387096774 0.017118402282453638
0 0.12016129032258065 0.21626248216833097 0.03790322580645161 0.014265335235378032
0 0.12903225806451613 0.23894436519258203 0.05967741935483871 0.015691868758915834
0 0.11915322580645162 0.262339514978602 0.039919354838709675 0.015691868758915834
0 0.18528225806451612 0.262339514978602 0.039919354838709675 0.015691868758915834
0 0.2659274193548387 0.262339514978602 0.09959677419354838 0.015691868758915834
0 0.3455645161290323 0.262339514978602 0.041935483870967745 0.015691868758915834
0 0.1443548387096774 0.2967189728958631 0.09919354838709678 0.015406562054208274
0 0.19193548387096773 0.3419400855920114 0.0532258064516129 0.015691868758915834
0 0.25040322580645163 0.3419400855920114 0.050806451612903224 0.015691868758915834
0 0.11673387096774193 0.3427960057061341 0.039919354838709675 0.013980028530670471
0 0.13568548387096774 0.36547788873038517 0.08185483870967741 0.015406562054208274
0 0.22056451612903225 0.36476462196861625 0.035483870967741936 0.013980028530670471
0 0.2701612903225806 0.36476462196861625 0.050806451612903224 0.013980028530670471
0 0.15645161290322582 0.38815977175463623 0.11935483870967742 0.017403708987161197
0 0.25806451612903225 0.38815977175463623 0.02661290322580645 0.013980028530670471
0 0.2991935483870968 0.38815977175463623 0.050806451612903224 0.013980028530670471
0 0.12560483870967742 0.41069900142653354 0.039919354838709675 0.015691868758915834
0 0.21169354838709678 0.41069900142653354 0.035483870967741936 0.015691868758915834
0 0.25161290322580643 0.41069900142653354 0.035483870967741936 0.015691868758915834
0 0.18185483870967742 0.4115549215406562 0.01532258064516129 0.013980028530670471
0 0.6356854838709678 0.7639087018544936 0.031048387096774193 0.0094151212553495
0 0.682258064516129 0.7639087018544936 0.017741935483870968 0.0094151212553495
0 0.6622983870967742 0.7654778887303851 0.017338709677419354 0.00912981455064194
0 0.2306451612903226 0.7686162624821683 0.050806451612903224 0.015406562054208274
0 0.43306451612903224 0.7700427960057061 0.05161290322580645 0.015406562054208274
0 0.12903225806451613 0.7701854493580599 0.050806451612903224 0.0094151212553495
0 0.3310483870967742 0.7701854493580599 0.0532258064516129 0.0094151212553495
0 0.5231854838709677 0.7701854493580599 0.02620967741935484 0.0094151212553495
0 0.6445564516129032 0.7771754636233952 0.05282258064516129 0.014265335235378032
0 0.12439516129032258 0.8373751783166904 0.046370967741935484 0.012553495007132667
0 0.11794354838709678 0.8796005706134095 0.03346774193548387 0.012553495007132667
0 0.15866935483870967 0.8796005706134095 0.031048387096774193 0.012553495007132667
0 0.20846774193548387 0.8803138373751783 0.05967741935483871 0.011126961483594865
0 0.5473790322580645 0.8803138373751783 0.031048387096774193 0.011126961483594865
0 0.4832661290322581 0.8982881597717546 0.09717741935483871 0.015691868758915834
0 0.11028225806451612 0.8990014265335236 0.013306451612903225 0.010841654778887305
0 0.14899193548387096 0.8982881597717546 0.046370967741935484 0.012268188302425107
0 0.25161290322580643 0.8991440798858773 0.08387096774193549 0.013980028530670471
0 0.3189516129032258 0.8991440798858773 0.03306451612903226 0.013980028530670471
0 0.3939516129032258 0.8991440798858773 0.06854838709677419 0.013980028530670471
0 0.592741935483871 0.8991440798858773 0.09516129032258064 0.013980028530670471
0 0.6850806451612903 0.8977175463623395 0.04516129032258064 0.013409415121255349
0 0.7143145161290323 0.8982881597717546 0.01975806451612903 0.012268188302425107
0 0.5657258064516129 0.9186875891583453 0.09516129032258064 0.013124108416547788
0 0.8014112903225806 0.9171184022824537 0.09314516129032258 0.015691868758915834
0 0.11895161290322581 0.9178316690442225 0.035483870967741936 0.010841654778887305
0 0.1566532258064516 0.9169757489300998 0.031048387096774193 0.012553495007132667
0 0.1941532258064516 0.9178316690442225 0.03508064516129032 0.010841654778887305
0 0.2284274193548387 0.9169757489300998 0.0375 0.012553495007132667
0 0.33326612903225805 0.9169757489300998 0.04395161290322581 0.012553495007132667
0 0.37963709677419355 0.9169757489300998 0.031048387096774193 0.012553495007132667
0 0.4137096774193548 0.9169757489300998 0.03306451612903226 0.012553495007132667
0 0.4491935483870968 0.9169757489300998 0.03790322580645161 0.012553495007132667
0 0.6314516129032258 0.9194008559201141 0.02661290322580645 0.011126961483594865
0 0.6534274193548387 0.9185449358059914 0.017338709677419354 0.0094151212553495
0 0.4393145161290323 0.9382310984308131 0.06169354838709677 0.013980028530670471
0 0.5066532258064516 0.9382310984308131 0.06411290322580646 0.013980028530670471
0 0.5673387096774194 0.9382310984308131 0.03064516129032258 0.013980028530670471
0 0.6282258064516129 0.9382310984308131 0.05967741935483871 0.013980028530670471
0 0.37963709677419355 0.9389443651925821 0.031048387096774193 0.012553495007132667
