0 0.13346774193548386 0.09514978601997147 0.050806451612903224 0.015691868758915834
0 0.4183467741935484 0.11069900142653352 0.046370967741935484 0.012553495007132667
0 0.4856854838709677 0.1115549215406562 0.07056451612903226 0.010841654778887305
0 0.5550403225806452 0.1115549215406562 0.046370967741935484 0.010841654778887305
0 0.6137096774193549 0.1115549215406562 0.0532258064516129 0.010841654778887305
0 0.8786290322580645 0.14992867332382312 0.04838709677419355 0.021968616262482168
0 0.5131048387096774 0.1544935805991441 0.2979838709677419 0.021968616262482168
0 0.20504032258064517 0.21626248216833097 0.07943548387096774 0.017118402282453638
0 0.12016129032258065 0.21626248216833097 0.03790322580645161 0.014265335235378032
0 0.12903225806451613 0.23894436519258203 0.05967741935483871 0.015691868758915834
0 0.11915322580645162 0.262339514978602 0.039919354838709675 0.015691868758915834
0 0.1907258064516129 0.2630527817403709 0.050806451612903224 0.017118402282453638
0 0.2780241935483871 0.262339514978602 0.0842741935483871 0.015691868758915834
0 0.3487903225806452 0.262339514978602 0.04435483870967742 0.015691868758915834
0 0.42600806451612905 0.262339514978602 0.07943548387096774 0.015691868758915834
0 0.4965725806451613 0.262339514978602 0.039919354838709675 0.015691868758915834
0 0.5483870967741935 0.262339514978602 0.041935483870967745 0.015691868758915834
0 0.5981854838709677 0.262339514978602 0.039919354838709675 0.015691868758915834
0 0.13669354838709677 0.2967189728958631 0.08387096774193549 0.015406562054208274
0 0.21633064516129033 0.2967189728958631 0.06169354838709677 0.015406562054208274
0 0.28911290322580646 0.2967189728958631 0.062096774193548386 0.015406562054208274
0 0.35100806451612904 0.2967189728958631 0.039919354838709675 0.015406562054208274
0 0.4137096774193548 0.2967189728958631 0.05967741935483871 0.015406562054208274
0 0.49455645161290324 0.2967189728958631 0.07943548387096774 0.015406562054208274
0 0.5860887096774193 0.2967189728958631 0.08185483870967741 0.015406562054208274
0 0.6502016129032258 0.2967189728958631 0.01975806451612903 0.015406562054208274
0 0.6689516129032258 0.2967189728958631 0.021774193548387097 0.015406562054208274
0 0.7219758064516129 0.2967189728958631 0.06169354838709677 0.015406562054208274
0 0.7836693548387097 0.2967189728958631 0.039919354838709675 0.015406562054208274
0 0.8443548387096774 0.2967189728958631 0.05967741935483871 0.015406562054208274
0 0.9074596774193548 0.2967189728958631 0.039919354838709675 0.015406562054208274
0 0.12459677419354839 0.31940085592011414 0.05967741935483871 0.013980028530670471
0 0.19737903225806452 0.3202567760342368 0.06411290322580646 0.015691868758915834
0 0.2913306451612903 0.3419400855920114 0.031048387096774193 0.015691868758915834
0 0.33004032258064514 0.3419400855920114 0.028629032258064516 0.015691868758915834
0 0.37620967741935485 0.3419400855920114 0.041935483870967745 0.015691868758915834
0 0.4381048387096774 0.3419400855920114 0.06411290322580646 0.015691868758915834
0 0.12459677419354839 0.34350927246790297 0.01532258064516129 0.012553495007132667
0 0.15443548387096775 0.3427960057061341 0.017741935483870968 0.013980028530670471
0 0.1909274193548387 0.3427960057061341 0.028629032258064516 0.013980028530670471
0 0.2372983870967742 0.3427960057061341 0.046370967741935484 0.013980028530670471
0 0.5629032258064516 0.3646219686162625 0.13225806451612904 0.017118402282453638
0 0.12237903225806451 0.36547788873038517 0.015725806451612902 0.012553495007132667
0 0.15423387096774194 0.36476462196861625 0.02217741935483871 0.013980028530670471
0 0.18971774193548388 0.36547788873038517 0.031048387096774193 0.015406562054208274
0 0.24495967741935484 0.36476462196861625 0.06169354838709677 0.013980028530670471
0 0.3165322580645161 0.36547788873038517 0.05967741935483871 0.015406562054208274
0 0.40846774193548385 0.36547788873038517 0.10161290322580645 0.015406562054208274
0 0.47681451612903225 0.36547788873038517 0.017338709677419354 0.015406562054208274
0 0.6689516129032258 0.36547788873038517 0.062096774193548386 0.015406562054208274
0 0.20040322580645162 0.3897289586305278 0.11048387096774194 0.017118402282453638
0 0.2967741935483871 0.38730385164051356 0.05967741935483871 0.015691868758915834
0 0.35100806451612904 0.38730385164051356 0.05282258064516129 0.015691868758915834
0 0.5076612903225807 0.38730385164051356 0.062096774193548386 0.015691868758915834
0 0.12116935483870968 0.38887303851640515 0.013306451612903225 0.012553495007132667
0 0.3929435483870968 0.38815977175463623 0.03508064516129032 0.013980028530670471
0 0.4469758064516129 0.38815977175463623 0.06411290322580646 0.013980028530670471
0 0.1566532258064516 0.41069900142653354 0.02217741935483871 0.015691868758915834
0 0.1909274193548387 0.4099857346647646 0.028629032258064516 0.014265335235378032
0 0.25806451612903225 0.41069900142653354 0.08387096774193549 0.015691868758915834
0 0.3620967741935484 0.41069900142653354 0.11048387096774194 0.015691868758915834
0 0.46915322580645163 0.41069900142653354 0.07298387096774193 0.015691868758915834
0 0.5959677419354839 0.41069900142653354 0.14596774193548387 0.015691868758915834
0 0.7262096774193548 0.41069900142653354 0.08387096774193549 0.015691868758915834
0 0.8477822580645161 0.41069900142653354 0.14556451612903226 0.015691868758915834
0 0.12358870967741936 0.4115549215406562 0.013306451612903225 0.011126961483594865
0 0.3419354838709677 0.4333808844507846 0.16774193548387098 0.017118402282453638
0 0.6016129032258064 0.4333808844507846 0.20080645161290323 0.017118402282453638
0 0.23286290322580644 0.43352353780313835 0.028629032258064516 0.013980028530670471
0 0.4645161290322581 0.43423680456490726 0.050806451612903224 0.015406562054208274
0 0.11471774193548387 0.47945791726105563 0.039919354838709675 0.015691868758915834
0 0.22600806451612904 0.47945791726105563 0.13911290322580644 0.015691868758915834
0 0.3233870967741935 0.47945791726105563 0.03306451612903226 0.015691868758915834
0 0.3786290322580645 0.47945791726105563 0.024193548387096774 0.015691868758915834
0 0.8433467741935484 0.7639087018544936 0.031048387096774193 0.0094151212553495
0 0.8709677419354839 0.7639087018544936 0.01532258064516129 0.0094151212553495
0 0.8897177419354839 0.7639087018544936 0.017338709677419354 0.0094151212553495
0 0.2282258064516129 0.7693295292439373 0.050806451612903224 0.013980028530670471
0 0.3431451612903226 0.7701854493580599 0.0814516129032258 0.012268188302425107
0 0.42600806451612905 0.7693295292439373 0.03508064516129032 0.013980028530670471
0 0.5508064516129032 0.769472182596291 0.0814516129032258 0.010841654778887305
0 0.6455645161290322 0.7693295292439373 0.050806451612903224 0.013980028530670471
0 0.12560483870967742 0.7701854493580599 0.05282258064516129 0.0094151212553495
0 0.742741935483871 0.7701854493580599 0.041935483870967745 0.0094151212553495
0 0.853225806451613 0.7771754636233952 0.050806451612903224 0.014265335235378032
0 0.12237903225806451 0.8382310984308131 0.046370967741935484 0.010841654778887305
0 0.19858870967741934 0.8382310984308131 0.07943548387096774 0.010841654778887305
0 0.2814516129032258 0.8380884450784594 0.050806451612903224 0.013980028530670471
0 0.17540322580645162 0.8794579172610556 0.06854838709677419 0.015691868758915834
0 0.1157258064516129 0.8803138373751783 0.03306451612903226 0.013980028530670471
0 0.2439516129032258 0.8796005706134095 0.06854838709677419 0.012553495007132667
0 0.5463709677419355 0.8796005706134095 0.03306451612903226 0.012553495007132667
0 0.35423387096774195 0.8982881597717546 0.059274193548387095 0.015691868758915834
0 0.43044354838709675 0.8982881597717546 0.07943548387096774 0.015691868758915834
0 0.14778225806451614 0.8982881597717546 0.04395161290322581 0.012268188302425107
0 0.23266129032258065 0.8991440798858773 0.050806451612903224 0.013980028530670471
0 0.29354838709677417 0.8990014265335236 0.04838709677419355 0.010841654778887305
0 0.5387096774193548 0.8991440798858773 0.1282258064516129 0.013980028530670471
0 0.719758064516129 0.9007132667617689 0.04435483870967742 0.010841654778887305
0 0.757258064516129 0.8998573466476462 0.017741935483870968 0.00912981455064194
0 0.6788306451612903 0.9005706134094151 0.028629032258064516 0.007703281027104137
0 0.11794354838709678 0.9178316690442225 0.03346774193548387 0.010841654778887305
0 0.15443548387096775 0.9178316690442225 0.02661290322580645 0.010841654778887305
0 0.20846774193548387 0.9169757489300998 0.07258064516129033 0.012553495007132667
0 0.33326612903225805 0.9169757489300998 0.04395161290322581 0.012553495007132667
0 0.3774193548387097 0.9169757489300998 0.03064516129032258 0.012553495007132667
0 0.411491935483871 0.9178316690442225 0.028629032258064516 0.010841654778887305
0 0.4491935483870968 0.9169757489300998 0.03790322580645161 0.012553495007132667
0 0.5495967741935484 0.9178316690442225 0.062096774193548386 0.010841654778887305
0 0.6125 0.9186875891583453 0.050806451612903224 0.012553495007132667
0 0.7737903225806452 0.9169757489300998 0.03306451612903226 0.012553495007132667
0 0.6578629032258064 0.9194008559201141 0.02620967741935484 0.011126961483594865
0 0.6778225806451613 0.9185449358059914 0.017741935483870968 0.0094151212553495
0 0.3532258064516129 0.9382310984308131 0.04838709677419355 0.013980028530670471
0 0.5110887096774194 0.9382310984308131 0.10846774193548388 0.013980028530670471
0 0.41391129032258067 0.9389443651925821 0.06411290322580646 0.012553495007132667
0 0.6036290322580645 0.9396576319543509 0.05967741935483871 0.011126961483594865
0 0.6655241935483871 0.9396576319543509 0.046370967741935484 0.011126961483594865
