0 0.34758064516129034 0.07560627674750356 0.10403225806451613 0.014265335235378032
0 0.4381048387096774 0.07560627674750356 0.06814516129032258 0.014265335235378032
0 0.49879032258064515 0.07560627674750356 0.035483870967741936 0.014265335235378032
0 0.5473790322580645 0.07560627674750356 0.05282258064516129 0.014265335235378032
0 0.6149193548387096 0.07560627674750356 0.06854838709677419 0.014265335235378032
0 0.6899193548387097 0.07560627674750356 0.06854838709677419 0.014265335235378032
0 0.42258064516129035 0.0912981455064194 0.06854838709677419 0.014265335235378032
0 0.48125 0.0912981455064194 0.03508064516129032 0.014265335235378032
0 0.5485887096774194 0.0912981455064194 0.06814516129032258 0.014265335235378032
0 0.6137096774193549 0.09215406562054208 0.03951612903225806 0.012553495007132667
0 0.1344758064516129 0.09514978601997147 0.05282258064516129 0.015691868758915834
0 0.5133064516129032 0.13338088445078458 0.3024193548387097 0.02653352353780314
0 0.8278225806451613 0.13808844507845935 0.075 0.023395149786019972
0 0.8919354838709678 0.13894436519258202 0.04435483870967742 0.02168330955777461
0 0.16754032258064516 0.150641940085592 0.09717741935483871 0.017118402282453638
0 0.13548387096774195 0.19743223965763196 0.06854838709677419 0.017118402282453638
0 0.24919354838709679 0.19743223965763196 0.09274193548387097 0.017118402282453638
0 0.13568548387096774 0.22724679029957204 0.07298387096774193 0.020256776034236805
0 0.12338709677419354 0.25378031383737515 0.04435483870967742 0.017403708987161197
0 0.22399193548387097 0.25449358059914406 0.09475806451612903 0.018830242510699
0 0.33004032258064514 0.25449358059914406 0.09475806451612903 0.018830242510699
0 0.4137096774193548 0.25449358059914406 0.050806451612903224 0.018830242510699
0 0.47016129032258064 0.25449358059914406 0.04838709677419355 0.018830242510699
0 0.5542338709677419 0.25449358059914406 0.09717741935483871 0.018830242510699
0 0.6358870967741935 0.25449358059914406 0.04838709677419355 0.018830242510699
0 0.16310483870967743 0.29828815977175466 0.07943548387096774 0.015691868758915834
0 0.10463709677419354 0.29985734664764624 0.015725806451612902 0.012553495007132667
0 0.15443548387096775 0.32168330955777463 0.03951612903225806 0.015691868758915834
0 0.2252016129032258 0.32168330955777463 0.07943548387096774 0.015691868758915834
0 0.32016129032258067 0.32168330955777463 0.09274193548387097 0.015691868758915834
0 0.3963709677419355 0.32168330955777463 0.041935483870967745 0.015691868758915834
0 0.1941532258064516 0.3436519258202568 0.09717741935483871 0.015691868758915834
0 0.30120967741935484 0.3443651925820257 0.09919354838709678 0.017118402282453638
0 0.3840725806451613 0.3436519258202568 0.05282258064516129 0.015691868758915834
0 0.4469758064516129 0.3436519258202568 0.059274193548387095 0.015691868758915834
0 0.5054435483870968 0.3436519258202568 0.039919354838709675 0.015691868758915834
0 0.5651209677419354 0.3443651925820257 0.06169354838709677 0.017118402282453638
0 0.6225806451612903 0.3443651925820257 0.03951612903225806 0.017118402282453638
0 0.6721774193548387 0.3436519258202568 0.041935483870967745 0.015691868758915834
0 0.7209677419354839 0.3436519258202568 0.041935483870967745 0.015691868758915834
0 0.759475806451613 0.3436519258202568 0.02217741935483871 0.015691868758915834
0 0.7991935483870968 0.3436519258202568 0.03951612903225806 0.015691868758915834
0 0.8764112903225807 0.3436519258202568 0.09717741935483871 0.015691868758915834
0 0.16431451612903225 0.36704707560627675 0.059274193548387095 0.015691868758915834
0 0.2560483870967742 0.36704707560627675 0.10161290322580645 0.015691868758915834
0 0.32560483870967744 0.36704707560627675 0.01975806451612903 0.015691868758915834
0 0.40625 0.36704707560627675 0.12379032258064517 0.015691868758915834
0 0.4965725806451613 0.36704707560627675 0.04395161290322581 0.015691868758915834
0 0.536491935483871 0.3661911554921541 0.02217741935483871 0.013980028530670471
0 0.5774193548387097 0.36704707560627675 0.041935483870967745 0.015691868758915834
0 0.6381048387096774 0.36704707560627675 0.06169354838709677 0.015691868758915834
0 0.20403225806451614 0.3897289586305278 0.1217741935483871 0.017118402282453638
0 0.31451612903225806 0.3897289586305278 0.0814516129032258 0.017118402282453638
0 0.40181451612903224 0.3904422253922967 0.07056451612903226 0.015691868758915834
0 0.4645161290322581 0.3897289586305278 0.041935483870967745 0.014265335235378032
0 0.5143145161290322 0.3904422253922967 0.039919354838709675 0.015691868758915834
0 0.16310483870967743 0.42639087018544936 0.07943548387096774 0.015691868758915834
0 0.10141129032258064 0.42796005706134094 0.013306451612903225 0.012553495007132667
0 0.1743951612903226 0.44978601997146933 0.07943548387096774 0.015691868758915834
0 0.24596774193548387 0.44978601997146933 0.041935483870967745 0.015691868758915834
0 0.3155241935483871 0.44978601997146933 0.07943548387096774 0.015691868758915834
0 0.40725806451612906 0.44978601997146933 0.0814516129032258 0.015691868758915834
0 0.5 0.44978601997146933 0.050806451612903224 0.015691868758915834
0 0.55625 0.44978601997146933 0.039919354838709675 0.015691868758915834
0 0.6314516129032258 0.44978601997146933 0.09274193548387097 0.015691868758915834
0 0.7074596774193549 0.44978601997146933 0.0375 0.015691868758915834
0 0.16995967741935483 0.4724679029957204 0.07056451612903226 0.017118402282453638
0 0.2669354838709677 0.4724679029957204 0.10161290322580645 0.017118402282453638
0 0.42600806451612905 0.4717546362339515 0.14153225806451614 0.015691868758915834
0 0.6092741935483871 0.4724679029957204 0.04435483870967742 0.017118402282453638
0 0.6939516129032258 0.47289586305278175 0.09112903225806451 0.016833095577746076
0 0.3344758064516129 0.47332382310984306 0.01975806451612903 0.015406562054208274
0 0.5276209677419355 0.4726105563480742 0.039919354838709675 0.013980028530670471
0 0.5673387096774194 0.4726105563480742 0.017741935483870968 0.013980028530670471
0 0.15564516129032258 0.49514978601997145 0.041935483870967745 0.015691868758915834
0 0.20403225806451614 0.49514978601997145 0.041935483870967745 0.015691868758915834
0 0.20745967741935484 0.5178316690442225 0.13266129032258064 0.017118402282453638
0 0.42116935483870965 0.5171184022824536 0.05604838709677419 0.016833095577746076
0 0.49435483870967745 0.5178316690442225 0.075 0.017118402282453638
0 0.6247983870967742 0.5178316690442225 0.039919354838709675 0.017118402282453638
0 0.7639112903225806 0.5178316690442225 0.05766129032258065 0.017118402282453638
0 0.8379032258064516 0.5171184022824536 0.07741935483870968 0.015691868758915834
0 0.9018145161290323 0.5171184022824536 0.0375 0.015691868758915834
0 0.3088709677419355 0.5185449358059915 0.05725806451612903 0.015691868758915834
0 0.3663306451612903 0.5185449358059915 0.039919354838709675 0.015691868758915834
0 0.5695564516129032 0.5185449358059915 0.05766129032258065 0.015691868758915834
0 0.6899193548387097 0.5185449358059915 0.07741935483870968 0.015691868758915834
0 0.11471774193548387 0.5639087018544936 0.039919354838709675 0.015691868758915834
0 0.1840725806451613 0.5639087018544936 0.08185483870967741 0.015691868758915834
0 0.2558467741935484 0.5639087018544936 0.039919354838709675 0.015691868758915834
0 0.32560483870967744 0.5639087018544936 0.08185483870967741 0.015691868758915834
0 0.3929435483870968 0.5639087018544936 0.03508064516129032 0.015691868758915834
0 0.4491935483870968 0.5639087018544936 0.024193548387096774 0.015691868758915834
0 0.6671370967741935 0.8225392296718973 0.07782258064516129 0.01825962910128388
0 0.8522177419354838 0.8232524964336662 0.03508064516129032 0.0094151212553495
0 0.24939516129032258 0.8286733238231099 0.05282258064516129 0.013980028530670471
0 0.45806451612903226 0.8286733238231099 0.050806451612903224 0.013980028530670471
0 0.7649193548387097 0.8288159771754636 0.0814516129032258 0.010841654778887305
0 0.1125 0.8295292439372325 0.02661290322580645 0.0094151212553495
0 0.3199596774193548 0.8295292439372325 0.02620967741935484 0.0094151212553495
0 0.5264112903225806 0.8295292439372325 0.028629032258064516 0.0094151212553495
0 0.8897177419354839 0.8335235378031384 0.017338709677419354 0.013980028530670471
0 0.864516129032258 0.8342368045649072 0.03306451612903226 0.012553495007132667
0 0.12217741935483871 0.8562054208273895 0.050806451612903224 0.012553495007132667
0 0.11471774193548387 0.8904422253922967 0.031048387096774193 0.012553495007132667
0 0.23165322580645162 0.8897289586305278 0.0842741935483871 0.013980028530670471
0 0.2969758064516129 0.8897289586305278 0.0375 0.013980028530670471
0 0.3929435483870968 0.8897289586305278 0.039919354838709675 0.013980028530670471
0 0.43911290322580643 0.8904422253922967 0.02661290322580645 0.012553495007132667
0 0.4723790322580645 0.8897289586305278 0.02217741935483871 0.011126961483594865
0 0.5286290322580646 0.8897289586305278 0.03306451612903226 0.013980028530670471
0 0.2183467741935484 0.9099857346647646 0.06169354838709677 0.013980028530670471
0 0.38064516129032255 0.9108416547788873 0.1435483870967742 0.015691868758915834
0 0.10685483870967742 0.9108416547788873 0.01532258064516129 0.0094151212553495
0 0.14334677419354838 0.9115549215406562 0.039919354838709675 0.010841654778887305
0 0.28024193548387094 0.9106990014265335 0.04838709677419355 0.012553495007132667
0 0.5840725806451613 0.9124108416547789 0.05524193548387097 0.012553495007132667
0 0.6368951612903225 0.9115549215406562 0.0375 0.010841654778887305
0 0.6733870967741935 0.9115549215406562 0.02661290322580645 0.010841654778887305
0 0.7528225806451613 0.9115549215406562 0.017741935483870968 0.010841654778887305
0 0.7030241935483871 0.9122681883024251 0.01975806451612903 0.0094151212553495
0 0.7286290322580645 0.9122681883024251 0.017741935483870968 0.0094151212553495
0 0.19294354838709676 0.9256776034236804 0.10362903225806451 0.013980028530670471
0 0.2957661290322581 0.9256776034236804 0.039919354838709675 0.013980028530670471
0 0.3808467741935484 0.9263908701854493 0.10362903225806451 0.012553495007132667
0 0.5433467741935484 0.9288159771754636 0.06895161290322581 0.013980028530670471
0 0.11350806451612903 0.9263908701854493 0.03346774193548387 0.012553495007132667
0 0.49556451612903224 0.9271041369472183 0.02903225806451613 0.013980028530670471
0 0.7516129032258064 0.9263908701854493 0.03306451612903226 0.012553495007132667
0 0.5939516129032258 0.9279600570613409 0.017741935483870968 0.0094151212553495
0 0.6181451612903226 0.9279600570613409 0.017741935483870968 0.0094151212553495
0 0.6423387096774194 0.9279600570613409 0.017741935483870968 0.0094151212553495
