0 0.13346774193548386 0.09514978601997147 0.050806451612903224 0.015691868758915834
0 0.4435483870967742 0.1115549215406562 0.075 0.010841654778887305
0 0.504233870967742 0.1115549215406562 0.028629032258064516 0.010841654778887305
0 0.5705645161290323 0.1115549215406562 0.09032258064516129 0.010841654778887305
0 0.8953629032258065 0.1398002853067047 0.05524193548387097 0.035948644793152636
0 0.4348790322580645 0.1544935805991441 0.1810483870967742 0.021968616262482168
0 0.6014112903225807 0.1544935805991441 0.14798387096774193 0.021968616262482168
0 0.8798387096774194 0.1614835948644793 0.01129032258064516 0.010841654778887305
0 0.8544354838709678 0.17417974322396576 0.04435483870967742 0.02653352353780314
0 0.8963709677419355 0.17403708987161198 0.03951612903225806 0.014265335235378032
0 0.20504032258064517 0.21626248216833097 0.07943548387096774 0.017118402282453638
0 0.12016129032258065 0.21626248216833097 0.03790322580645161 0.014265335235378032
0 0.12903225806451613 0.23894436519258203 0.05967741935483871 0.015691868758915834
0 0.11915322580645162 0.262339514978602 0.039919354838709675 0.015691868758915834
0 0.23608870967741935 0.2630527817403709 0.14153225806451614 0.017118402282453638
0 0.33669354838709675 0.262339514978602 0.041935483870967745 0.015691868758915834
0 0.4272177419354839 0.2630527817403709 0.12137096774193548 0.017118402282453638
0 0.5175403225806452 0.262339514978602 0.0375 0.015691868758915834
0 0.5685483870967742 0.262339514978602 0.041935483870967745 0.015691868758915834
0 0.6181451612903226 0.262339514978602 0.03951612903225806 0.015691868758915834
0 0.15120967741935484 0.2967189728958631 0.050806451612903224 0.015406562054208274
0 0.2957661290322581 0.2967189728958631 0.22056451612903225 0.015406562054208274
0 0.4526209677419355 0.2967189728958631 0.031048387096774193 0.015406562054208274
0 0.4215725806451613 0.29743223965763194 0.031048387096774193 0.013980028530670471
0 0.4723790322580645 0.29757489300998574 0.008467741935483872 0.010841654778887305
0 0.10241935483870968 0.29828815977175466 0.01129032258064516 0.0094151212553495
0 0.19536290322580646 0.31940085592011414 0.13911290322580644 0.017403708987161197
0 0.2967741935483871 0.3185449358059914 0.041935483870967745 0.015691868758915834
0 0.38629032258064516 0.31940085592011414 0.11935483870967742 0.017403708987161197
0 0.6324596774193548 0.31940085592011414 0.059274193548387095 0.017403708987161197
0 0.7701612903225806 0.31982881597717544 0.10161290322580645 0.017118402282453638
0 0.10241935483870968 0.320114122681883 0.01129032258064516 0.012553495007132667
0 0.4866935483870968 0.3202567760342368 0.05967741935483871 0.015691868758915834
0 0.5596774193548387 0.31940085592011414 0.05967741935483871 0.013980028530670471
0 0.6909274193548387 0.3202567760342368 0.039919354838709675 0.015691868758915834
0 0.8643145161290322 0.31940085592011414 0.06814516129032258 0.013980028530670471
0 0.12681451612903225 0.3419400855920114 0.024596774193548387 0.015691868758915834
0 0.18971774193548388 0.3419400855920114 0.07056451612903226 0.015691868758915834
0 0.3056451612903226 0.3419400855920114 0.13951612903225807 0.015691868758915834
0 0.4060483870967742 0.3419400855920114 0.03951612903225806 0.015691868758915834
0 0.4967741935483871 0.3419400855920114 0.11935483870967742 0.015691868758915834
0 0.5883064516129032 0.3427960057061341 0.03790322580645161 0.013980028530670471
0 0.12681451612903225 0.36476462196861625 0.024596774193548387 0.013980028530670471
0 0.19959677419354838 0.36547788873038517 0.09032258064516129 0.015406562054208274
0 0.317741935483871 0.36547788873038517 0.12338709677419354 0.015406562054208274
0 0.40625 0.36547788873038517 0.06169354838709677 0.015406562054208274
0 0.45463709677419356 0.3661911554921541 0.013306451612903225 0.013980028530670471
0 0.49112903225806454 0.36547788873038517 0.050806451612903224 0.015406562054208274
0 0.18971774193548388 0.38730385164051356 0.07056451612903226 0.015691868758915834
0 0.25483870967741934 0.38815977175463623 0.03790322580645161 0.017403708987161197
0 0.12681451612903225 0.38815977175463623 0.024596774193548387 0.013980028530670471
0 0.12681451612903225 0.4099857346647646 0.024596774193548387 0.014265335235378032
0 0.19959677419354838 0.41069900142653354 0.09032258064516129 0.015691868758915834
0 0.27358870967741933 0.41069900142653354 0.03508064516129032 0.015691868758915834
0 0.3122983870967742 0.41069900142653354 0.03346774193548387 0.015691868758915834
0 0.36088709677419356 0.41069900142653354 0.050806451612903224 0.015691868758915834
0 0.5177419354838709 0.41069900142653354 0.2629032258064516 0.015691868758915834
0 0.12560483870967742 0.43352353780313835 0.02217741935483871 0.013980028530670471
0 0.19959677419354838 0.43423680456490726 0.09032258064516129 0.015406562054208274
0 0.28024193548387094 0.43352353780313835 0.0532258064516129 0.013980028530670471
0 0.3320564516129032 0.43352353780313835 0.05524193548387097 0.013980028530670471
0 0.11471774193548387 0.47945791726105563 0.039919354838709675 0.015691868758915834
0 0.20625 0.47945791726105563 0.10362903225806451 0.015691868758915834
0 0.28245967741935485 0.47945791726105563 0.03508064516129032 0.015691868758915834
0 0.3377016129032258 0.47945791726105563 0.02217741935483871 0.015691868758915834
0 0.8411290322580646 0.8029957203994293 0.03064516129032258 0.0094151212553495
0 0.8709677419354839 0.8029957203994293 0.020161290322580645 0.0094151212553495
0 0.8887096774193548 0.8029957203994293 0.01532258064516129 0.0094151212553495
0 0.2306451612903226 0.8069900142653352 0.050806451612903224 0.013980028530670471
0 0.4338709677419355 0.8069900142653352 0.050806451612903224 0.013980028530670471
0 0.6455645161290322 0.8069900142653352 0.050806451612903224 0.013980028530670471
0 0.12217741935483871 0.8084165477888731 0.041935483870967745 0.011126961483594865
0 0.3431451612903226 0.8084165477888731 0.0814516129032258 0.011126961483594865
0 0.5497983870967742 0.8084165477888731 0.07943548387096774 0.011126961483594865
0 0.7417338709677419 0.8084165477888731 0.039919354838709675 0.011126961483594865
0 0.8433467741935484 0.8154065620542083 0.03508064516129032 0.012553495007132667
0 0.869758064516129 0.816262482168331 0.017741935483870968 0.010841654778887305
0 0.2814516129032258 0.8412268188302425 0.050806451612903224 0.013980028530670471
0 0.12439516129032258 0.8427960057061341 0.046370967741935484 0.010841654778887305
0 0.2006048387096774 0.8427960057061341 0.07943548387096774 0.010841654778887305
0 0.21169354838709678 0.8639087018544935 0.13709677419354838 0.015406562054208274
0 0.11794354838709678 0.8646219686162625 0.03346774193548387 0.013980028530670471
0 0.5473790322580645 0.8647646219686163 0.031048387096774193 0.010841654778887305
0 0.24314516129032257 0.8841654778887303 0.06935483870967742 0.015406562054208274
0 0.31209677419354837 0.8825962910128388 0.050806451612903224 0.015691868758915834
0 0.3743951612903226 0.8834522111269615 0.04959677419354839 0.015121255349500713
0 0.4403225806451613 0.8818830242510699 0.05967741935483871 0.014265335235378032
0 0.5616935483870967 0.8825962910128388 0.16129032258064516 0.015691868758915834
0 0.14899193548387096 0.8904422253922967 0.046370967741935484 0.012553495007132667
0 0.6854838709677419 0.8921540656205421 0.041935483870967745 0.012553495007132667
0 0.7407258064516129 0.8921540656205421 0.050806451612903224 0.012553495007132667
0 0.7868951612903226 0.892867332382311 0.028629032258064516 0.011126961483594865
0 0.8157258064516129 0.892867332382311 0.020161290322580645 0.011126961483594865
0 0.8411290322580646 0.8920114122681883 0.017741935483870968 0.0094151212553495
0 0.8808467741935484 0.892867332382311 0.04395161290322581 0.011126961483594865
0 0.2439516129032258 0.8991440798858773 0.06854838709677419 0.013980028530670471
0 0.28568548387096776 0.8982881597717546 0.01975806451612903 0.012268188302425107
0 0.33326612903225805 0.916262482168331 0.04395161290322581 0.013980028530670471
0 0.8100806451612903 0.9171184022824537 0.11048387096774194 0.015691868758915834
0 0.11895161290322581 0.9169757489300998 0.035483870967741936 0.012553495007132667
0 0.1566532258064516 0.9169757489300998 0.031048387096774193 0.012553495007132667
0 0.1909274193548387 0.9178316690442225 0.028629032258064516 0.010841654778887305
0 0.22943548387096774 0.9178316690442225 0.035483870967741936 0.010841654778887305
0 0.3784274193548387 0.9169757489300998 0.028629032258064516 0.012553495007132667
0 0.4127016129032258 0.9169757489300998 0.031048387096774193 0.012553495007132667
0 0.4491935483870968 0.9169757489300998 0.03790322580645161 0.012553495007132667
0 0.5298387096774193 0.9178316690442225 0.04435483870967742 0.014265335235378032
0 0.5993951612903226 0.9178316690442225 0.0907258064516129 0.010841654778887305
0 0.6534274193548387 0.9178316690442225 0.017338709677419354 0.010841654778887305
0 0.4247983870967742 0.9382310984308131 0.046370967741935484 0.013980028530670471
0 0.5231854838709677 0.9382310984308131 0.06169354838709677 0.013980028530670471
0 0.5893145161290323 0.9382310984308131 0.06169354838709677 0.013980028530670471
0 0.47016129032258064 0.9396576319543509 0.03064516129032258 0.011126961483594865
