0 0.3850806451612903 0.0825962910128388 0.1346774193548387 0.015691868758915834
0 0.5695564516129032 0.0825962910128388 0.08830645161290322 0.015691868758915834
0 0.6358870967741935 0.0818830242510699 0.035483870967741936 0.014265335235378032
0 0.7074596774193549 0.0825962910128388 0.09475806451612903 0.015691868758915834
0 0.29354838709677417 0.08273894436519258 0.0532258064516129 0.012553495007132667
0 0.47681451612903225 0.08345221112696148 0.03508064516129032 0.013980028530670471
0 0.5110887096774194 0.08345221112696148 0.01975806451612903 0.013980028530670471
0 0.8334677419354839 0.10912981455064194 0.050806451612903224 0.015691868758915834
0 0.8885080645161291 0.10912981455064194 0.06411290322580646 0.015691868758915834
0 0.5076612903225807 0.13024251069900142 0.16774193548387098 0.02653352353780314
0 0.15766129032258064 0.12710413694721825 0.10403225806451613 0.013980028530670471
0 0.8421370967741936 0.150641940085592 0.05524193548387097 0.010841654778887305
0 0.8939516129032258 0.15335235378031384 0.05161290322580645 0.013409415121255349
0 0.13548387096774195 0.192867332382311 0.041935483870967745 0.017118402282453638
0 0.26370967741935486 0.19358059914407988 0.09516129032258064 0.018544935805991442
0 0.1344758064516129 0.2216833095577746 0.07056451612903226 0.018830242510699
0 0.1344758064516129 0.24907275320970043 0.04395161290322581 0.017118402282453638
0 0.24616935483870966 0.24835948644793152 0.06411290322580646 0.015691868758915834
0 0.32217741935483873 0.24907275320970043 0.062096774193548386 0.017118402282453638
0 0.3752016129032258 0.24907275320970043 0.02217741935483871 0.017118402282453638
0 0.4181451612903226 0.24835948644793152 0.041935483870967745 0.015691868758915834
0 0.5120967741935484 0.24907275320970043 0.1282258064516129 0.017118402282453638
0 0.6080645161290322 0.24835948644793152 0.041935483870967745 0.015691868758915834
0 0.6502016129032258 0.24907275320970043 0.01975806451612903 0.017118402282453638
0 0.6919354838709677 0.24835948644793152 0.041935483870967745 0.015691868758915834
0 0.7649193548387097 0.24907275320970043 0.0814516129032258 0.017118402282453638
0 0.8399193548387097 0.24835948644793152 0.041935483870967745 0.015691868758915834
0 0.8919354838709678 0.24835948644793152 0.03951612903225806 0.015691868758915834
0 0.3056451612903226 0.2803138373751783 0.35080645161290325 0.017403708987161197
0 0.5683467741935484 0.2794579172610556 0.1125 0.015691868758915834
0 0.11129032258064517 0.2810271041369472 0.01532258064516129 0.012553495007132667
0 0.4899193548387097 0.2803138373751783 0.017741935483870968 0.013980028530670471
0 0.17983870967741936 0.3286733238231098 0.0814516129032258 0.017118402282453638
0 0.3155241935483871 0.3286733238231098 0.02217741935483871 0.017118402282453638
0 0.4504032258064516 0.3286733238231098 0.1282258064516129 0.017118402282453638
0 0.7106854838709677 0.3286733238231098 0.09717741935483871 0.017118402282453638
0 0.8830645161290323 0.3286733238231098 0.08387096774193549 0.017118402282453638
0 0.11028225806451612 0.3302425106990014 0.013306451612903225 0.013980028530670471
0 0.2627016129032258 0.32952924393723254 0.06169354838709677 0.015406562054208274
0 0.35846774193548386 0.32952924393723254 0.041935483870967745 0.015406562054208274
0 0.5473790322580645 0.32952924393723254 0.04395161290322581 0.015406562054208274
0 0.5893145161290323 0.32952924393723254 0.02217741935483871 0.015406562054208274
0 0.630241935483871 0.32952924393723254 0.041935483870967745 0.015406562054208274
0 0.8002016129032258 0.32952924393723254 0.06411290322580646 0.015406562054208274
0 0.17318548387096774 0.3537803138373752 0.08588709677419355 0.017118402282453638
0 0.3157258064516129 0.35463623395149785 0.11048387096774194 0.018830242510699
0 0.4127016129032258 0.3537803138373752 0.06653225806451613 0.017118402282453638
0 0.4778225806451613 0.3537803138373752 0.041935483870967745 0.017118402282453638
0 0.5542338709677419 0.3537803138373752 0.08830645161290322 0.017118402282453638
0 0.6645161290322581 0.3537803138373752 0.11048387096774194 0.017118402282453638
0 0.23931451612903226 0.3544935805991441 0.01975806451612903 0.015691868758915834
0 0.7659274193548387 0.3544935805991441 0.07056451612903226 0.015691868758915834
0 0.12459677419354839 0.4029957203994294 0.024193548387096774 0.005991440798858773
0 0.14556451612903226 0.40385164051355205 0.012903225806451613 0.007703281027104137
0 0.2282258064516129 0.40385164051355205 0.024193548387096774 0.007703281027104137
0 0.2526209677419355 0.40385164051355205 0.024596774193548387 0.007703281027104137
0 0.28911290322580646 0.4029957203994294 0.04838709677419355 0.005991440798858773
0 0.11350806451612903 0.4288159771754636 0.024596774193548387 0.007988587731811698
0 0.13125 0.42796005706134094 0.010887096774193548 0.006276747503566334
0 0.14556451612903226 0.4288159771754636 0.012903225806451613 0.007988587731811698
0 0.15866935483870967 0.4288159771754636 0.013306451612903225 0.007988587731811698
0 0.18306451612903227 0.4288159771754636 0.012903225806451613 0.007988587731811698
0 0.20181451612903226 0.4288159771754636 0.024596774193548387 0.007988587731811698
0 0.22076612903225806 0.4288159771754636 0.013306451612903225 0.007988587731811698
0 0.23387096774193547 0.4288159771754636 0.012903225806451613 0.007988587731811698
0 0.2469758064516129 0.4288159771754636 0.013306451612903225 0.007988587731811698
0 0.26471774193548386 0.42796005706134094 0.02217741935483871 0.006276747503566334
0 0.2969758064516129 0.4288159771754636 0.0375 0.007988587731811698
0 0.3278225806451613 0.42796005706134094 0.024193548387096774 0.006276747503566334
0 0.37399193548387094 0.4288159771754636 0.06411290322580646 0.007988587731811698
0 0.8544354838709678 0.7841654778887304 0.035483870967741936 0.0094151212553495
0 0.23709677419354838 0.7881597717546363 0.050806451612903224 0.013980028530670471
0 0.44475806451612904 0.7881597717546363 0.050806451612903224 0.013980028530670471
0 0.6524193548387097 0.7881597717546363 0.050806451612903224 0.013980028530670471
0 0.11915322580645162 0.7890156918687589 0.039919354838709675 0.0094151212553495
0 0.3411290322580645 0.7890156918687589 0.06854838709677419 0.0094151212553495
0 0.5685483870967742 0.7897289586305278 0.10806451612903226 0.010841654778887305
0 0.7649193548387097 0.7897289586305278 0.0814516129032258 0.010841654778887305
0 0.8610887096774194 0.7944365192582026 0.05282258064516129 0.013980028530670471
0 0.12338709677419354 0.8178316690442226 0.0532258064516129 0.013980028530670471
0 0.11350806451612903 0.8841654778887303 0.03346774193548387 0.012553495007132667
0 0.23709677419354838 0.8850213980028531 0.17016129032258065 0.014265335235378032
0 0.5286290322580646 0.8841654778887303 0.03306451612903226 0.012553495007132667
0 0.14334677419354838 0.9054208273894436 0.04395161290322581 0.013980028530670471
0 0.25705645161290325 0.9054208273894436 0.06411290322580646 0.013980028530670471
0 0.30685483870967745 0.9054208273894436 0.02661290322580645 0.013980028530670471
0 0.3665322580645161 0.9054208273894436 0.08387096774193549 0.013980028530670471
0 0.20403225806451614 0.9061340941512126 0.03306451612903226 0.012553495007132667
0 0.5828629032258065 0.9249643366619116 0.05766129032258065 0.012553495007132667
0 0.11471774193548387 0.9256776034236804 0.031048387096774193 0.011126961483594865
0 0.1941532258064516 0.9249643366619116 0.1060483870967742 0.012553495007132667
0 0.2957661290322581 0.9249643366619116 0.039919354838709675 0.012553495007132667
0 0.3808467741935484 0.9256776034236804 0.10362903225806451 0.013980028530670471
0 0.5175403225806452 0.9256776034236804 0.07298387096774193 0.013980028530670471
0 0.7772177419354839 0.9256776034236804 0.07943548387096774 0.013980028530670471
0 0.8278225806451613 0.9249643366619116 0.017741935483870968 0.012553495007132667
0 0.6280241935483871 0.927246790299572 0.01975806451612903 0.010841654778887305
0 0.6524193548387097 0.9265335235378032 0.01532258064516129 0.0094151212553495
