0 0.3342741935483871 0.0912981455064194 0.06854838709677419 0.014265335235378032
0 0.4094758064516129 0.0912981455064194 0.06814516129032258 0.014265335235378032
0 0.4856854838709677 0.0912981455064194 0.07056451612903226 0.014265335235378032
0 0.5782258064516129 0.0912981455064194 0.08387096774193549 0.014265335235378032
0 0.6711693548387097 0.0912981455064194 0.08830645161290322 0.014265335235378032
0 0.8389112903225806 0.12710413694721825 0.04395161290322581 0.013980028530670471
0 0.8897177419354839 0.12710413694721825 0.05766129032258065 0.013980028530670471
0 0.5088709677419355 0.14593437945791726 0.29838709677419356 0.02653352353780314
0 0.15221774193548387 0.1427960057061341 0.09717741935483871 0.013980028530670471
0 0.907258064516129 0.1631954350927247 0.017741935483870968 0.010841654778887305
0 0.8487903225806451 0.16390870185449358 0.050806451612903224 0.0094151212553495
0 0.8832661290322581 0.1646219686162625 0.02217741935483871 0.010841654778887305
0 0.1344758064516129 0.2085592011412268 0.04395161290322581 0.017118402282453638
0 0.24375 0.2085592011412268 0.09475806451612903 0.017118402282453638
0 0.3122983870967742 0.2085592011412268 0.024596774193548387 0.017118402282453638
0 0.34858870967741934 0.2085592011412268 0.02217741935483871 0.017118402282453638
0 0.4901209677419355 0.20927246790299572 0.23830645161290323 0.018544935805991442
0 0.13568548387096774 0.23737517831669044 0.07298387096774193 0.018830242510699
0 0.27923387096774194 0.26462196861626247 0.1657258064516129 0.020256776034236805
0 0.4183467741935484 0.26462196861626247 0.09475806451612903 0.020256776034236805
0 0.5252016129032258 0.26462196861626247 0.09717741935483871 0.020256776034236805
0 0.6080645161290322 0.26390870185449355 0.050806451612903224 0.018830242510699
0 0.6655241935483871 0.2630527817403709 0.046370967741935484 0.017118402282453638
0 0.1344758064516129 0.26390870185449355 0.04395161290322581 0.015406562054208274
0 0.5243951612903226 0.2942938659058488 0.06411290322580646 0.020256776034236805
0 0.7252016129032258 0.2942938659058488 0.08185483870967741 0.020256776034236805
0 0.14213709677419356 0.29358059914407986 0.08185483870967741 0.015406562054208274
0 0.23044354838709677 0.29358059914407986 0.08185483870967741 0.015406562054208274
0 0.37298387096774194 0.29358059914407986 0.03951612903225806 0.015406562054208274
0 0.4425403225806452 0.2944365192582026 0.08185483870967741 0.017118402282453638
0 0.5949596774193548 0.29358059914407986 0.06411290322580646 0.015406562054208274
0 0.6544354838709677 0.2944365192582026 0.041935483870967745 0.017118402282453638
0 0.8068548387096774 0.2944365192582026 0.05967741935483871 0.017118402282453638
0 0.886491935483871 0.2944365192582026 0.08185483870967741 0.017118402282453638
0 0.31108870967741936 0.2951497860199715 0.06169354838709677 0.015691868758915834
0 0.20625 0.31626248216833097 0.08588709677419355 0.017403708987161197
0 0.12459677419354839 0.31711840228245364 0.05967741935483871 0.015691868758915834
0 0.19294354838709676 0.3398002853067047 0.08185483870967741 0.017118402282453638
0 0.13326612903225807 0.3405135520684736 0.028629032258064516 0.015691868758915834
0 0.3784274193548387 0.3701854493580599 0.1125 0.015691868758915834
0 0.6578629032258064 0.3701854493580599 0.11491935483870967 0.015691868758915834
0 0.16653225806451613 0.3841654778887304 0.050806451612903224 0.015691868758915834
0 0.8512096774193548 0.3841654778887304 0.06854838709677419 0.015691868758915834
0 0.2703629032258065 0.3958630527817404 0.01975806451612903 0.013980028530670471
0 0.35100806451612904 0.39671897289586305 0.07056451612903226 0.015691868758915834
0 0.4570564516129032 0.3958630527817404 0.07056451612903226 0.013980028530670471
0 0.5485887096774194 0.3958630527817404 0.01975806451612903 0.013980028530670471
0 0.6268145161290323 0.39671897289586305 0.07056451612903226 0.015691868758915834
0 0.7328629032258065 0.39671897289586305 0.07056451612903226 0.015691868758915834
0 0.16774193548387098 0.4295292439372325 0.06612903225806452 0.015691868758915834
0 0.2703629032258065 0.427246790299572 0.028629032258064516 0.0048502139800285305
0 0.3564516129032258 0.427246790299572 0.01532258064516129 0.0048502139800285305
0 0.4647177419354839 0.42796005706134094 0.01975806451612903 0.006276747503566334
0 0.5485887096774194 0.427246790299572 0.028629032258064516 0.0048502139800285305
0 0.6324596774193548 0.427246790299572 0.01975806451612903 0.0048502139800285305
0 0.7417338709677419 0.42796005706134094 0.02217741935483871 0.006276747503566334
0 0.85 0.42796005706134094 0.07983870967741935 0.006276747503566334
0 0.28911290322580646 0.4810271041369472 0.2564516129032258 0.006276747503566334
0 0.5054435483870968 0.6990014265335235 0.3004032258064516 0.023395149786019972
0 0.8588709677419355 0.7780313837375178 0.0532258064516129 0.025106990014265335
0 0.23508064516129032 0.7756062767475036 0.050806451612903224 0.013980028530670471
0 0.442741935483871 0.7756062767475036 0.050806451612903224 0.013980028530670471
0 0.12661290322580646 0.7771754636233952 0.05967741935483871 0.010841654778887305
0 0.3342741935483871 0.7771754636233952 0.05967741935483871 0.010841654778887305
0 0.5409274193548387 0.7763195435092725 0.06169354838709677 0.012553495007132667
0 0.65 0.7763195435092725 0.050806451612903224 0.012553495007132667
0 0.760483870967742 0.7763195435092725 0.07741935483870968 0.012553495007132667
0 0.12016129032258065 0.8398002853067047 0.050806451612903224 0.013980028530670471
0 0.19959677419354838 0.8405135520684736 0.05967741935483871 0.012553495007132667
0 0.32883064516129035 0.8398002853067047 0.04879032258064516 0.013980028530670471
0 0.20181451612903226 0.8991440798858773 0.10362903225806451 0.013980028530670471
0 0.5266129032258065 0.8991440798858773 0.03306451612903226 0.013980028530670471
0 0.11129032258064517 0.8998573466476462 0.03306451612903226 0.012553495007132667
0 0.49899193548387094 0.9007132667617689 0.013306451612903225 0.010841654778887305
0 0.22399193548387097 0.9171184022824537 0.07701612903225806 0.015691868758915834
0 0.14112903225806453 0.9169757489300998 0.04435483870967742 0.012553495007132667
0 0.2846774193548387 0.9178316690442225 0.03064516129032258 0.014265335235378032
0 0.35745967741935486 0.9169757489300998 0.07056451612903226 0.012553495007132667
0 0.4060483870967742 0.9178316690442225 0.017741935483870968 0.010841654778887305
0 0.5872983870967742 0.9186875891583453 0.04395161290322581 0.012553495007132667
0 0.6479838709677419 0.9186875891583453 0.05967741935483871 0.012553495007132667
0 0.7052419354838709 0.9194008559201141 0.041935483870967745 0.011126961483594865
0 0.7681451612903226 0.9185449358059914 0.017741935483870968 0.0094151212553495
0 0.7439516129032258 0.9202567760342368 0.017741935483870968 0.0094151212553495
0 0.19193548387096773 0.9302425106990014 0.10564516129032259 0.013980028530670471
0 0.29354838709677417 0.9302425106990014 0.03951612903225806 0.013980028530670471
0 0.3741935483870968 0.9302425106990014 0.09516129032258064 0.013980028530670471
0 0.777016129032258 0.9302425106990014 0.08387096774193549 0.013980028530670471
0 0.10463709677419354 0.9302425106990014 0.015725806451612902 0.007703281027104137
0 0.12016129032258065 0.931811697574893 0.01532258064516129 0.010841654778887305
