0 0.13346774193548386 0.09514978601997147 0.050806451612903224 0.015691868758915834
0 0.5685483870967742 0.11069900142653352 0.01532258064516129 0.012553495007132667
0 0.41592741935483873 0.11069900142653352 0.046370967741935484 0.012553495007132667
0 0.45463709677419356 0.1115549215406562 0.013306451612903225 0.010841654778887305
0 0.48346774193548386 0.11069900142653352 0.03064516129032258 0.012553495007132667
0 0.5288306451612903 0.11069900142653352 0.046370967741935484 0.012553495007132667
0 0.6104838709677419 0.1115549215406562 0.050806451612903224 0.010841654778887305
0 0.5110887096774194 0.15378031383737517 0.2979838709677419 0.023395149786019972
0 0.20504032258064517 0.21626248216833097 0.07943548387096774 0.017118402282453638
0 0.12016129032258065 0.21626248216833097 0.03790322580645161 0.014265335235378032
0 0.12903225806451613 0.23894436519258203 0.05967741935483871 0.015691868758915834
0 0.2129032258064516 0.262339514978602 0.09516129032258064 0.015691868758915834
0 0.28588709677419355 0.262339514978602 0.041935483870967745 0.015691868758915834
0 0.33548387096774196 0.262339514978602 0.03951612903225806 0.015691868758915834
0 0.3961693548387097 0.262339514978602 0.059274193548387095 0.015691868758915834
0 0.4568548387096774 0.2614835948644793 0.03951612903225806 0.013980028530670471
0 0.5475806451612903 0.262339514978602 0.11935483870967742 0.015691868758915834
0 0.6381048387096774 0.262339514978602 0.039919354838709675 0.015691868758915834
0 0.6943548387096774 0.262339514978602 0.050806451612903224 0.015691868758915834
0 0.7693548387096775 0.262339514978602 0.0814516129032258 0.015691868758915834
0 0.8411290322580646 0.262339514978602 0.04435483870967742 0.015691868758915834
0 0.8820564516129032 0.262339514978602 0.024596774193548387 0.015691868758915834
0 0.9106854838709677 0.262339514978602 0.01975806451612903 0.012268188302425107
0 0.11915322580645162 0.27403708987161196 0.039919354838709675 0.013980028530670471
0 0.1875 0.28573466476462195 0.04435483870967742 0.015691868758915834
0 0.23508064516129032 0.28573466476462195 0.041935483870967745 0.015691868758915834
0 0.15120967741935484 0.3185449358059914 0.050806451612903224 0.015691868758915834
0 0.23508064516129032 0.31940085592011414 0.09919354838709678 0.017403708987161197
0 0.5383064516129032 0.31982881597717544 0.10161290322580645 0.017118402282453638
0 0.6159274193548387 0.3185449358059914 0.039919354838709675 0.015691868758915834
0 0.6645161290322581 0.3185449358059914 0.03951612903225806 0.015691868758915834
0 0.7221774193548387 0.3202567760342368 0.06048387096774194 0.016833095577746076
0 0.8675403225806452 0.31940085592011414 0.11491935483870967 0.017403708987161197
0 0.3419354838709677 0.31940085592011414 0.10161290322580645 0.013980028530670471
0 0.4183467741935484 0.31940085592011414 0.028629032258064516 0.013980028530670471
0 0.4536290322580645 0.31940085592011414 0.024193548387096774 0.013980028530670471
0 0.7814516129032258 0.31940085592011414 0.03951612903225806 0.013980028530670471
0 0.14556451612903226 0.3419400855920114 0.03951612903225806 0.015691868758915834
0 0.19858870967741934 0.3419400855920114 0.04879032258064516 0.015691868758915834
0 0.27157258064516127 0.3419400855920114 0.07943548387096774 0.015691868758915834
0 0.33004032258064514 0.3419400855920114 0.01975806451612903 0.015691868758915834
0 0.3860887096774194 0.3419400855920114 0.07943548387096774 0.015691868758915834
0 0.45806451612903226 0.3419400855920114 0.050806451612903224 0.015691868758915834
0 0.16995967741935483 0.3717546362339515 0.08830645161290322 0.015406562054208274
0 0.23931451612903226 0.3717546362339515 0.0375 0.015406562054208274
0 0.34213709677419357 0.3717546362339515 0.05766129032258065 0.015406562054208274
0 0.39737903225806454 0.3717546362339515 0.039919354838709675 0.015406562054208274
0 0.48004032258064516 0.37261055634807416 0.1125 0.017118402282453638
0 0.5639112903225807 0.3717546362339515 0.0375 0.015406562054208274
0 0.6147177419354839 0.3717546362339515 0.046370967741935484 0.015406562054208274
0 0.6877016129032258 0.3717546362339515 0.07701612903225806 0.015406562054208274
0 0.759475806451613 0.3717546362339515 0.05766129032258065 0.015406562054208274
0 0.8268145161290322 0.3717546362339515 0.059274193548387095 0.015406562054208274
0 0.8909274193548387 0.3717546362339515 0.05524193548387097 0.015406562054208274
0 0.1034274193548387 0.3731811697574893 0.013306451612903225 0.012553495007132667
0 0.28689516129032255 0.3724679029957204 0.039919354838709675 0.013980028530670471
0 0.17318548387096774 0.39514978601997147 0.09475806451612903 0.015406562054208274
0 0.24495967741935484 0.39514978601997147 0.039919354838709675 0.015406562054208274
0 0.3088709677419355 0.39514978601997147 0.075 0.015406562054208274
0 0.39838709677419354 0.39514978601997147 0.09516129032258064 0.015406562054208274
0 0.48346774193548386 0.39514978601997147 0.062096774193548386 0.015406562054208274
0 0.5387096774193548 0.4232524964336662 0.11935483870967742 0.015691868758915834
0 0.6445564516129032 0.4326676176890157 0.039919354838709675 0.015691868758915834
0 0.7153225806451613 0.43352353780313835 0.03951612903225806 0.013980028530670471
0 0.8622983870967742 0.4326676176890157 0.0375 0.012268188302425107
0 0.3100806451612903 0.4420827389443652 0.03790322580645161 0.015691868758915834
0 0.7870967741935484 0.4420827389443652 0.041935483870967745 0.015691868758915834
0 0.18629032258064515 0.4427960057061341 0.05967741935483871 0.014265335235378032
0 0.40504032258064515 0.4427960057061341 0.059274193548387095 0.014265335235378032
0 0.5032258064516129 0.44522111269614834 0.03951612903225806 0.015691868758915834
0 0.573991935483871 0.44593437945791725 0.039919354838709675 0.014265335235378032
0 0.6445564516129032 0.450641940085592 0.039919354838709675 0.013980028530670471
0 0.8633064516129032 0.45149786019971466 0.03951612903225806 0.015691868758915834
0 0.7163306451612903 0.4522111269614836 0.01975806451612903 0.014265335235378032
0 0.5044354838709677 0.46390870185449357 0.041935483870967745 0.015406562054208274
0 0.572983870967742 0.46390870185449357 0.041935483870967745 0.015406562054208274
0 0.18870967741935485 0.4982881597717546 0.1435483870967742 0.015691868758915834
0 0.8643145161290322 0.5005706134094151 0.0375 0.013980028530670471
0 0.40504032258064515 0.5077032810271042 0.08185483870967741 0.015691868758915834
0 0.18850806451612903 0.5171184022824536 0.13911290322580644 0.015691868758915834
0 0.5054435483870968 0.5171184022824536 0.02217741935483871 0.015691868758915834
0 0.575 0.5171184022824536 0.024193548387096774 0.015691868758915834
0 0.645766129032258 0.5169757489300999 0.024596774193548387 0.012553495007132667
0 0.7891129032258064 0.5169757489300999 0.024193548387096774 0.012553495007132667
0 0.8620967741935484 0.5186875891583452 0.041935483870967745 0.012553495007132667
0 0.40504032258064515 0.5263908701854494 0.10846774193548388 0.015406562054208274
0 0.18649193548387097 0.5358059914407989 0.12137096774193548 0.015406562054208274
0 0.864516129032258 0.5349500713266762 0.041935483870967745 0.010841654778887305
0 0.1157258064516129 0.6061340941512126 0.03790322580645161 0.015691868758915834
0 0.21633064516129033 0.6061340941512126 0.12379032258064517 0.015691868758915834
0 0.3024193548387097 0.6061340941512126 0.035483870967741936 0.015691868758915834
0 0.35866935483870965 0.6061340941512126 0.024596774193548387 0.015691868758915834
