0 0.8401209677419355 0.7639087018544936 0.028629032258064516 0.0094151212553495
0 0.8887096774193548 0.7639087018544936 0.01532258064516129 0.0094151212553495
0 0.4338709677419355 0.7679029957203994 0.050806451612903224 0.013980028530670471
0 0.6455645161290322 0.7686162624821683 0.050806451612903224 0.015406562054208274
0 0.2306451612903226 0.7686162624821683 0.050806451612903224 0.012553495007132667
0 0.5508064516129032 0.769472182596291 0.0814516129032258 0.010841654778887305
0 0.12116935483870968 0.7701854493580599 0.039919354838709675 0.0094151212553495
0 0.33004032258064514 0.7701854493580599 0.05524193548387097 0.0094151212553495
0 0.761491935483871 0.7701854493580599 0.07943548387096774 0.0094151212553495
0 0.8512096774193548 0.7771754636233952 0.050806451612903224 0.014265335235378032
0 0.12560483870967742 0.8382310984308131 0.04395161290322581 0.010841654778887305
0 0.17701612903225805 0.8810271041369472 0.06935483870967742 0.015406562054208274
0 0.11794354838709678 0.8796005706134095 0.03346774193548387 0.012553495007132667
0 0.24717741935483872 0.8803138373751783 0.06612903225806452 0.011126961483594865
0 0.5463709677419355 0.8796005706134095 0.03306451612903226 0.012553495007132667
0 0.26875 0.8998573466476462 0.11975806451612903 0.015406562054208274
0 0.11028225806451612 0.8990014265335236 0.013306451612903225 0.010841654778887305
0 0.14899193548387096 0.8982881597717546 0.046370967741935484 0.012268188302425107
0 0.38629032258064516 0.8982881597717546 0.08387096774193549 0.012268188302425107
0 0.4534274193548387 0.8982881597717546 0.0375 0.012268188302425107
0 0.6858870967741936 0.8990014265335236 0.042741935483870966 0.011412268188302425
0 0.7340725806451613 0.8998573466476462 0.0375 0.00912981455064194
0 0.7693548387096775 0.9007132667617689 0.02903225806451613 0.010841654778887305
0 0.8036290322580645 0.9007132667617689 0.02661290322580645 0.010841654778887305
0 0.8233870967741935 0.8998573466476462 0.017741935483870968 0.00912981455064194
0 0.18528225806451612 0.916262482168331 0.08830645161290322 0.013980028530670471
0 0.8014112903225806 0.9171184022824537 0.09314516129032258 0.015691868758915834
0 0.12016129032258065 0.9178316690442225 0.03306451612903226 0.010841654778887305
0 0.33326612903225805 0.9169757489300998 0.04395161290322581 0.012553495007132667
0 0.5540322580645162 0.9186875891583453 0.06612903225806452 0.012553495007132667
0 0.6169354838709677 0.9178316690442225 0.05967741935483871 0.010841654778887305
0 0.6622983870967742 0.9185449358059914 0.017338709677419354 0.0094151212553495
0 0.4393145161290323 0.9382310984308131 0.06169354838709677 0.013980028530670471
0 0.4933467741935484 0.9382310984308131 0.03346774193548387 0.013980028530670471
0 0.5453629032258065 0.9382310984308131 0.06169354838709677 0.013980028530670471
0 0.6026209677419355 0.9396576319543509 0.03508064516129032 0.011126961483594865
