0 0.8433467741935484 0.8186875891583452 0.031048387096774193 0.0094151212553495
0 0.8709677419354839 0.8186875891583452 0.01532258064516129 0.0094151212553495
0 0.8897177419354839 0.8186875891583452 0.017338709677419354 0.0094151212553495
0 0.22721774193548386 0.8225392296718973 0.05282258064516129 0.014265335235378032
0 0.43266129032258066 0.8225392296718973 0.0532258064516129 0.014265335235378032
0 0.6455645161290322 0.8225392296718973 0.050806451612903224 0.014265335235378032
0 0.12560483870967742 0.8241084165477889 0.05282258064516129 0.011126961483594865
0 0.3431451612903226 0.8241084165477889 0.0814516129032258 0.011126961483594865
0 0.5508064516129032 0.8241084165477889 0.0814516129032258 0.011126961483594865
0 0.742741935483871 0.8241084165477889 0.041935483870967745 0.011126961483594865
0 0.853225806451613 0.8310984308131241 0.050806451612903224 0.012553495007132667
0 0.12116935483870968 0.8584878744650499 0.04395161290322581 0.010841654778887305
0 0.20967741935483872 0.8794579172610556 0.13709677419354838 0.015691868758915834
0 0.5463709677419355 0.8787446504992867 0.03306451612903226 0.014265335235378032
0 0.1157258064516129 0.8796005706134095 0.03306451612903226 0.012553495007132667
0 0.10786290322580645 0.8982881597717546 0.013306451612903225 0.0094151212553495
0 0.14778225806451614 0.8982881597717546 0.04395161290322581 0.012268188302425107
0 0.23266129032258065 0.8991440798858773 0.050806451612903224 0.013980028530670471
0 0.2923387096774194 0.8991440798858773 0.050806451612903224 0.013980028530670471
0 0.35100806451612904 0.8991440798858773 0.05282258064516129 0.013980028530670471
0 0.3929435483870968 0.8982881597717546 0.02217741935483871 0.012268188302425107
0 0.7207661290322581 0.9007132667617689 0.046370967741935484 0.010841654778887305
0 0.757258064516129 0.8998573466476462 0.017741935483870968 0.00912981455064194
0 0.6788306451612903 0.9005706134094151 0.028629032258064516 0.007703281027104137
0 0.3320564516129032 0.916262482168331 0.046370967741935484 0.013980028530670471
0 0.5606854838709677 0.9171184022824537 0.1060483870967742 0.015691868758915834
0 0.8024193548387096 0.9171184022824537 0.09516129032258064 0.015691868758915834
0 0.1157258064516129 0.9169757489300998 0.03306451612903226 0.012553495007132667
0 0.15443548387096775 0.9169757489300998 0.03064516129032258 0.012553495007132667
0 0.1907258064516129 0.9178316690442225 0.03306451612903226 0.010841654778887305
0 0.225 0.9169757489300998 0.03951612903225806 0.012553495007132667
0 0.3818548387096774 0.9178316690442225 0.035483870967741936 0.010841654778887305
0 0.4316532258064516 0.9169757489300998 0.07298387096774193 0.012553495007132667
0 0.6534274193548387 0.9178316690442225 0.017338709677419354 0.010841654778887305
0 0.629233870967742 0.9194008559201141 0.02217741935483871 0.011126961483594865
