0 0.3431451612903226 0.05691868758915834 0.050806451612903224 0.013980028530670471
0 0.4689516129032258 0.05691868758915834 0.06854838709677419 0.013980028530670471
0 0.5276209677419355 0.05777460770328103 0.03508064516129032 0.015691868758915834
0 0.5784274193548387 0.05777460770328103 0.05282258064516129 0.015691868758915834
0 0.645766129032258 0.05691868758915834 0.06814516129032258 0.013980028530670471
0 0.40181451612903224 0.057631954350927245 0.05282258064516129 0.012553495007132667
0 0.15544354838709679 0.07018544935805991 0.010887096774193548 0.00912981455064194
0 0.8810483870967742 0.08659058487874464 0.075 0.02653352353780314
0 0.12237903225806451 0.1014265335235378 0.046370967741935484 0.024821683309557776
0 0.49778225806451615 0.10299572039942939 0.4044354838709677 0.025106990014265335
0 0.8588709677419355 0.10699001426533523 0.04838709677419355 0.017118402282453638
0 0.8830645161290323 0.11940085592011412 0.05725806451612903 0.020256776034236805
0 0.22399193548387097 0.1529243937232525 0.09475806451612903 0.018830242510699
0 0.0969758064516129 0.15306704707560628 0.04395161290322581 0.015691868758915834
0 0.10907258064516129 0.1825962910128388 0.07298387096774193 0.018830242510699
0 0.22600806451612904 0.2115549215406562 0.1657258064516129 0.020256776034236805
0 0.3675403225806452 0.2115549215406562 0.09475806451612903 0.020256776034236805
0 0.09576612903225806 0.21069900142653353 0.046370967741935484 0.015691868758915834
0 0.4459677419354839 0.21069900142653353 0.04435483870967742 0.015691868758915834
0 0.13790322580645162 0.2396576319543509 0.1346774193548387 0.017118402282453638
0 0.2814516129032258 0.2396576319543509 0.1346774193548387 0.017118402282453638
0 0.44375 0.23894436519258203 0.039919354838709675 0.015691868758915834
0 0.519758064516129 0.23894436519258203 0.09516129032258064 0.015691868758915834
0 0.6092741935483871 0.23894436519258203 0.062096774193548386 0.015691868758915834
0 0.38629032258064516 0.2405135520684736 0.05725806451612903 0.015406562054208274
0 0.08931451612903225 0.3310984308131241 0.0375 0.015691868758915834
0 0.1875 0.3310984308131241 0.13225806451612904 0.015691868758915834
0 0.3233870967741935 0.3310984308131241 0.11693548387096774 0.015691868758915834
0 0.40504032258064515 0.3310984308131241 0.03346774193548387 0.015691868758915834
0 0.4625 0.3310984308131241 0.024193548387096774 0.015691868758915834
0 0.08810483870967742 0.7756062767475036 0.02620967741935484 0.011126961483594865
0 0.22278225806451613 0.7756062767475036 0.04879032258064516 0.013980028530670471
0 0.32883064516129035 0.7756062767475036 0.07943548387096774 0.011126961483594865
0 0.43588709677419357 0.7756062767475036 0.050806451612903224 0.013980028530670471
0 0.5209677419354839 0.7756062767475036 0.03951612903225806 0.011126961483594865
0 0.65 0.7756062767475036 0.050806451612903224 0.013980028530670471
0 0.7429435483870968 0.7756062767475036 0.05524193548387097 0.011126961483594865
0 0.8665322580645162 0.7756062767475036 0.050806451612903224 0.013980028530670471
0 0.22157258064516128 0.8021398002853067 0.046370967741935484 0.013980028530670471
0 0.08709677419354839 0.8099857346647646 0.024193548387096774 0.010841654778887305
0 0.22318548387096773 0.8168330955777461 0.04717741935483871 0.011982881597717546
0 0.08266129032258064 0.839657631954351 0.01532258064516129 0.010841654778887305
0 0.10806451612903226 0.838944365192582 0.035483870967741936 0.012268188302425107
0 0.08911290322580645 0.892867332382311 0.03306451612903226 0.013980028530670471
0 0.23165322580645162 0.892867332382311 0.12782258064516128 0.013980028530670471
0 0.38629032258064516 0.892867332382311 0.03951612903225806 0.013980028530670471
0 0.43266129032258066 0.892867332382311 0.04838709677419355 0.013980028530670471
0 0.5143145161290322 0.892867332382311 0.03508064516129032 0.013980028530670471
0 0.08266129032258064 0.9099857346647646 0.01532258064516129 0.011126961483594865
0 0.11895161290322581 0.9092724679029958 0.04435483870967742 0.012553495007132667
0 0.19959677419354838 0.9099857346647646 0.07741935483870968 0.013980028530670471
0 0.26149193548387095 0.9099857346647646 0.03346774193548387 0.013980028530670471
0 0.3058467741935484 0.9092724679029958 0.046370967741935484 0.012553495007132667
0 0.3487903225806452 0.9092724679029958 0.02661290322580645 0.012553495007132667
0 0.4181451612903226 0.9099857346647646 0.10806451612903226 0.013980028530670471
0 0.6070564516129032 0.9115549215406562 0.03508064516129032 0.010841654778887305
0 0.6391129032258065 0.9115549215406562 0.020161290322580645 0.010841654778887305
0 0.6645161290322581 0.9115549215406562 0.017741935483870968 0.010841654778887305
0 0.5683467741935484 0.9115549215406562 0.028629032258064516 0.007988587731811698
0 0.09032258064516129 0.9263908701854493 0.03064516129032258 0.012553495007132667
0 0.18306451612903227 0.9256776034236804 0.07983870967741935 0.013980028530670471
0 0.27580645161290324 0.9256776034236804 0.03951612903225806 0.013980028530670471
0 0.4647177419354839 0.9256776034236804 0.01975806451612903 0.011126961483594865
0 0.49556451612903224 0.9256776034236804 0.03790322580645161 0.013980028530670471
0 0.8048387096774193 0.9256776034236804 0.03306451612903226 0.013980028530670471
0 0.13326612903225807 0.927246790299572 0.028629032258064516 0.010841654778887305
0 0.5737903225806451 0.927246790299572 0.09274193548387097 0.010841654778887305
0 0.6379032258064516 0.927246790299572 0.035483870967741936 0.010841654778887305
0 0.6709677419354839 0.9279600570613409 0.017741935483870968 0.0094151212553495
