0 0.13346774193548386 0.09514978601997147 0.050806451612903224 0.015691868758915834
0 0.4435483870967742 0.1115549215406562 0.075 0.010841654778887305
0 0.504233870967742 0.1115549215406562 0.028629032258064516 0.010841654778887305
0 0.5705645161290323 0.1115549215406562 0.09032258064516129 0.010841654778887305
0 0.8709677419354839 0.14907275320970043 0.09032258064516129 0.04821683309557775
0 0.42701612903225805 0.1544935805991441 0.20967741935483872 0.021968616262482168
0 0.6247983870967742 0.1544935805991441 0.1504032258064516 0.021968616262482168
0 0.8862903225806451 0.17631954350927245 0.050806451612903224 0.012553495007132667
0 0.8487903225806451 0.17788873038516406 0.01532258064516129 0.0094151212553495
0 0.20504032258064517 0.21626248216833097 0.07943548387096774 0.017118402282453638
0 0.11915322580645162 0.21626248216833097 0.039919354838709675 0.014265335235378032
0 0.12903225806451613 0.23894436519258203 0.05967741935483871 0.015691868758915834
0 0.11915322580645162 0.262339514978602 0.039919354838709675 0.015691868758915834
0 0.2247983870967742 0.26333808844507844 0.11975806451612903 0.017118402282453638
0 0.3663306451612903 0.262339514978602 0.11895161290322581 0.015691868758915834
0 0.15544354838709679 0.29586305278174035 0.11733870967741936 0.017118402282453638
0 0.26471774193548386 0.2967189728958631 0.07943548387096774 0.015406562054208274
0 0.1747983870967742 0.3203994293865906 0.07782258064516129 0.015977175463623396
0 0.3056451612903226 0.31940085592011414 0.1217741935483871 0.017403708987161197
0 0.43709677419354837 0.31940085592011414 0.11935483870967742 0.017403708987161197
0 0.10120967741935484 0.3202567760342368 0.008870967741935484 0.0094151212553495
0 0.1566532258064516 0.3419400855920114 0.039919354838709675 0.015691868758915834
0 0.21512096774193548 0.3419400855920114 0.08185483870967741 0.015691868758915834
0 0.32217741935483873 0.3419400855920114 0.075 0.015691868758915834
0 0.3907258064516129 0.3419400855920114 0.0532258064516129 0.015691868758915834
0 0.1034274193548387 0.34350927246790297 0.013306451612903225 0.012553495007132667
0 0.10141129032258064 0.36547788873038517 0.013306451612903225 0.012553495007132667
0 0.16653225806451613 0.36547788873038517 0.06370967741935483 0.015406562054208274
0 0.2691532258064516 0.36547788873038517 0.08830645161290322 0.015406562054208274
0 0.34758064516129034 0.36547788873038517 0.024193548387096774 0.015406562054208274
0 0.42379032258064514 0.7482168330955777 0.03064516129032258 0.0094151212553495
0 0.4612903225806452 0.7490727532097005 0.035483870967741936 0.011126961483594865
0 0.2306451612903226 0.7529243937232525 0.050806451612903224 0.012553495007132667
0 0.13669354838709677 0.7553495007132668 0.06612903225806452 0.011126961483594865
0 0.3167338709677419 0.7544935805991441 0.028629032258064516 0.0094151212553495
0 0.4338709677419355 0.7616262482168331 0.050806451612903224 0.013980028530670471
0 0.12560483870967742 0.8225392296718973 0.04395161290322581 0.010841654778887305
0 0.20181451612903226 0.8639087018544935 0.11733870967741936 0.015406562054208274
0 0.31451612903225806 0.8646219686162625 0.08629032258064516 0.013980028530670471
0 0.11794354838709678 0.8717546362339514 0.03346774193548387 0.012268188302425107
0 0.5451612903225806 0.8717546362339514 0.035483870967741936 0.012268188302425107
0 0.16653225806451613 0.8803138373751783 0.041935483870967745 0.011126961483594865
0 0.2433467741935484 0.8995720399429387 0.06895161290322581 0.014835948644793153
0 0.3094758064516129 0.8997146932952924 0.052016129032258066 0.015121255349500713
0 0.369758064516129 0.8982881597717546 0.050806451612903224 0.015691868758915834
0 0.519758064516129 0.8982881597717546 0.08629032258064516 0.015691868758915834
0 0.11028225806451612 0.8990014265335236 0.013306451612903225 0.010841654778887305
0 0.14899193548387096 0.8982881597717546 0.046370967741935484 0.012268188302425107
0 0.43588709677419357 0.8991440798858773 0.06854838709677419 0.013980028530670471
0 0.6842741935483871 0.8991440798858773 0.04435483870967742 0.013980028530670471
0 0.7306451612903225 0.8982881597717546 0.035483870967741936 0.012268188302425107
0 0.757258064516129 0.8982881597717546 0.017741935483870968 0.012268188302425107
0 0.7868951612903226 0.9007132667617689 0.028629032258064516 0.010841654778887305
0 0.816733870967742 0.9007132667617689 0.02217741935483871 0.010841654778887305
0 0.8411290322580646 0.8998573466476462 0.017741935483870968 0.00912981455064194
0 0.8014112903225806 0.9171184022824537 0.09314516129032258 0.015691868758915834
0 0.11693548387096774 0.9169757489300998 0.035483870967741936 0.012553495007132667
0 0.15866935483870967 0.9178316690442225 0.031048387096774193 0.010841654778887305
0 0.19536290322580646 0.9169757489300998 0.0375 0.012553495007132667
0 0.3342741935483871 0.9169757489300998 0.041935483870967745 0.012553495007132667
0 0.3784274193548387 0.9169757489300998 0.028629032258064516 0.012553495007132667
0 0.411491935483871 0.9169757489300998 0.028629032258064516 0.012553495007132667
0 0.4491935483870968 0.9169757489300998 0.03790322580645161 0.012553495007132667
0 0.3651209677419355 0.9389443651925821 0.046370967741935484 0.012553495007132667
0 0.4247983870967742 0.9382310984308131 0.06411290322580646 0.013980028530670471
0 0.5310483870967742 0.9382310984308131 0.03306451612903226 0.013980028530670471
0 0.573991935483871 0.9382310984308131 0.04879032258064516 0.013980028530670471
0 0.4844758064516129 0.9389443651925821 0.046370967741935484 0.012553495007132667
0 0.6435483870967742 0.9389443651925821 0.07741935483870968 0.012553495007132667
