0 0.8334677419354839 0.10912981455064194 0.050806451612903224 0.015691868758915834
0 0.8885080645161291 0.10912981455064194 0.06411290322580646 0.015691868758915834
0 0.5098790322580645 0.1310984308131241 0.13266129032258064 0.024821683309557776
0 0.15766129032258064 0.12710413694721825 0.10403225806451613 0.013980028530670471
0 0.8421370967741936 0.150641940085592 0.05524193548387097 0.010841654778887305
0 0.8939516129032258 0.15335235378031384 0.05161290322580645 0.013409415121255349
0 0.1344758064516129 0.192867332382311 0.04395161290322581 0.017118402282453638
0 0.26370967741935486 0.192867332382311 0.09516129032258064 0.017118402282453638
0 0.3342741935483871 0.192867332382311 0.024193548387096774 0.017118402282453638
0 0.36733870967741933 0.192867332382311 0.024193548387096774 0.017118402282453638
0 0.49899193548387094 0.19358059914407988 0.21653225806451612 0.018544935805991442
0 0.13568548387096774 0.2225392296718973 0.07298387096774193 0.020542082738944364
0 0.1344758064516129 0.24907275320970043 0.04395161290322581 0.017118402282453638
0 0.2625 0.250641940085592 0.09274193548387097 0.020256776034236805
0 0.3443548387096774 0.250641940085592 0.04838709677419355 0.020256776034236805
0 0.4316532258064516 0.250641940085592 0.1125 0.020256776034236805
0 0.17540322580645162 0.2803138373751783 0.08629032258064516 0.017403708987161197
0 0.11008064516129032 0.2810271041369472 0.017741935483870968 0.012553495007132667
0 0.27681451612903224 0.304564907275321 0.2584677419354839 0.018544935805991442
0 0.12116935483870968 0.304564907275321 0.031048387096774193 0.015691868758915834
0 0.49899193548387094 0.304564907275321 0.16330645161290322 0.015691868758915834
0 0.6237903225806452 0.304564907275321 0.041935483870967745 0.015691868758915834
0 0.6766129032258065 0.304564907275321 0.041935483870967745 0.015691868758915834
0 0.7372983870967742 0.304564907275321 0.05282258064516129 0.015691868758915834
0 0.22056451612903225 0.3286733238231098 0.14596774193548387 0.017118402282453638
0 0.6568548387096774 0.3286733238231098 0.11693548387096774 0.017118402282453638
0 0.11895161290322581 0.32952924393723254 0.02661290322580645 0.015406562054208274
0 0.3487903225806452 0.32952924393723254 0.08387096774193549 0.015406562054208274
0 0.45141129032258065 0.32952924393723254 0.10846774193548388 0.015406562054208274
0 0.540725806451613 0.32952924393723254 0.075 0.015406562054208274
0 0.7362903225806452 0.32952924393723254 0.020161290322580645 0.015406562054208274
0 0.7893145161290323 0.32952924393723254 0.06411290322580646 0.015406562054208274
0 0.8633064516129032 0.32952924393723254 0.062096774193548386 0.015406562054208274
0 0.9151209677419355 0.32952924393723254 0.01975806451612903 0.015406562054208274
0 0.26491935483870965 0.3537803138373752 0.08387096774193549 0.017118402282453638
0 0.18205645161290324 0.3544935805991441 0.06411290322580646 0.015691868758915834
0 0.3443548387096774 0.3544935805991441 0.0532258064516129 0.015691868758915834
0 0.225 0.37874465049928674 0.19435483870967743 0.017403708987161197
0 0.4104838709677419 0.37874465049928674 0.15 0.017403708987161197
0 0.5308467741935484 0.37874465049928674 0.06411290322580646 0.017403708987161197
0 0.5971774193548387 0.37874465049928674 0.041935483870967745 0.017403708987161197
0 0.663508064516129 0.37874465049928674 0.06411290322580646 0.017403708987161197
0 0.761491935483871 0.37874465049928674 0.1060483870967742 0.017403708987161197
0 0.10241935483870968 0.3803138373751783 0.01532258064516129 0.014265335235378032
0 0.8487903225806451 0.3796005706134094 0.041935483870967745 0.015691868758915834
0 0.9040322580645161 0.37874465049928674 0.041935483870967745 0.013980028530670471
0 0.13891129032258065 0.4029957203994294 0.02217741935483871 0.015691868758915834
0 0.1808467741935484 0.40456490727532096 0.04395161290322581 0.018830242510699
0 0.2560483870967742 0.4037089871611983 0.08387096774193549 0.017118402282453638
0 0.34213709677419357 0.4029957203994294 0.06169354838709677 0.015691868758915834
0 0.47681451612903225 0.4037089871611983 0.1810483870967742 0.017118402282453638
0 0.17540322580645162 0.4522111269614836 0.08629032258064516 0.017118402282453638
0 0.25161290322580643 0.4522111269614836 0.04435483870967742 0.017118402282453638
0 0.30362903225806454 0.4529243937232525 0.041935483870967745 0.015691868758915834
0 0.2991935483870968 0.4825962910128388 0.050806451612903224 0.015691868758915834
0 0.16108870967741937 0.4920114122681883 0.04879032258064516 0.015691868758915834
0 0.42600806451612905 0.4920114122681883 0.04879032258064516 0.015691868758915834
0 0.5320564516129033 0.4920114122681883 0.07943548387096774 0.015691868758915834
0 0.6977822580645161 0.4920114122681883 0.07943548387096774 0.015691868758915834
0 0.832258064516129 0.49129814550641937 0.03951612903225806 0.014265335235378032
0 0.30120967741935484 0.4998573466476462 0.050806451612903224 0.015406562054208274
0 0.3002016129032258 0.5286733238231098 0.05766129032258065 0.017118402282453638
0 0.5320564516129033 0.5286733238231098 0.09717741935483871 0.017118402282453638
0 0.6987903225806451 0.527960057061341 0.1435483870967742 0.015691868758915834
0 0.1620967741935484 0.5380884450784593 0.09919354838709678 0.017118402282453638
0 0.8324596774193549 0.5373751783166905 0.031048387096774193 0.015691868758915834
0 0.42701612903225805 0.5380884450784593 0.03306451612903226 0.007988587731811698
0 0.5320564516129033 0.5475035663338088 0.07943548387096774 0.017118402282453638
0 0.6987903225806451 0.5475035663338088 0.17903225806451614 0.017118402282453638
0 0.3022177419354839 0.5475035663338088 0.08830645161290322 0.007988587731811698
0 0.12338709677419354 0.5920114122681883 0.04435483870967742 0.018830242510699
0 0.2284274193548387 0.5912981455064193 0.08588709677419355 0.017403708987161197
0 0.2991935483870968 0.5904422253922967 0.03306451612903226 0.015691868758915834
0 0.16431451612903225 0.5920114122681883 0.015725806451612902 0.012553495007132667
0 0.16088709677419355 0.615549215406562 0.017741935483870968 0.015691868758915834
0 0.2284274193548387 0.6162624821683309 0.08588709677419355 0.017118402282453638
0 0.3058467741935484 0.615549215406562 0.046370967741935484 0.015691868758915834
0 0.36955645161290324 0.615549215406562 0.06411290322580646 0.015691868758915834
0 0.4316532258064516 0.615549215406562 0.0375 0.015691868758915834
0 0.4899193548387097 0.615549215406562 0.02661290322580645 0.015691868758915834
0 0.5100806451612904 0.7038516405135521 0.2782258064516129 0.023395149786019972
0 0.589516129032258 0.7888730385164051 0.15 0.018830242510699
0 0.23709677419354838 0.7881597717546363 0.050806451612903224 0.013980028530670471
0 0.44576612903225804 0.7881597717546363 0.05282258064516129 0.013980028530670471
0 0.1465725806451613 0.7897289586305278 0.09475806451612903 0.010841654778887305
0 0.34758064516129034 0.7890156918687589 0.0814516129032258 0.0094151212553495
0 0.6524193548387097 0.7944365192582026 0.050806451612903224 0.013980028530670471
0 0.12338709677419354 0.8178316690442226 0.0532258064516129 0.013980028530670471
0 0.33225806451612905 0.8178316690442226 0.050806451612903224 0.013980028530670471
0 0.19314516129032258 0.8186875891583452 0.041935483870967745 0.0094151212553495
0 0.11350806451612903 0.8841654778887303 0.03346774193548387 0.012553495007132667
0 0.18629032258064515 0.8850213980028531 0.06854838709677419 0.014265335235378032
0 0.25040322580645163 0.8850213980028531 0.05967741935483871 0.010841654778887305
0 0.5286290322580646 0.8841654778887303 0.03306451612903226 0.012553495007132667
0 0.14334677419354838 0.9054208273894436 0.04395161290322581 0.013980028530670471
0 0.22620967741935483 0.9054208273894436 0.07741935483870968 0.013980028530670471
0 0.2945564516129032 0.9054208273894436 0.046370967741935484 0.013980028530670471
0 0.3477822580645161 0.9054208273894436 0.046370967741935484 0.013980028530670471
0 0.40504032258064515 0.9054208273894436 0.05524193548387097 0.013980028530670471
0 0.4756048387096774 0.9054208273894436 0.06411290322580646 0.013980028530670471
0 0.6455645161290322 0.9061340941512126 0.050806451612903224 0.012553495007132667
0 0.5772177419354839 0.9061340941512126 0.01975806451612903 0.012553495007132667
0 0.6026209677419355 0.9075606276747503 0.031048387096774193 0.012553495007132667
0 0.6997983870967742 0.9068473609129815 0.04395161290322581 0.011126961483594865
0 0.7616935483870968 0.9068473609129815 0.017741935483870968 0.011126961483594865
0 0.8004032258064516 0.9068473609129815 0.05967741935483871 0.011126961483594865
0 0.738508064516129 0.908416547788873 0.01975806451612903 0.010841654778887305
0 0.11471774193548387 0.9256776034236804 0.031048387096774193 0.011126961483594865
0 0.2957661290322581 0.9249643366619116 0.039919354838709675 0.012553495007132667
0 0.7794354838709677 0.9256776034236804 0.08387096774193549 0.013980028530670471
