0 0.33487903225806454 0.08216833095577745 0.06895161290322581 0.015406562054208274
0 0.4094758064516129 0.0825962910128388 0.06814516129032258 0.015691868758915834
0 0.4866935483870968 0.0825962910128388 0.07258064516129033 0.015691868758915834
0 0.6711693548387097 0.0825962910128388 0.08830645161290322 0.015691868758915834
0 0.5772177419354839 0.08345221112696148 0.08588709677419355 0.013980028530670471
0 0.8300403225806452 0.1108416547788873 0.04879032258064516 0.015691868758915834
0 0.8862903225806451 0.10998573466476462 0.05967741935483871 0.013980028530670471
0 0.5066532258064516 0.13024251069900142 0.3995967741935484 0.02653352353780314
0 0.15443548387096775 0.12710413694721825 0.10161290322580645 0.013980028530670471
0 0.8411290322580646 0.14978601997146934 0.0532258064516129 0.012553495007132667
0 0.905241935483871 0.14978601997146934 0.021774193548387097 0.012553495007132667
0 0.8820564516129032 0.1514978601997147 0.028629032258064516 0.012553495007132667
0 0.13548387096774195 0.192867332382311 0.041935483870967745 0.017118402282453638
0 0.2770161290322581 0.19358059914407988 0.11693548387096774 0.018544935805991442
0 0.13568548387096774 0.2225392296718973 0.07298387096774193 0.020542082738944364
0 0.25141129032258064 0.24679029957203993 0.07056451612903226 0.018830242510699
0 0.3463709677419355 0.24679029957203993 0.09274193548387097 0.018830242510699
0 0.45241935483870965 0.24679029957203993 0.09274193548387097 0.018830242510699
0 0.5453629032258065 0.24522111269614835 0.07056451612903226 0.015691868758915834
0 0.1344758064516129 0.25606276747503565 0.04395161290322581 0.015691868758915834
0 0.28024193548387094 0.2670470756062767 0.1282258064516129 0.018830242510699
0 0.42943548387096775 0.26776034236804563 0.1435483870967742 0.020256776034236805
0 0.6048387096774194 0.2670470756062767 0.07096774193548387 0.018830242510699
0 0.5342741935483871 0.2670470756062767 0.04435483870967742 0.015406562054208274
0 0.2957661290322581 0.2944365192582026 0.33991935483870966 0.017118402282453638
0 0.5264112903225806 0.2944365192582026 0.10362903225806451 0.017118402282453638
0 0.10907258064516129 0.2951497860199715 0.015725806451612902 0.012268188302425107
0 0.15564516129032258 0.31626248216833097 0.05967741935483871 0.017403708987161197
0 0.2881048387096774 0.31626248216833097 0.08185483870967741 0.017403708987161197
0 0.4060483870967742 0.31626248216833097 0.13709677419354838 0.017403708987161197
0 0.5451612903225806 0.31697574893009983 0.11935483870967742 0.018830242510699
0 0.6435483870967742 0.31626248216833097 0.05967741935483871 0.017403708987161197
0 0.7969758064516129 0.31626248216833097 0.07943548387096774 0.017403708987161197
0 0.8887096774193548 0.31697574893009983 0.0814516129032258 0.018830242510699
0 0.11008064516129032 0.31783166904422255 0.017741935483870968 0.014265335235378032
0 0.21733870967741936 0.31711840228245364 0.041935483870967745 0.015691868758915834
0 0.7153225806451613 0.31711840228245364 0.062096774193548386 0.015691868758915834
0 0.1344758064516129 0.3398002853067047 0.07943548387096774 0.017118402282453638
0 0.20181451612903226 0.3398002853067047 0.0375 0.017118402282453638
0 0.2881048387096774 0.3405135520684736 0.1125 0.018544935805991442
0 0.36088709677419356 0.3398002853067047 0.020161290322580645 0.017118402282453638
0 0.44133064516129034 0.3398002853067047 0.12379032258064517 0.017118402282453638
0 0.5540322580645162 0.3398002853067047 0.08387096774193549 0.017118402282453638
0 0.6558467741935484 0.3398002853067047 0.09717741935483871 0.017118402282453638
0 0.7449596774193549 0.3398002853067047 0.06411290322580646 0.017118402282453638
0 0.4469758064516129 0.3614835948644793 0.07701612903225806 0.017118402282453638
0 0.5441532258064516 0.3614835948644793 0.09959677419354838 0.017118402282453638
0 0.6711693548387097 0.3614835948644793 0.039919354838709675 0.017118402282453638
0 0.16310483870967743 0.36319543509272467 0.07943548387096774 0.017118402282453638
0 0.23266129032258065 0.362339514978602 0.041935483870967745 0.015406562054208274
0 0.32883064516129035 0.36319543509272467 0.13669354838709677 0.017118402282453638
0 0.6225806451612903 0.362339514978602 0.03951612903225806 0.015406562054208274
0 0.7606854838709678 0.362339514978602 0.12137096774193548 0.015406562054208274
0 0.10806451612903226 0.3630527817403709 0.017741935483870968 0.013980028530670471
0 0.3090725806451613 0.4099857346647646 0.039919354838709675 0.017118402282453638
0 0.3641129032258065 0.41069900142653354 0.04838709677419355 0.015691868758915834
0 0.1310483870967742 0.43651925820256776 0.050806451612903224 0.017118402282453638
0 0.17641129032258066 0.43580599144079885 0.02620967741935484 0.015691868758915834
0 0.20625 0.43651925820256776 0.024596774193548387 0.017118402282453638
0 0.33649193548387096 0.4373751783166904 0.08185483870967741 0.018830242510699
0 0.42600806451612905 0.4373751783166904 0.0842741935483871 0.018830242510699
0 0.5054435483870968 0.43651925820256776 0.06169354838709677 0.017118402282453638
0 0.2625 0.4366619115549215 0.04838709677419355 0.013980028530670471
0 0.36189516129032256 0.46162624821683307 0.05766129032258065 0.017118402282453638
0 0.14455645161290323 0.462339514978602 0.01975806451612903 0.015691868758915834
0 0.20625 0.462339514978602 0.024596774193548387 0.015691868758915834
0 0.26370967741935486 0.462339514978602 0.050806451612903224 0.015691868758915834
0 0.31350806451612906 0.4614835948644793 0.031048387096774193 0.013980028530670471
0 0.4570564516129032 0.462339514978602 0.11491935483870967 0.015691868758915834
0 0.14455645161290323 0.4843081312410842 0.01975806451612903 0.015691868758915834
0 0.20625 0.4843081312410842 0.024596774193548387 0.015691868758915834
0 0.28911290322580646 0.48502139800285304 0.10161290322580645 0.017118402282453638
0 0.3917338709677419 0.48587731811697576 0.08185483870967741 0.018830242510699
0 0.4625 0.48502139800285304 0.041935483870967745 0.017118402282453638
0 0.501008064516129 0.48502139800285304 0.02217741935483871 0.017118402282453638
0 0.5518145161290322 0.48502139800285304 0.06169354838709677 0.017118402282453638
0 0.6125 0.48587731811697576 0.041935483870967745 0.018830242510699
0 0.11673387096774193 0.48502139800285304 0.02217741935483871 0.014265335235378032
0 0.19193548387096773 0.5077032810271042 0.11451612903225807 0.015691868758915834
0 0.15766129032258064 0.5427960057061341 0.10403225806451613 0.013980028530670471
0 0.23165322580645162 0.5427960057061341 0.03508064516129032 0.013980028530670471
0 0.26814516129032256 0.5427960057061341 0.02903225806451613 0.013980028530670471
0 0.3939516129032258 0.5420827389443652 0.041935483870967745 0.012553495007132667
0 0.47338709677419355 0.5427960057061341 0.10806451612903226 0.013980028530670471
0 0.5991935483870968 0.5427960057061341 0.12580645161290321 0.013980028530670471
0 0.6419354838709678 0.5711840228245364 0.0846774193548387 0.015406562054208274
0 0.11794354838709678 0.5803138373751783 0.024596774193548387 0.010841654778887305
0 0.15221774193548387 0.5803138373751783 0.03508064516129032 0.010841654778887305
0 0.18870967741935485 0.5803138373751783 0.024193548387096774 0.010841654778887305
0 0.21633064516129033 0.5794579172610557 0.02217741935483871 0.012553495007132667
0 0.3852822580645161 0.5803138373751783 0.028629032258064516 0.010841654778887305
0 0.6423387096774194 0.5881597717546362 0.08387096774193549 0.013980028530670471
0 0.646774193548387 0.608416547788873 0.09274193548387097 0.013980028530670471
0 0.11794354838709678 0.6171184022824536 0.024596774193548387 0.012553495007132667
0 0.1810483870967742 0.6178316690442225 0.09274193548387097 0.011126961483594865
0 0.28911290322580646 0.6171184022824536 0.021774193548387097 0.012553495007132667
0 0.3939516129032258 0.6178316690442225 0.050806451612903224 0.013980028530670471
0 0.4612903225806452 0.6178316690442225 0.075 0.013980028530670471
0 0.6588709677419354 0.6272467902995721 0.11693548387096774 0.013980028530670471
0 0.5131048387096774 0.6452211126961483 0.13911290322580644 0.015691868758915834
0 0.6479838709677419 0.6452211126961483 0.09516129032258064 0.015691868758915834
0 0.40161290322580645 0.6450784593437946 0.06612903225806452 0.012553495007132667
0 0.16774193548387098 0.6553495007132668 0.11935483870967742 0.010841654778887305
0 0.29254032258064516 0.6544935805991441 0.028629032258064516 0.012553495007132667
0 0.3774193548387097 0.6639087018544936 0.012903225806451613 0.00912981455064194
0 0.6766129032258065 0.6646219686162624 0.15241935483870966 0.013980028530670471
0 0.11693548387096774 0.6858773181169757 0.02661290322580645 0.012553495007132667
0 0.17983870967741936 0.6865905848787447 0.09516129032258064 0.013980028530670471
0 0.2879032258064516 0.6858773181169757 0.024193548387096774 0.012553495007132667
0 0.3840725806451613 0.6858773181169757 0.031048387096774193 0.012553495007132667
0 0.6479838709677419 0.7068473609129815 0.09032258064516129 0.013980028530670471
0 0.7429435483870968 0.7248216833095578 0.10362903225806451 0.015691868758915834
0 0.6435483870967742 0.7256776034236805 0.0814516129032258 0.013980028530670471
0 0.14556451612903226 0.7358059914407988 0.021774193548387097 0.012553495007132667
0 0.29354838709677417 0.73509272467903 0.03064516129032258 0.013980028530670471
0 0.42943548387096775 0.73509272467903 0.12580645161290321 0.013980028530670471
0 0.11794354838709678 0.7366619115549216 0.024596774193548387 0.010841654778887305
0 0.18870967741935485 0.7366619115549216 0.024193548387096774 0.010841654778887305
0 0.21733870967741936 0.7358059914407988 0.020161290322580645 0.00912981455064194
0 0.630241935483871 0.7443651925820257 0.06370967741935483 0.014265335235378032
0 0.742741935483871 0.7443651925820257 0.1346774193548387 0.014265335235378032
0 0.8302419354838709 0.7452211126961483 0.017741935483870968 0.012553495007132667
0 0.6104838709677419 0.7639087018544936 0.01532258064516129 0.012268188302425107
0 0.6435483870967742 0.763052781740371 0.050806451612903224 0.013980028530670471
0 0.16532258064516128 0.8139800285306704 0.08387096774193549 0.018830242510699
0 0.24153225806451614 0.8358059914407988 0.10403225806451613 0.018544935805991442
0 0.3784274193548387 0.83509272467903 0.13024193548387097 0.017118402282453638
0 0.4877016129032258 0.83509272467903 0.07943548387096774 0.017118402282453638
0 0.5824596774193549 0.8365192582025678 0.09314516129032258 0.017118402282453638
0 0.6733870967741935 0.83509272467903 0.075 0.017118402282453638
0 0.16310483870967743 0.8358059914407988 0.039919354838709675 0.015691868758915834
0 0.7360887096774194 0.8358059914407988 0.0375 0.015691868758915834
0 0.21169354838709678 0.8592011412268188 0.13709677419354838 0.018544935805991442
0 0.3675403225806452 0.8584878744650499 0.13911290322580644 0.017118402282453638
0 0.5131048387096774 0.8584878744650499 0.13911290322580644 0.017118402282453638
0 0.630241935483871 0.8592011412268188 0.0814516129032258 0.018544935805991442
0 0.4965725806451613 0.8818830242510699 0.06169354838709677 0.020542082738944364
0 0.17540322580645162 0.881169757489301 0.05967741935483871 0.015691868758915834
0 0.23508064516129032 0.881169757489301 0.041935483870967745 0.015691868758915834
0 0.3310483870967742 0.8818830242510699 0.10161290322580645 0.017118402282453638
0 0.42600806451612905 0.8818830242510699 0.06169354838709677 0.017118402282453638
0 0.5661290322580645 0.8818830242510699 0.05967741935483871 0.017118402282453638
0 0.17318548387096774 0.903851640513552 0.06411290322580646 0.017118402282453638
0 0.23508064516129032 0.904564907275321 0.041935483870967745 0.018544935805991442
0 0.3133064516129032 0.903851640513552 0.10161290322580645 0.017118402282453638
0 0.42600806451612905 0.903851640513552 0.10120967741935484 0.017118402282453638
0 0.5044354838709677 0.903851640513552 0.041935483870967745 0.017118402282453638
0 0.555241935483871 0.903851640513552 0.041935483870967745 0.017118402282453638
0 0.6060483870967742 0.904564907275321 0.041935483870967745 0.015691868758915834
0 0.17641129032258066 0.927246790299572 0.07056451612903226 0.017118402282453638
0 0.25826612903225804 0.927246790299572 0.07943548387096774 0.017118402282453638
0 0.32883064516129035 0.9263908701854493 0.039919354838709675 0.015406562054208274
0 0.36955645161290324 0.927246790299572 0.01975806451612903 0.017118402282453638
0 0.4889112903225806 0.927246790299572 0.20120967741935483 0.017118402282453638
0 0.6203629032258065 0.9263908701854493 0.039919354838709675 0.015406562054208274
