0 0.16431451612903225 0.07332382310984308 0.08185483870967741 0.015406562054208274
0 0.10463709677419354 0.07475035663338088 0.01975806451612903 0.012553495007132667
0 0.18528225806451612 0.09586305278174037 0.0842741935483871 0.017118402282453638
0 0.294758064516129 0.09586305278174037 0.024193548387096774 0.017118402282453638
0 0.37641129032258064 0.09586305278174037 0.12137096774193548 0.017118402282453638
0 0.4657258064516129 0.09586305278174037 0.03951612903225806 0.017118402282453638
0 0.25705645161290325 0.09600570613409415 0.04233870967741935 0.013980028530670471
0 0.19173387096774194 0.11940085592011412 0.09717741935483871 0.017403708987161197
0 0.2780241935483871 0.12011412268188303 0.06653225806451613 0.018830242510699
0 0.3497983870967742 0.12011412268188303 0.06411290322580646 0.018830242510699
0 0.40826612903225806 0.12011412268188303 0.04395161290322581 0.018830242510699
0 0.26814516129032256 0.14122681883024252 0.0814516129032258 0.017118402282453638
0 0.33991935483870966 0.14122681883024252 0.04435483870967742 0.017118402282453638
0 0.4129032258064516 0.14122681883024252 0.09274193548387097 0.017118402282453638
0 0.4901209677419355 0.14122681883024252 0.04395161290322581 0.017118402282453638
0 0.6191532258064516 0.14122681883024252 0.08185483870967741 0.017118402282453638
0 0.6899193548387097 0.14122681883024252 0.041935483870967745 0.017118402282453638
0 0.7383064516129032 0.14122681883024252 0.041935483870967745 0.017118402282453638
0 0.18185483870967742 0.1419400855920114 0.07741935483870968 0.015691868758915834
0 0.5461693548387097 0.1419400855920114 0.046370967741935484 0.015691868758915834
0 0.5100806451612904 0.7038516405135521 0.3620967741935484 0.023395149786019972
0 0.12338709677419354 0.7333808844507846 0.0532258064516129 0.013980028530670471
0 0.35866935483870965 0.7333808844507846 0.3641129032258065 0.013980028530670471
0 0.6711693548387097 0.7342368045649073 0.26491935483870965 0.015691868758915834
0 0.86875 0.7333808844507846 0.11733870967741936 0.013980028530670471
0 0.20745967741935484 0.7522111269614836 0.06169354838709677 0.013980028530670471
0 0.3209677419354839 0.7522111269614836 0.17016129032258065 0.013980028530670471
0 0.49233870967741933 0.7522111269614836 0.17661290322580644 0.013980028530670471
0 0.8610887096774194 0.7904422253922967 0.05282258064516129 0.024821683309557776
0 0.23709677419354838 0.7881597717546363 0.050806451612903224 0.013980028530670471
0 0.44475806451612904 0.7890156918687589 0.050806451612903224 0.015691868758915834
0 0.6524193548387097 0.7881597717546363 0.050806451612903224 0.013980028530670471
0 0.7792338709677419 0.7888730385164051 0.1060483870967742 0.012553495007132667
0 0.11915322580645162 0.7890156918687589 0.039919354838709675 0.0094151212553495
0 0.34758064516129034 0.7897289586305278 0.0814516129032258 0.010841654778887305
0 0.5618951612903226 0.7890156918687589 0.09475806451612903 0.0094151212553495
0 0.12338709677419354 0.8178316690442226 0.0532258064516129 0.013980028530670471
0 0.11350806451612903 0.8841654778887303 0.03346774193548387 0.012553495007132667
0 0.20725806451612902 0.8841654778887303 0.11048387096774194 0.012553495007132667
0 0.2846774193548387 0.8850213980028531 0.04435483870967742 0.010841654778887305
0 0.5286290322580646 0.8841654778887303 0.03306451612903226 0.012553495007132667
0 0.1443548387096774 0.9054208273894436 0.041935483870967745 0.013980028530670471
0 0.21169354838709678 0.9054208273894436 0.04838709677419355 0.013980028530670471
0 0.26471774193548386 0.9054208273894436 0.04879032258064516 0.013980028530670471
0 0.33649193548387096 0.9054208273894436 0.08588709677419355 0.013980028530670471
0 0.3939516129032258 0.9061340941512126 0.020161290322580645 0.012553495007132667
0 0.11471774193548387 0.9256776034236804 0.031048387096774193 0.011126961483594865
0 0.1907258064516129 0.9256776034236804 0.09516129032258064 0.011126961483594865
0 0.2957661290322581 0.9249643366619116 0.039919354838709675 0.012553495007132667
0 0.3774193548387097 0.9249643366619116 0.0967741935483871 0.012553495007132667
0 0.553024193548387 0.9256776034236804 0.08588709677419355 0.011126961483594865
0 0.7794354838709677 0.9256776034236804 0.08387096774193549 0.013980028530670471
0 0.49778225806451615 0.9265335235378032 0.024596774193548387 0.0094151212553495
0 0.6127016129032258 0.927246790299572 0.01975806451612903 0.010841654778887305
0 0.6358870967741935 0.9265335235378032 0.017741935483870968 0.0094151212553495
