0 0.29354838709677417 0.0912981455064194 0.0532258064516129 0.014265335235378032
0 0.3344758064516129 0.0912981455064194 0.0375 0.014265335235378032
0 0.40161290322580645 0.0912981455064194 0.10161290322580645 0.014265335235378032
0 0.47681451612903225 0.0912981455064194 0.03508064516129032 0.014265335235378032
0 0.5110887096774194 0.0912981455064194 0.01975806451612903 0.014265335235378032
0 0.5695564516129032 0.0912981455064194 0.08830645161290322 0.014265335235378032
0 0.6358870967741935 0.09044222539229672 0.035483870967741936 0.012553495007132667
0 0.7074596774193549 0.0912981455064194 0.09475806451612903 0.014265335235378032
0 0.8377016129032258 0.12710413694721825 0.046370967741935484 0.013980028530670471
0 0.8897177419354839 0.12710413694721825 0.05766129032258065 0.013980028530670471
0 0.5110887096774194 0.14664764621968615 0.1657258064516129 0.025106990014265335
0 0.15221774193548387 0.1427960057061341 0.09717741935483871 0.013980028530670471
0 0.907258064516129 0.1631954350927247 0.017741935483870968 0.010841654778887305
0 0.8487903225806451 0.16390870185449358 0.050806451612903224 0.0094151212553495
0 0.8820564516129032 0.16390870185449358 0.024596774193548387 0.012268188302425107
0 0.1344758064516129 0.2085592011412268 0.04395161290322581 0.017118402282453638
0 0.2669354838709677 0.20927246790299572 0.14112903225806453 0.018544935805991442
0 0.13568548387096774 0.23737517831669044 0.07298387096774193 0.018830242510699
0 0.24375 0.26462196861626247 0.09475806451612903 0.020256776034236805
0 0.34758064516129034 0.26462196861626247 0.09516129032258064 0.020256776034236805
0 0.1344758064516129 0.26390870185449355 0.04395161290322581 0.015406562054208274
0 0.16088709677419355 0.31711840228245364 0.11935483870967742 0.015691868758915834
0 0.26149193548387095 0.31711840228245364 0.059274193548387095 0.015691868758915834
0 0.33225806451612905 0.31711840228245364 0.05967741935483871 0.015691868758915834
0 0.3919354838709677 0.31711840228245364 0.041935483870967745 0.015691868758915834
0 0.46149193548387096 0.31711840228245364 0.07943548387096774 0.015691868758915834
0 0.5451612903225806 0.31711840228245364 0.06612903225806452 0.015691868758915834
0 0.31108870967741936 0.3630527817403709 0.039919354838709675 0.013980028530670471
0 0.1310483870967742 0.4085592011412268 0.05967741935483871 0.017118402282453638
0 0.26975806451612905 0.4099857346647646 0.06048387096774194 0.017118402282453638
0 0.1907258064516129 0.4092724679029957 0.041935483870967745 0.015691868758915834
0 0.1310483870967742 0.4310984308131241 0.05967741935483871 0.015406562054208274
0 0.18971774193548388 0.4310984308131241 0.039919354838709675 0.015406562054208274
0 0.31108870967741936 0.4310984308131241 0.14153225806451614 0.015406562054208274
0 0.1310483870967742 0.4546362339514979 0.05967741935483871 0.015691868758915834
0 0.1907258064516129 0.45378031383737516 0.041935483870967745 0.013980028530670471
0 0.2911290322580645 0.4546362339514979 0.10161290322580645 0.015691868758915834
0 0.12661290322580646 0.4780313837375178 0.050806451612903224 0.0094151212553495
0 0.16088709677419355 0.4764621968616262 0.017741935483870968 0.006276747503566334
0 0.28245967741935485 0.4780313837375178 0.22056451612903225 0.0094151212553495
0 0.13991935483870968 0.4998573466476462 0.07741935483870968 0.015406562054208274
0 0.14112903225806453 0.5225392296718973 0.07983870967741935 0.017403708987161197
0 0.14112903225806453 0.5450784593437946 0.07983870967741935 0.015691868758915834
0 0.22721774193548386 0.5459343794579172 0.031048387096774193 0.013980028530670471
0 0.2713709677419355 0.5679029957203994 0.3403225806451613 0.007703281027104137
0 0.19193548387096773 0.5921540656205421 0.1814516129032258 0.0094151212553495
0 0.12560483870967742 0.6139800285306705 0.04879032258064516 0.006276747503566334
0 0.16088709677419355 0.6139800285306705 0.017741935483870968 0.006276747503566334
0 0.24173387096774193 0.6139800285306705 0.13911290322580644 0.006276747503566334
0 0.3774193548387097 0.6139800285306705 0.1282258064516129 0.006276747503566334
0 0.12903225806451613 0.6358059914407989 0.05967741935483871 0.015691868758915834
0 0.22157258064516128 0.6592011412268188 0.13911290322580644 0.015691868758915834
0 0.3276209677419355 0.6592011412268188 0.07298387096774193 0.015691868758915834
0 0.3907258064516129 0.6592011412268188 0.04435483870967742 0.015691868758915834
0 0.5375 0.6592011412268188 0.02903225806451613 0.015691868758915834
0 0.4173387096774194 0.6600570613409416 0.008870967741935484 0.011126961483594865
0 0.12016129032258065 0.6825962910128388 0.020161290322580645 0.015691868758915834
