0 0.5056451612903226 0.6990014265335235 0.2120967741935484 0.023395149786019972
0 0.4381048387096774 0.7716119828815977 0.0375 0.0094151212553495
0 0.23508064516129032 0.7756062767475036 0.050806451612903224 0.013980028530670471
0 0.14112903225806453 0.7763195435092725 0.09274193548387097 0.012553495007132667
0 0.3431451612903226 0.7771754636233952 0.07741935483870968 0.010841654778887305
0 0.442741935483871 0.7818830242510699 0.050806451612903224 0.013980028530670471
0 0.12016129032258065 0.8398002853067047 0.050806451612903224 0.013980028530670471
0 0.2183467741935484 0.8998573466476462 0.13669354838709677 0.015406562054208274
0 0.11129032258064517 0.8998573466476462 0.03306451612903226 0.012553495007132667
0 0.5 0.9007132667617689 0.01532258064516129 0.010841654778887305
0 0.5276209677419355 0.9007132667617689 0.031048387096774193 0.010841654778887305
0 0.1997983870967742 0.9302425106990014 0.0375 0.013980028530670471
0 0.29354838709677417 0.9302425106990014 0.03951612903225806 0.013980028530670471
0 0.36532258064516127 0.9302425106990014 0.07741935483870968 0.013980028530670471
0 0.777016129032258 0.9302425106990014 0.08387096774193549 0.013980028530670471
0 0.10463709677419354 0.9302425106990014 0.015725806451612902 0.007703281027104137
0 0.12016129032258065 0.931811697574893 0.01532258064516129 0.010841654778887305
0 0.16108870967741937 0.9310984308131242 0.04395161290322581 0.012268188302425107
