0 0.4094758064516129 0.0825962910128388 0.06814516129032258 0.015691868758915834
0 0.4866935483870968 0.0825962910128388 0.07258064516129033 0.015691868758915834
0 0.6711693548387097 0.0825962910128388 0.08830645161290322 0.015691868758915834
0 0.3342741935483871 0.08345221112696148 0.06854838709677419 0.013980028530670471
0 0.5772177419354839 0.08345221112696148 0.08588709677419355 0.013980028530670471
0 0.8334677419354839 0.10912981455064194 0.050806451612903224 0.015691868758915834
0 0.8885080645161291 0.10912981455064194 0.06411290322580646 0.015691868758915834
0 0.5078629032258064 0.13024251069900142 0.3004032258064516 0.02653352353780314
0 0.15766129032258064 0.12710413694721825 0.10403225806451613 0.013980028530670471
0 0.8421370967741936 0.150641940085592 0.05524193548387097 0.010841654778887305
0 0.8945564516129032 0.15335235378031384 0.05120967741935484 0.012838801711840228
0 0.1344758064516129 0.192867332382311 0.04395161290322581 0.017118402282453638
0 0.26370967741935486 0.19358059914407988 0.09516129032258064 0.018544935805991442
0 0.13568548387096774 0.2225392296718973 0.07298387096774193 0.020542082738944364
0 0.2659274193548387 0.24907275320970043 0.08588709677419355 0.020542082738944364
0 0.1344758064516129 0.24907275320970043 0.04395161290322581 0.017118402282453638
0 0.33991935483870966 0.24907275320970043 0.04435483870967742 0.017118402282453638
0 0.3919354838709677 0.2499286733238231 0.041935483870967745 0.018830242510699
0 0.4459677419354839 0.2499286733238231 0.04435483870967742 0.018830242510699
0 0.5076612903225807 0.2499286733238231 0.06612903225806452 0.018830242510699
0 0.5717741935483871 0.2499286733238231 0.04435483870967742 0.018830242510699
0 0.2129032258064516 0.2796005706134094 0.2056451612903226 0.018830242510699
0 0.3580645161290323 0.2810271041369472 0.06451612903225806 0.01825962910128388
0 0.4612903225806452 0.2810271041369472 0.1282258064516129 0.018830242510699
0 0.5784274193548387 0.2810271041369472 0.08830645161290322 0.018830242510699
0 0.6645161290322581 0.2803138373751783 0.06612903225806452 0.017403708987161197
0 0.7306451612903225 0.2810271041369472 0.04435483870967742 0.018830242510699
0 0.8157258064516129 0.2803138373751783 0.10806451612903226 0.017403708987161197
0 0.902016129032258 0.2794579172610556 0.041935483870967745 0.015691868758915834
0 0.22399193548387097 0.3085592011412268 0.07298387096774193 0.020256776034236805
0 0.14334677419354838 0.30770328102710415 0.06653225806451613 0.015691868758915834
0 0.1935483870967742 0.33580599144079887 0.07822580645161291 0.019971469329529243
0 0.27681451612903224 0.33580599144079887 0.08185483870967741 0.018830242510699
0 0.13326612903225807 0.3365192582025678 0.028629032258064516 0.013980028530670471
0 0.5717741935483871 0.3639087018544936 0.03951612903225806 0.012268188302425107
0 0.42600806451612905 0.3646219686162625 0.039919354838709675 0.010841654778887305
0 0.25040322580645163 0.36704707560627675 0.02903225806451613 0.0094151212553495
0 0.3243951612903226 0.36776034236804567 0.02620967741935484 0.010841654778887305
0 0.16330645161290322 0.3710413694721826 0.05725806451612903 0.013980028530670471
0 0.6842741935483871 0.3710413694721826 0.05725806451612903 0.013980028530670471
0 0.8002016129032258 0.3716119828815977 0.028629032258064516 0.0094151212553495
0 0.24818548387096775 0.37717546362339516 0.028629032258064516 0.014265335235378032
0 0.32318548387096774 0.37717546362339516 0.028629032258064516 0.014265335235378032
0 0.3808467741935484 0.3803138373751783 0.028629032258064516 0.010841654778887305
0 0.45120967741935486 0.3803138373751783 0.050806451612903224 0.014265335235378032
0 0.5231854838709677 0.3803138373751783 0.02620967741935484 0.010841654778887305
0 0.5971774193548387 0.381169757489301 0.050806451612903224 0.012553495007132667
0 0.6842741935483871 0.392867332382311 0.06612903225806452 0.00456490727532097
0 0.24838709677419354 0.40057061340941513 0.050806451612903224 0.00456490727532097
0 0.4502016129032258 0.40057061340941513 0.07056451612903226 0.00456490727532097
0 0.5949596774193548 0.40057061340941513 0.07298387096774193 0.00456490727532097
0 0.1620967741935484 0.42339514978601994 0.02903225806451613 0.006276747503566334
0 0.6842741935483871 0.42339514978601994 0.06612903225806452 0.006276747503566334
0 0.24838709677419354 0.4310984308131241 0.050806451612903224 0.006276747503566334
0 0.3786290322580645 0.4310984308131241 0.01532258064516129 0.006276747503566334
0 0.4502016129032258 0.4310984308131241 0.07056451612903226 0.006276747503566334
0 0.5949596774193548 0.4310984308131241 0.07298387096774193 0.006276747503566334
0 0.1620967741935484 0.43880171184022826 0.02903225806451613 0.006276747503566334
0 0.6854838709677419 0.4544935805991441 0.06370967741935483 0.006276747503566334
0 0.24838709677419354 0.46162624821683307 0.050806451612903224 0.00456490727532097
0 0.4502016129032258 0.46162624821683307 0.07056451612903226 0.00456490727532097
0 0.5961693548387097 0.46162624821683307 0.07056451612903226 0.00456490727532097
0 0.1157258064516129 0.5255349500713267 0.041935483870967745 0.017118402282453638
0 0.22358870967741937 0.527960057061341 0.12137096774193548 0.018544935805991442
0 0.3443548387096774 0.527246790299572 0.10161290322580645 0.017118402282453638
0 0.42278225806451614 0.5263908701854494 0.0375 0.015406562054208274
0 0.4745967741935484 0.5263908701854494 0.021774193548387097 0.015406562054208274
0 0.8610887096774194 0.7747503566333809 0.02217741935483871 0.0094151212553495
0 0.11915322580645162 0.7796005706134094 0.039919354838709675 0.0094151212553495
0 0.23709677419354838 0.7803138373751783 0.050806451612903224 0.014265335235378032
0 0.3344758064516129 0.7803138373751783 0.05524193548387097 0.010841654778887305
0 0.44475806451612904 0.7803138373751783 0.050806451612903224 0.014265335235378032
0 0.5409274193548387 0.7803138373751783 0.05282258064516129 0.010841654778887305
0 0.6524193548387097 0.7803138373751783 0.050806451612903224 0.014265335235378032
0 0.759475806451613 0.7803138373751783 0.06653225806451613 0.010841654778887305
0 0.8544354838709678 0.7865905848787447 0.03064516129032258 0.010841654778887305
0 0.12338709677419354 0.8084165477888731 0.0532258064516129 0.013980028530670471
0 0.3310483870967742 0.8084165477888731 0.04838709677419355 0.013980028530670471
0 0.19314516129032258 0.8092724679029957 0.041935483870967745 0.0094151212553495
0 0.11350806451612903 0.8756062767475036 0.03346774193548387 0.014265335235378032
0 0.20403225806451614 0.8756062767475036 0.10403225806451613 0.014265335235378032
0 0.5286290322580646 0.8756062767475036 0.03306451612903226 0.014265335235378032
0 0.22681451612903225 0.8935805991440798 0.07782258064516129 0.015406562054208274
0 0.4625 0.8951497860199714 0.07741935483870968 0.015691868758915834
0 0.2969758064516129 0.8960057061340941 0.046370967741935484 0.013980028530670471
0 0.36088709677419356 0.8951497860199714 0.06370967741935483 0.012268188302425107
0 0.40725806451612906 0.8951497860199714 0.020161290322580645 0.012268188302425107
0 0.5332661290322581 0.8960057061340941 0.046370967741935484 0.013980028530670471
0 0.10786290322580645 0.9014265335235377 0.013306451612903225 0.0094151212553495
0 0.14334677419354838 0.9014265335235377 0.04395161290322581 0.012268188302425107
0 0.589516129032258 0.9022824536376605 0.04435483870967742 0.013980028530670471
0 0.65 0.9029957203994293 0.05967741935483871 0.012553495007132667
0 0.7076612903225806 0.9029957203994293 0.041935483870967745 0.00912981455064194
0 0.7473790322580646 0.903851640513552 0.01975806451612903 0.010841654778887305
0 0.7705645161290322 0.9029957203994293 0.017741935483870968 0.00912981455064194
0 0.19616935483870968 0.9077032810271042 0.013306451612903225 0.0094151212553495
0 0.11471774193548387 0.9256776034236804 0.031048387096774193 0.011126961483594865
0 0.1907258064516129 0.9256776034236804 0.09516129032258064 0.011126961483594865
0 0.2957661290322581 0.9249643366619116 0.039919354838709675 0.012553495007132667
0 0.3784274193548387 0.9256776034236804 0.09475806451612903 0.011126961483594865
0 0.5308467741935484 0.9263908701854493 0.0907258064516129 0.012553495007132667
0 0.7794354838709677 0.9256776034236804 0.08387096774193549 0.013980028530670471
0 0.5949596774193548 0.927246790299572 0.01975806451612903 0.010841654778887305
0 0.6181451612903226 0.9265335235378032 0.017741935483870968 0.0094151212553495
