0 0.33810483870967745 0.08416547788873038 0.06895161290322581 0.015406562054208274
0 0.4127016129032258 0.0825962910128388 0.07056451612903226 0.015691868758915834
0 0.4901209677419355 0.0825962910128388 0.07056451612903226 0.015691868758915834
0 0.5772177419354839 0.0825962910128388 0.08588709677419355 0.015691868758915834
0 0.6711693548387097 0.0825962910128388 0.08830645161290322 0.015691868758915834
0 0.8356854838709677 0.1108416547788873 0.046370967741935484 0.015691868758915834
0 0.8875 0.1108416547788873 0.05725806451612903 0.015691868758915834
0 0.5100806451612904 0.1303851640513552 0.33548387096774196 0.030813124108416547
0 0.15443548387096775 0.12710413694721825 0.10161290322580645 0.013980028530670471
0 0.8673387096774193 0.15135520684736092 0.09758064516129032 0.012268188302425107
0 0.13669354838709677 0.19358059914407988 0.07096774193548387 0.018544935805991442
0 0.26370967741935486 0.19443651925820257 0.09516129032258064 0.020256776034236805
0 0.13568548387096774 0.2225392296718973 0.07298387096774193 0.020542082738944364
0 0.3675403225806452 0.24907275320970043 0.07701612903225806 0.020542082738944364
0 0.4659274193548387 0.24978601997146932 0.09717741935483871 0.021968616262482168
0 0.15766129032258064 0.24907275320970043 0.024193548387096774 0.017118402282453638
0 0.26814516129032256 0.24907275320970043 0.10403225806451613 0.017118402282453638
0 0.5352822580645161 0.2499286733238231 0.028629032258064516 0.018830242510699
0 0.5806451612903226 0.2499286733238231 0.04838709677419355 0.018830242510699
0 0.6633064516129032 0.2499286733238231 0.09516129032258064 0.018830242510699
0 0.7461693548387097 0.24835948644793152 0.04395161290322581 0.015691868758915834
0 0.11350806451612903 0.24907275320970043 0.024596774193548387 0.014265335235378032
0 0.8620967741935484 0.2803138373751783 0.11693548387096774 0.020256776034236805
0 0.15443548387096775 0.2803138373751783 0.10161290322580645 0.017403708987161197
0 0.24274193548387096 0.2803138373751783 0.04838709677419355 0.017403708987161197
0 0.3310483870967742 0.2810271041369472 0.0967741935483871 0.018830242510699
0 0.39838709677419354 0.2810271041369472 0.024193548387096774 0.018830242510699
0 0.4469758064516129 0.2803138373751783 0.046370967741935484 0.017403708987161197
0 0.553024193548387 0.2818830242510699 0.13911290322580644 0.020542082738944364
0 0.666733870967742 0.2810271041369472 0.07056451612903226 0.018830242510699
0 0.7362903225806452 0.2810271041369472 0.050806451612903224 0.018830242510699
0 0.7804435483870967 0.2810271041369472 0.024596774193548387 0.018830242510699
0 0.19193548387096773 0.3085592011412268 0.07983870967741935 0.020256776034236805
0 0.11794354838709678 0.3068473609129814 0.046370967741935484 0.013980028530670471
0 0.11895161290322581 0.49358059914407987 0.04838709677419355 0.018830242510699
0 0.21955645161290321 0.4927246790299572 0.09475806451612903 0.017118402282453638
0 0.2969758064516129 0.4927246790299572 0.046370967741935484 0.017118402282453638
0 0.3752016129032258 0.4942938659058488 0.08830645161290322 0.020256776034236805
0 0.43588709677419357 0.49358059914407987 0.024193548387096774 0.018830242510699
0 0.4780241935483871 0.49358059914407987 0.046370967741935484 0.018830242510699
0 0.5828629032258065 0.4942938659058488 0.04395161290322581 0.020256776034236805
0 0.6568548387096774 0.49358059914407987 0.09032258064516129 0.018830242510699
0 0.7407258064516129 0.4927246790299572 0.024193548387096774 0.017118402282453638
0 0.5308467741935484 0.49514978601997145 0.046370967741935484 0.018544935805991442
0 0.8534274193548387 0.8225392296718973 0.0375 0.007988587731811698
0 0.442741935483871 0.8263908701854493 0.050806451612903224 0.015691868758915834
0 0.11673387096774193 0.827246790299572 0.039919354838709675 0.011126961483594865
0 0.23508064516129032 0.827246790299572 0.050806451612903224 0.013980028530670471
0 0.3320564516129032 0.827246790299572 0.05524193548387097 0.011126961483594865
0 0.5387096774193548 0.827246790299572 0.0532258064516129 0.011126961483594865
0 0.65 0.827246790299572 0.050806451612903224 0.013980028530670471
0 0.7627016129032258 0.827246790299572 0.08185483870967741 0.011126961483594865
0 0.8576612903225806 0.8326676176890156 0.050806451612903224 0.015691868758915834
0 0.12016129032258065 0.8560627674750356 0.050806451612903224 0.015691868758915834
0 0.20745967741935484 0.8888730385164051 0.11491935483870967 0.015691868758915834
0 0.526008064516129 0.8904422253922967 0.03669354838709677 0.014835948644793153
0 0.11129032258064517 0.889015691868759 0.03306451612903226 0.012553495007132667
0 0.22399193548387097 0.908416547788873 0.07701612903225806 0.014265335235378032
0 0.2967741935483871 0.908416547788873 0.050806451612903224 0.014265335235378032
0 0.35100806451612904 0.908416547788873 0.04879032258064516 0.014265335235378032
0 0.39737903225806454 0.908416547788873 0.031048387096774193 0.014265335235378032
0 0.45806451612903226 0.908416547788873 0.07741935483870968 0.014265335235378032
0 0.5298387096774193 0.908416547788873 0.04838709677419355 0.014265335235378032
0 0.10685483870967742 0.9178316690442225 0.01532258064516129 0.010841654778887305
0 0.14556451612903226 0.9186875891583453 0.04435483870967742 0.012553495007132667
0 0.6479838709677419 0.920114122681883 0.16129032258064516 0.012553495007132667
0 0.20201612903225807 0.9271041369472183 0.03306451612903226 0.013980028530670471
0 0.11129032258064517 0.9412268188302425 0.03306451612903226 0.014265335235378032
0 0.19959677419354838 0.9412268188302425 0.11693548387096774 0.010841654778887305
0 0.29254032258064516 0.9412268188302425 0.0375 0.014265335235378032
0 0.3443548387096774 0.9412268188302425 0.03064516129032258 0.010841654778887305
0 0.38306451612903225 0.9412268188302425 0.041935483870967745 0.010841654778887305
0 0.425 0.9412268188302425 0.041935483870967745 0.010841654778887305
0 0.5532258064516129 0.9405135520684736 0.1435483870967742 0.012268188302425107
0 0.7772177419354839 0.9412268188302425 0.08830645161290322 0.014265335235378032
0 0.6534274193548387 0.9419400855920114 0.017338709677419354 0.0094151212553495
0 0.6346774193548387 0.9436519258202568 0.024193548387096774 0.0094151212553495
