0 0.33810483870967745 0.08416547788873038 0.06895161290322581 0.015406562054208274
0 0.4127016129032258 0.0825962910128388 0.07056451612903226 0.015691868758915834
0 0.4901209677419355 0.0825962910128388 0.07056451612903226 0.015691868758915834
0 0.5772177419354839 0.0825962910128388 0.08588709677419355 0.015691868758915834
0 0.6711693548387097 0.0825962910128388 0.08830645161290322 0.015691868758915834
0 0.8356854838709677 0.1108416547788873 0.046370967741935484 0.015691868758915834
0 0.8919354838709678 0.10998573466476462 0.062096774193548386 0.013980028530670471
0 0.5098790322580645 0.1310984308131241 0.30443548387096775 0.03109843081312411
0 0.15766129032258064 0.12710413694721825 0.10403225806451613 0.013980028530670471
0 0.9094758064516129 0.14907275320970043 0.02217741935483871 0.011126961483594865
0 0.8465725806451613 0.150641940085592 0.05524193548387097 0.010841654778887305
0 0.886491935483871 0.1514978601997147 0.028629032258064516 0.012553495007132667
0 0.1377016129032258 0.19358059914407988 0.07298387096774193 0.018544935805991442
0 0.26370967741935486 0.19443651925820257 0.09516129032258064 0.020256776034236805
0 0.13568548387096774 0.2225392296718973 0.07298387096774193 0.020542082738944364
0 0.34536290322580643 0.24907275320970043 0.07701612903225806 0.020542082738944364
0 0.7108870967741936 0.24907275320970043 0.075 0.020542082738944364
0 0.780241935483871 0.24907275320970043 0.050806451612903224 0.020542082738944364
0 0.11451612903225807 0.24835948644793152 0.02661290322580645 0.015691868758915834
0 0.15766129032258064 0.24835948644793152 0.024193548387096774 0.015691868758915834
0 0.25483870967741934 0.24907275320970043 0.07741935483870968 0.017118402282453638
0 0.43911290322580643 0.24907275320970043 0.09274193548387097 0.017118402282453638
0 0.5231854838709677 0.2499286733238231 0.04879032258064516 0.018830242510699
0 0.5816532258064516 0.2499286733238231 0.046370967741935484 0.018830242510699
0 0.6411290322580645 0.2499286733238231 0.050806451612903224 0.018830242510699
0 0.15544354838709679 0.2796005706134094 0.11733870967741936 0.018830242510699
0 0.4060483870967742 0.2796005706134094 0.06612903225806452 0.018830242510699
0 0.8272177419354839 0.2815977175463623 0.08024193548387097 0.019400855920114122
0 0.2558467741935484 0.2794579172610556 0.06169354838709677 0.015691868758915834
0 0.32883064516129035 0.2803138373751783 0.06653225806451613 0.017403708987161197
0 0.4901209677419355 0.2803138373751783 0.07943548387096774 0.017403708987161197
0 0.5629032258064516 0.2810271041369472 0.04435483870967742 0.018830242510699
0 0.6114919354838709 0.2803138373751783 0.039919354838709675 0.017403708987161197
0 0.6645161290322581 0.2794579172610556 0.04435483870967742 0.015691868758915834
0 0.7362903225806452 0.2810271041369472 0.0814516129032258 0.018830242510699
0 0.8975806451612903 0.2794579172610556 0.041935483870967745 0.015691868758915834
0 0.24375 0.304564907275321 0.13911290322580644 0.018544935805991442
0 0.42600806451612905 0.304564907275321 0.06653225806451613 0.018544935805991442
0 0.10584677419354839 0.304564907275321 0.02217741935483871 0.015691868758915834
0 0.1443548387096774 0.30613409415121257 0.041935483870967745 0.018830242510699
0 0.3530241935483871 0.30527817403708984 0.06169354838709677 0.017118402282453638
0 0.17419354838709677 0.3607703281027104 0.075 0.018544935805991442
0 0.26048387096774195 0.3607703281027104 0.08387096774193549 0.018544935805991442
0 0.11129032258064517 0.3599144079885877 0.024193548387096774 0.013980028530670471
0 0.8522177419354838 0.3803138373751783 0.039919354838709675 0.010841654778887305
0 0.719758064516129 0.39828815977175464 0.04435483870967742 0.012553495007132667
0 0.14334677419354838 0.4052781740370899 0.031048387096774193 0.013980028530670471
0 0.22721774193548386 0.4052781740370899 0.06169354838709677 0.013980028530670471
0 0.3155241935483871 0.40613409415121254 0.06169354838709677 0.015691868758915834
0 0.3993951612903226 0.40613409415121254 0.06169354838709677 0.015691868758915834
0 0.8675403225806452 0.40613409415121254 0.06169354838709677 0.015691868758915834
0 0.48024193548387095 0.4131241084165478 0.03306451612903226 0.014265335235378032
0 0.573991935483871 0.4154065620542083 0.031048387096774193 0.012553495007132667
0 0.666733870967742 0.41398002853067045 0.031048387096774193 0.012553495007132667
0 0.759475806451613 0.41469329529243937 0.031048387096774193 0.011126961483594865
0 0.14213709677419356 0.4546362339514979 0.06411290322580646 0.015691868758915834
0 0.2284274193548387 0.45378031383737516 0.05524193548387097 0.013980028530670471
0 0.3167338709677419 0.45378031383737516 0.05524193548387097 0.013980028530670471
0 0.40060483870967745 0.4546362339514979 0.03346774193548387 0.015691868758915834
0 0.5707661290322581 0.45378031383737516 0.05524193548387097 0.013980028530670471
0 0.7550403225806451 0.45378031383737516 0.05766129032258065 0.013980028530670471
0 0.8665322580645162 0.4544935805991441 0.06854838709677419 0.012553495007132667
0 0.11471774193548387 0.527246790299572 0.039919354838709675 0.017118402282453638
0 0.24495967741935484 0.5288159771754636 0.12379032258064517 0.020256776034236805
0 0.3663306451612903 0.5286733238231098 0.1060483870967742 0.017118402282453638
0 0.4425403225806452 0.527960057061341 0.0375 0.015691868758915834
0 0.16431451612903225 0.5288159771754636 0.01975806451612903 0.013980028530670471
0 0.20524193548387096 0.5529243937232525 0.04435483870967742 0.018830242510699
0 0.25383064516129034 0.5522111269614836 0.04395161290322581 0.017403708987161197
0 0.16431451612903225 0.5537803138373751 0.015725806451612902 0.014265335235378032
0 0.32661290322580644 0.5537803138373751 0.08387096774193549 0.017118402282453638
0 0.4028225806451613 0.5530670470756063 0.024193548387096774 0.015691868758915834
0 0.851008064516129 0.8178316690442226 0.0375 0.007703281027104137
0 0.1157258064516129 0.8216833095577746 0.041935483870967745 0.012553495007132667
0 0.23508064516129032 0.8225392296718973 0.050806451612903224 0.014265335235378032
0 0.3310483870967742 0.8225392296718973 0.0532258064516129 0.010841654778887305
0 0.45141129032258065 0.8225392296718973 0.06814516129032258 0.014265335235378032
0 0.5387096774193548 0.8225392296718973 0.0532258064516129 0.010841654778887305
0 0.6512096774193549 0.8225392296718973 0.0532258064516129 0.014265335235378032
0 0.7560483870967742 0.8216833095577746 0.06854838709677419 0.012553495007132667
0 0.85 0.8286733238231099 0.035483870967741936 0.013980028530670471
0 0.12016129032258065 0.8514978601997147 0.050806451612903224 0.015691868758915834
0 0.1907258064516129 0.850641940085592 0.041935483870967745 0.011126961483594865
0 0.32883064516129035 0.850641940085592 0.05282258064516129 0.013980028530670471
0 0.5254032258064516 0.8857346647646219 0.03790322580645161 0.015121255349500713
0 0.1122983870967742 0.8850213980028531 0.031048387096774193 0.010841654778887305
0 0.20745967741935484 0.8850213980028531 0.11491935483870967 0.014265335235378032
0 0.49899193548387094 0.8850213980028531 0.013306451612903225 0.010841654778887305
0 0.10584677419354839 0.9052781740370899 0.013306451612903225 0.010841654778887305
0 0.14455645161290323 0.9054208273894436 0.046370967741935484 0.013980028530670471
0 0.2252016129032258 0.9054208273894436 0.07943548387096774 0.013980028530670471
0 0.29354838709677417 0.9054208273894436 0.04838709677419355 0.013980028530670471
0 0.3530241935483871 0.9054208273894436 0.06169354838709677 0.013980028530670471
0 0.40060483870967745 0.9068473609129815 0.01975806451612903 0.011126961483594865
0 0.6181451612903226 0.9068473609129815 0.10161290322580645 0.011126961483594865
0 0.7068548387096775 0.9059914407988587 0.07096774193548387 0.012268188302425107
0 0.7493951612903226 0.9068473609129815 0.01975806451612903 0.011126961483594865
0 0.11008064516129032 0.9263908701854493 0.03387096774193549 0.014835948644793153
0 0.7786290322580646 0.9236804564907275 0.08629032258064516 0.015121255349500713
0 0.17983870967741936 0.9256776034236804 0.07741935483870968 0.011126961483594865
0 0.23709677419354838 0.9249643366619116 0.041935483870967745 0.012553495007132667
0 0.29254032258064516 0.9256776034236804 0.0375 0.013980028530670471
0 0.3455645161290323 0.9256776034236804 0.03306451612903226 0.011126961483594865
0 0.38306451612903225 0.9256776034236804 0.041935483870967745 0.011126961483594865
0 0.425 0.9249643366619116 0.041935483870967745 0.012553495007132667
0 0.5506048387096775 0.9263908701854493 0.13911290322580644 0.012553495007132667
0 0.6280241935483871 0.927246790299572 0.01975806451612903 0.010841654778887305
0 0.6502016129032258 0.9265335235378032 0.01975806451612903 0.0094151212553495
