0 0.13346774193548386 0.09514978601997147 0.050806451612903224 0.015691868758915834
0 0.4381048387096774 0.1115549215406562 0.046370967741935484 0.010841654778887305
0 0.4965725806451613 0.1108416547788873 0.04395161290322581 0.0094151212553495
0 0.5495967741935484 0.1115549215406562 0.04435483870967742 0.010841654778887305
0 0.59375 0.11069900142653352 0.031048387096774193 0.012553495007132667
0 0.14778225806451614 0.150641940085592 0.07943548387096774 0.014265335235378032
0 0.36088709677419356 0.15378031383737517 0.1217741935483871 0.023395149786019972
0 0.5717741935483871 0.15378031383737517 0.3 0.023395149786019972
0 0.14778225806451614 0.1631954350927247 0.06653225806451613 0.010841654778887305
0 0.20504032258064517 0.21626248216833097 0.07943548387096774 0.017118402282453638
0 0.12016129032258065 0.21626248216833097 0.03790322580645161 0.014265335235378032
0 0.12903225806451613 0.2396576319543509 0.05967741935483871 0.017118402282453638
0 0.11915322580645162 0.262339514978602 0.039919354838709675 0.015691868758915834
0 0.1941532258064516 0.262339514978602 0.06169354838709677 0.015691868758915834
0 0.2967741935483871 0.2630527817403709 0.1217741935483871 0.017118402282453638
0 0.38629032258064516 0.262339514978602 0.03951612903225806 0.015691868758915834
0 0.4469758064516129 0.262339514978602 0.059274193548387095 0.015691868758915834
0 0.5076612903225807 0.262339514978602 0.03951612903225806 0.015691868758915834
0 0.15 0.2967189728958631 0.04838709677419355 0.015406562054208274
0 0.2094758064516129 0.29600570613409416 0.05282258064516129 0.013980028530670471
0 0.25040322580645163 0.2967189728958631 0.03306451612903226 0.015406562054208274
0 0.28024193548387094 0.29600570613409416 0.03064516129032258 0.013980028530670471
0 0.3165322580645161 0.2967189728958631 0.041935483870967745 0.015406562054208274
0 0.37298387096774194 0.29600570613409416 0.0532258064516129 0.013980028530670471
0 0.10241935483870968 0.29757489300998574 0.01129032258064516 0.010841654778887305
0 0.1034274193548387 0.320114122681883 0.013306451612903225 0.012553495007132667
0 0.15 0.3202567760342368 0.04838709677419355 0.015691868758915834
0 0.21512096774193548 0.31940085592011414 0.059274193548387095 0.013980028530670471
0 0.15 0.3419400855920114 0.04838709677419355 0.015691868758915834
0 0.20745967741935484 0.3419400855920114 0.04395161290322581 0.015691868758915834
0 0.2979838709677419 0.3419400855920114 0.04435483870967742 0.015691868758915834
0 0.34758064516129034 0.3419400855920114 0.024193548387096774 0.015691868758915834
0 0.40181451612903224 0.3419400855920114 0.07056451612903226 0.015691868758915834
0 0.4657258064516129 0.3419400855920114 0.04435483870967742 0.015691868758915834
0 0.10141129032258064 0.3427960057061341 0.017338709677419354 0.013980028530670471
0 0.25483870967741934 0.3420827389443652 0.020161290322580645 0.012553495007132667
0 0.14677419354838708 0.36547788873038517 0.041935483870967745 0.015406562054208274
0 0.19959677419354838 0.36547788873038517 0.03306451612903226 0.015406562054208274
0 0.23951612903225805 0.36547788873038517 0.050806451612903224 0.015406562054208274
0 0.10141129032258064 0.36633380884450784 0.013306451612903225 0.010841654778887305
0 0.6346774193548387 0.7639087018544936 0.02903225806451613 0.0094151212553495
0 0.6622983870967742 0.7646219686162625 0.017338709677419354 0.010841654778887305
0 0.6810483870967742 0.7639087018544936 0.01532258064516129 0.0094151212553495
0 0.2306451612903226 0.7686162624821683 0.050806451612903224 0.012553495007132667
0 0.4338709677419355 0.7686162624821683 0.050806451612903224 0.012553495007132667
0 0.12903225806451613 0.7701854493580599 0.050806451612903224 0.0094151212553495
0 0.3167338709677419 0.7701854493580599 0.024596774193548387 0.0094151212553495
0 0.34334677419354837 0.7701854493580599 0.028629032258064516 0.0094151212553495
0 0.5231854838709677 0.7701854493580599 0.02620967741935484 0.0094151212553495
0 0.6455645161290322 0.7771754636233952 0.050806451612903224 0.014265335235378032
0 0.12439516129032258 0.8373751783166904 0.046370967741935484 0.012553495007132667
0 0.11794354838709678 0.8796005706134095 0.03346774193548387 0.012553495007132667
0 0.16088709677419355 0.8796005706134095 0.035483870967741936 0.012553495007132667
0 0.20846774193548387 0.8803138373751783 0.05967741935483871 0.011126961483594865
0 0.5473790322580645 0.8803138373751783 0.031048387096774193 0.011126961483594865
0 0.4625 0.8982881597717546 0.08629032258064516 0.015691868758915834
0 0.575 0.897432239657632 0.10806451612903226 0.013980028530670471
0 0.11028225806451612 0.8990014265335236 0.013306451612903225 0.010841654778887305
0 0.15 0.8990014265335236 0.04435483870967742 0.010841654778887305
0 0.25161290322580643 0.8991440798858773 0.08387096774193549 0.013980028530670471
0 0.3189516129032258 0.8991440798858773 0.03306451612903226 0.013980028530670471
0 0.3774193548387097 0.8982881597717546 0.06612903225806452 0.012268188302425107
0 0.6721774193548387 0.8982881597717546 0.020161290322580645 0.012268188302425107
0 0.7241935483870968 0.8990014265335236 0.017741935483870968 0.010841654778887305
0 0.7493951612903226 0.8990014265335236 0.01975806451612903 0.010841654778887305
0 0.7794354838709677 0.8990014265335236 0.02661290322580645 0.010841654778887305
0 0.832258064516129 0.8990014265335236 0.017741935483870968 0.010841654778887305
0 0.869758064516129 0.8998573466476462 0.05725806451612903 0.012553495007132667
0 0.9084677419354839 0.8982881597717546 0.020161290322580645 0.012268188302425107
0 0.6987903225806451 0.9007132667617689 0.03306451612903226 0.010841654778887305
0 0.8125 0.9007132667617689 0.02661290322580645 0.010841654778887305
0 0.3342741935483871 0.916262482168331 0.041935483870967745 0.013980028530670471
0 0.8014112903225806 0.9171184022824537 0.09314516129032258 0.015691868758915834
0 0.11895161290322581 0.9178316690442225 0.035483870967741936 0.010841654778887305
0 0.1566532258064516 0.9169757489300998 0.031048387096774193 0.012553495007132667
0 0.21189516129032257 0.9169757489300998 0.07056451612903226 0.012553495007132667
0 0.37963709677419355 0.9169757489300998 0.031048387096774193 0.012553495007132667
0 0.411491935483871 0.9169757489300998 0.028629032258064516 0.012553495007132667
0 0.4491935483870968 0.9169757489300998 0.03790322580645161 0.012553495007132667
0 0.5219758064516129 0.9169757489300998 0.028629032258064516 0.012553495007132667
0 0.5441532258064516 0.9169757489300998 0.01975806451612903 0.012553495007132667
0 0.5784274193548387 0.9178316690442225 0.04879032258064516 0.010841654778887305
0 0.6127016129032258 0.9185449358059914 0.01975806451612903 0.0094151212553495
0 0.6358870967741935 0.9185449358059914 0.017741935483870968 0.0094151212553495
