0 0.33810483870967745 0.08416547788873038 0.06895161290322581 0.015406562054208274
0 0.4127016129032258 0.0825962910128388 0.07056451612903226 0.015691868758915834
0 0.4901209677419355 0.0825962910128388 0.07056451612903226 0.015691868758915834
0 0.5772177419354839 0.0825962910128388 0.08588709677419355 0.015691868758915834
0 0.6711693548387097 0.0825962910128388 0.08830645161290322 0.015691868758915834
0 0.8356854838709677 0.1108416547788873 0.046370967741935484 0.015691868758915834
0 0.8919354838709678 0.10998573466476462 0.062096774193548386 0.013980028530670471
0 0.5098790322580645 0.1310984308131241 0.30443548387096775 0.03109843081312411
0 0.15766129032258064 0.12710413694721825 0.10403225806451613 0.013980028530670471
0 0.9094758064516129 0.14907275320970043 0.02217741935483871 0.011126961483594865
0 0.8465725806451613 0.150641940085592 0.05524193548387097 0.010841654778887305
0 0.886491935483871 0.1514978601997147 0.028629032258064516 0.012553495007132667
0 0.1377016129032258 0.19358059914407988 0.07298387096774193 0.018544935805991442
0 0.26370967741935486 0.19443651925820257 0.09516129032258064 0.020256776034236805
0 0.13568548387096774 0.2225392296718973 0.07298387096774193 0.020542082738944364
0 0.3443548387096774 0.24907275320970043 0.075 0.020542082738944364
0 0.7108870967741936 0.24907275320970043 0.075 0.020542082738944364
0 0.780241935483871 0.24907275320970043 0.050806451612903224 0.020542082738944364
0 0.11451612903225807 0.24835948644793152 0.02661290322580645 0.015691868758915834
0 0.15645161290322582 0.24907275320970043 0.02661290322580645 0.017118402282453638
0 0.25483870967741934 0.24907275320970043 0.07741935483870968 0.017118402282453638
0 0.4403225806451613 0.2499286733238231 0.09516129032258064 0.018830242510699
0 0.5231854838709677 0.250641940085592 0.04879032258064516 0.020256776034236805
0 0.5828629032258065 0.2499286733238231 0.04879032258064516 0.018830242510699
0 0.6411290322580645 0.2499286733238231 0.050806451612903224 0.018830242510699
0 0.15766129032258064 0.2796005706134094 0.1217741935483871 0.018830242510699
0 0.26149193548387095 0.2787446504992867 0.06411290322580646 0.017118402282453638
0 0.4181451612903226 0.2787446504992867 0.06854838709677419 0.017118402282453638
0 0.3387096774193548 0.2803138373751783 0.06854838709677419 0.017403708987161197
0 0.5 0.2803138373751783 0.07741935483870968 0.017403708987161197
0 0.5705645161290323 0.2803138373751783 0.041935483870967745 0.017403708987161197
0 0.6203629032258065 0.2810271041369472 0.039919354838709675 0.018830242510699
0 0.6701612903225806 0.2803138373751783 0.041935483870967745 0.017403708987161197
0 0.7372983870967742 0.2803138373751783 0.07943548387096774 0.017403708987161197
0 0.8256048387096774 0.2803138373751783 0.07943548387096774 0.017403708987161197
0 0.8975806451612903 0.2794579172610556 0.041935483870967745 0.015691868758915834
0 0.24838709677419354 0.30542082738944365 0.1435483870967742 0.020256776034236805
0 0.10685483870967742 0.304564907275321 0.024193548387096774 0.015691868758915834
0 0.14556451612903226 0.30613409415121257 0.04435483870967742 0.018830242510699
0 0.35866935483870965 0.304564907275321 0.06411290322580646 0.015691868758915834
0 0.43266129032258066 0.30613409415121257 0.06612903225806452 0.018830242510699
0 0.11350806451612903 0.3522111269614836 0.028629032258064516 0.017403708987161197
0 0.17419354838709677 0.3529243937232525 0.075 0.018830242510699
0 0.26048387096774195 0.3529243937232525 0.08387096774193549 0.018830242510699
0 0.8522177419354838 0.36776034236804567 0.039919354838709675 0.010841654778887305
0 0.5320564516129033 0.38815977175463623 0.04879032258064516 0.013980028530670471
0 0.71875 0.38815977175463623 0.046370967741935484 0.013980028530670471
0 0.14334677419354838 0.3998573466476462 0.031048387096774193 0.015691868758915834
0 0.22721774193548386 0.3998573466476462 0.06169354838709677 0.015691868758915834
0 0.3155241935483871 0.3998573466476462 0.06169354838709677 0.015691868758915834
0 0.3993951612903226 0.3998573466476462 0.06169354838709677 0.015691868758915834
0 0.8665322580645162 0.3998573466476462 0.06370967741935483 0.015691868758915834
0 0.48125 0.4115549215406562 0.031048387096774193 0.013980028530670471
0 0.572983870967742 0.4115549215406562 0.03306451612903226 0.013980028530670471
0 0.665725806451613 0.4115549215406562 0.03306451612903226 0.013980028530670471
0 0.7584677419354838 0.4115549215406562 0.03306451612903226 0.013980028530670471
0 0.8665322580645162 0.4445078459343795 0.07258064516129033 0.029671897289586305
0 0.14213709677419356 0.44978601997146933 0.06411290322580646 0.015691868758915834
0 0.2284274193548387 0.450641940085592 0.05524193548387097 0.013980028530670471
0 0.3167338709677419 0.450641940085592 0.05524193548387097 0.013980028530670471
0 0.40060483870967745 0.450641940085592 0.03346774193548387 0.013980028530670471
0 0.47681451612903225 0.4499286733238231 0.02620967741935484 0.012553495007132667
0 0.5695564516129032 0.450641940085592 0.0842741935483871 0.013980028530670471
0 0.7550403225806451 0.450641940085592 0.07540322580645162 0.013980028530670471
0 0.1941532258064516 0.4942938659058488 0.04395161290322581 0.013980028530670471
0 0.4879032258064516 0.4942938659058488 0.05725806451612903 0.013980028530670471
0 0.5518145161290322 0.4942938659058488 0.05766129032258065 0.013980028530670471
0 0.6975806451612904 0.49514978601997145 0.1282258064516129 0.015691868758915834
0 0.13346774193548386 0.49586305278174037 0.06854838709677419 0.010841654778887305
0 0.2506048387096774 0.49586305278174037 0.05524193548387097 0.010841654778887305
0 0.30786290322580645 0.49586305278174037 0.04233870967741935 0.010841654778887305
0 0.36955645161290324 0.49514978601997145 0.07298387096774193 0.012268188302425107
0 0.43044354838709675 0.49600570613409417 0.04395161290322581 0.013980028530670471
0 0.6070564516129032 0.49514978601997145 0.04395161290322581 0.012268188302425107
0 0.7881048387096774 0.49600570613409417 0.04395161290322581 0.013980028530670471
0 0.8324596774193549 0.49514978601997145 0.031048387096774193 0.012268188302425107
0 0.8808467741935484 0.49600570613409417 0.05766129032258065 0.013980028530670471
0 0.1157258064516129 0.5420827389443652 0.041935483870967745 0.018830242510699
0 0.24616935483870966 0.5427960057061341 0.12137096774193548 0.020256776034236805
0 0.36532258064516127 0.5412268188302425 0.10403225806451613 0.017118402282453638
0 0.4425403225806452 0.5412268188302425 0.0375 0.017118402282453638
0 0.16431451612903225 0.5412268188302425 0.01975806451612903 0.014265335235378032
0 0.20524193548387096 0.5670470756062768 0.04435483870967742 0.018544935805991442
0 0.25383064516129034 0.5663338088445078 0.04395161290322581 0.017118402282453638
0 0.3278225806451613 0.5670470756062768 0.08629032258064516 0.018544935805991442
0 0.4028225806451613 0.5663338088445078 0.024193548387096774 0.017118402282453638
0 0.16431451612903225 0.566191155492154 0.01975806451612903 0.013980028530670471
0 0.851008064516129 0.8178316690442226 0.0375 0.007703281027104137
0 0.1157258064516129 0.8216833095577746 0.041935483870967745 0.012553495007132667
0 0.23508064516129032 0.8225392296718973 0.050806451612903224 0.014265335235378032
0 0.3310483870967742 0.8225392296718973 0.0532258064516129 0.010841654778887305
0 0.45141129032258065 0.8225392296718973 0.06814516129032258 0.014265335235378032
0 0.5387096774193548 0.8225392296718973 0.0532258064516129 0.010841654778887305
0 0.6512096774193549 0.8225392296718973 0.0532258064516129 0.014265335235378032
0 0.7560483870967742 0.8216833095577746 0.06854838709677419 0.012553495007132667
0 0.85 0.8286733238231099 0.035483870967741936 0.013980028530670471
0 0.12016129032258065 0.8514978601997147 0.050806451612903224 0.015691868758915834
0 0.1907258064516129 0.850641940085592 0.041935483870967745 0.011126961483594865
0 0.32883064516129035 0.850641940085592 0.05282258064516129 0.013980028530670471
0 0.5254032258064516 0.8857346647646219 0.03790322580645161 0.015121255349500713
0 0.1122983870967742 0.8850213980028531 0.031048387096774193 0.010841654778887305
0 0.20745967741935484 0.8850213980028531 0.11491935483870967 0.014265335235378032
0 0.49899193548387094 0.8850213980028531 0.013306451612903225 0.010841654778887305
0 0.10584677419354839 0.9052781740370899 0.013306451612903225 0.010841654778887305
0 0.14455645161290323 0.9054208273894436 0.046370967741935484 0.013980028530670471
0 0.2252016129032258 0.9054208273894436 0.07943548387096774 0.013980028530670471
0 0.29354838709677417 0.9054208273894436 0.04838709677419355 0.013980028530670471
0 0.3530241935483871 0.9054208273894436 0.06169354838709677 0.013980028530670471
0 0.40060483870967745 0.9068473609129815 0.01975806451612903 0.011126961483594865
0 0.6181451612903226 0.9068473609129815 0.10161290322580645 0.011126961483594865
0 0.7068548387096775 0.9059914407988587 0.07096774193548387 0.012268188302425107
0 0.7493951612903226 0.9068473609129815 0.01975806451612903 0.011126961483594865
0 0.11008064516129032 0.9263908701854493 0.03387096774193549 0.014835948644793153
0 0.7786290322580646 0.9236804564907275 0.08629032258064516 0.015121255349500713
0 0.17983870967741936 0.9256776034236804 0.07741935483870968 0.011126961483594865
0 0.23709677419354838 0.9249643366619116 0.041935483870967745 0.012553495007132667
0 0.29254032258064516 0.9256776034236804 0.0375 0.013980028530670471
0 0.3455645161290323 0.9256776034236804 0.03306451612903226 0.011126961483594865
0 0.38306451612903225 0.9256776034236804 0.041935483870967745 0.011126961483594865
0 0.425 0.9249643366619116 0.041935483870967745 0.012553495007132667
0 0.5506048387096775 0.9263908701854493 0.13911290322580644 0.012553495007132667
0 0.6280241935483871 0.927246790299572 0.01975806451612903 0.010841654778887305
0 0.6502016129032258 0.9265335235378032 0.01975806451612903 0.0094151212553495
