0 0.4094758064516129 0.0825962910128388 0.06814516129032258 0.015691868758915834
0 0.4866935483870968 0.0825962910128388 0.07258064516129033 0.015691868758915834
0 0.6711693548387097 0.0825962910128388 0.08830645161290322 0.015691868758915834
0 0.3342741935483871 0.08345221112696148 0.06854838709677419 0.013980028530670471
0 0.5772177419354839 0.08345221112696148 0.08588709677419355 0.013980028530670471
0 0.8356854838709677 0.1108416547788873 0.046370967741935484 0.015691868758915834
0 0.8875 0.1108416547788873 0.05725806451612903 0.015691868758915834
0 0.5098790322580645 0.13024251069900142 0.3310483870967742 0.02653352353780314
0 0.15443548387096775 0.12710413694721825 0.10161290322580645 0.013980028530670471
0 0.8673387096774193 0.15135520684736092 0.09758064516129032 0.012268188302425107
0 0.13548387096774195 0.192867332382311 0.041935483870967745 0.017118402282453638
0 0.26370967741935486 0.19358059914407988 0.09516129032258064 0.018544935805991442
0 0.13568548387096774 0.2225392296718973 0.07298387096774193 0.020542082738944364
0 0.6038306451612904 0.24821683309557774 0.09475806451612903 0.018830242510699
0 0.1344758064516129 0.24907275320970043 0.04395161290322581 0.017118402282453638
0 0.25141129032258064 0.24907275320970043 0.07056451612903226 0.017118402282453638
0 0.3463709677419355 0.2499286733238231 0.09274193548387097 0.018830242510699
0 0.4625 0.24907275320970043 0.11693548387096774 0.017118402282453638
0 0.5397177419354838 0.24907275320970043 0.0375 0.017118402282453638
0 0.15 0.2794579172610556 0.03951612903225806 0.015691868758915834
0 0.23608870967741935 0.2803138373751783 0.13669354838709677 0.017403708987161197
0 0.3310483870967742 0.2794579172610556 0.04838709677419355 0.015691868758915834
0 0.3907258064516129 0.2794579172610556 0.03951612903225806 0.015691868758915834
0 0.4723790322580645 0.2794579172610556 0.1060483870967742 0.015691868758915834
0 0.10907258064516129 0.2810271041369472 0.010887096774193548 0.012553495007132667
0 0.10786290322580645 0.30542082738944365 0.013306451612903225 0.013980028530670471
0 0.1566532258064516 0.304564907275321 0.05282258064516129 0.015691868758915834
0 0.1975806451612903 0.304564907275321 0.03306451612903226 0.015691868758915834
0 0.225 0.304564907275321 0.02661290322580645 0.015691868758915834
0 0.26370967741935486 0.304564907275321 0.041935483870967745 0.015691868758915834
0 0.34536290322580643 0.30527817403708984 0.09959677419354838 0.017118402282453638
0 0.43709677419354837 0.304564907275321 0.062096774193548386 0.015691868758915834
0 0.5175403225806452 0.304564907275321 0.08185483870967741 0.015691868758915834
0 0.5804435483870968 0.30527817403708984 0.02217741935483871 0.017118402282453638
0 0.6193548387096774 0.304564907275321 0.041935483870967745 0.015691868758915834
0 0.6921370967741935 0.30527817403708984 0.08185483870967741 0.017118402282453638
0 0.7727822580645162 0.304564907275321 0.06169354838709677 0.015691868758915834
0 0.8455645161290323 0.30527817403708984 0.062096774193548386 0.017118402282453638
0 0.9064516129032258 0.304564907275321 0.041935483870967745 0.015691868758915834
0 0.18629032258064515 0.3286733238231098 0.10806451612903226 0.017118402282453638
0 0.19737903225806452 0.3537803138373752 0.06411290322580646 0.017118402282453638
0 0.28346774193548385 0.3537803138373752 0.041935483870967745 0.017118402282453638
0 0.4602822580645161 0.3537803138373752 0.28508064516129034 0.017118402282453638
0 0.646774193548387 0.3537803138373752 0.05725806451612903 0.017118402282453638
0 0.14556451612903226 0.35463623395149785 0.012903225806451613 0.012553495007132667
0 0.24153225806451614 0.3544935805991441 0.024193548387096774 0.015691868758915834
0 0.6987903225806451 0.3544935805991441 0.03306451612903226 0.015691868758915834
0 0.12016129032258065 0.4029957203994294 0.03790322580645161 0.015691868758915834
0 0.2030241935483871 0.4037089871611983 0.06169354838709677 0.017118402282453638
0 0.3143145161290323 0.4037089871611983 0.13911290322580644 0.017118402282453638
0 0.44576612903225804 0.4037089871611983 0.11491935483870967 0.017118402282453638
0 0.5298387096774193 0.4029957203994294 0.035483870967741936 0.015691868758915834
0 0.5860887096774193 0.4037089871611983 0.024596774193548387 0.017118402282453638
0 0.23709677419354838 0.7537803138373752 0.050806451612903224 0.014265335235378032
0 0.44576612903225804 0.7537803138373752 0.05282258064516129 0.014265335235378032
0 0.5441532258064516 0.7537803138373752 0.059274193548387095 0.010841654778887305
0 0.6612903225806451 0.7537803138373752 0.06854838709677419 0.014265335235378032
0 0.8600806451612903 0.7537803138373752 0.050806451612903224 0.014265335235378032
0 0.1157258064516129 0.7544935805991441 0.03306451612903226 0.0094151212553495
0 0.3377016129032258 0.7544935805991441 0.06169354838709677 0.0094151212553495
0 0.7528225806451613 0.7544935805991441 0.0532258064516129 0.0094151212553495
0 0.23165322580645162 0.7796005706134094 0.03508064516129032 0.0094151212553495
0 0.1377016129032258 0.7843081312410841 0.08185483870967741 0.012553495007132667
0 0.24495967741935484 0.7897289586305278 0.06653225806451613 0.014265335235378032
0 0.12338709677419354 0.8178316690442226 0.0532258064516129 0.013980028530670471
0 0.11350806451612903 0.8841654778887303 0.03346774193548387 0.012553495007132667
0 0.17096774193548386 0.8850213980028531 0.03306451612903226 0.010841654778887305
0 0.2217741935483871 0.8850213980028531 0.06854838709677419 0.010841654778887305
0 0.5286290322580646 0.8841654778887303 0.03306451612903226 0.012553495007132667
0 0.14233870967741935 0.9054208273894436 0.041935483870967745 0.013980028530670471
0 0.22721774193548386 0.9054208273894436 0.07943548387096774 0.013980028530670471
0 0.2945564516129032 0.9054208273894436 0.046370967741935484 0.013980028530670471
0 0.3477822580645161 0.9054208273894436 0.046370967741935484 0.013980028530670471
0 0.38971774193548386 0.9054208273894436 0.028629032258064516 0.013980028530670471
0 0.4381048387096774 0.9054208273894436 0.06411290322580646 0.013980028530670471
0 0.11471774193548387 0.9256776034236804 0.031048387096774193 0.011126961483594865
0 0.1907258064516129 0.9256776034236804 0.09516129032258064 0.011126961483594865
0 0.2957661290322581 0.9249643366619116 0.039919354838709675 0.012553495007132667
0 0.3784274193548387 0.9256776034236804 0.09475806451612903 0.011126961483594865
0 0.5098790322580645 0.9263908701854493 0.04879032258064516 0.012553495007132667
0 0.5695564516129032 0.9256776034236804 0.05282258064516129 0.011126961483594865
0 0.7794354838709677 0.9256776034236804 0.08387096774193549 0.013980028530670471
0 0.6127016129032258 0.927246790299572 0.01975806451612903 0.010841654778887305
0 0.6358870967741935 0.9265335235378032 0.017741935483870968 0.0094151212553495
