0 0.33810483870967745 0.08416547788873038 0.06895161290322581 0.015406562054208274
0 0.4127016129032258 0.0825962910128388 0.07056451612903226 0.015691868758915834
0 0.4901209677419355 0.0825962910128388 0.07056451612903226 0.015691868758915834
0 0.5772177419354839 0.0825962910128388 0.08588709677419355 0.015691868758915834
0 0.6711693548387097 0.0825962910128388 0.08830645161290322 0.015691868758915834
0 0.8356854838709677 0.1108416547788873 0.046370967741935484 0.015691868758915834
0 0.8919354838709678 0.10998573466476462 0.062096774193548386 0.013980028530670471
0 0.5098790322580645 0.1310984308131241 0.30443548387096775 0.03109843081312411
0 0.15766129032258064 0.12710413694721825 0.10403225806451613 0.013980028530670471
0 0.9106854838709677 0.14907275320970043 0.01975806451612903 0.011126961483594865
0 0.8465725806451613 0.150641940085592 0.05524193548387097 0.010841654778887305
0 0.886491935483871 0.1514978601997147 0.028629032258064516 0.012553495007132667
0 0.1377016129032258 0.19358059914407988 0.07298387096774193 0.018544935805991442
0 0.26370967741935486 0.19443651925820257 0.09516129032258064 0.020256776034236805
0 0.13568548387096774 0.2225392296718973 0.07298387096774193 0.020542082738944364
0 0.11451612903225807 0.24835948644793152 0.02661290322580645 0.015691868758915834
0 0.15645161290322582 0.24835948644793152 0.02661290322580645 0.015691868758915834
0 0.25141129032258064 0.24907275320970043 0.07056451612903226 0.017118402282453638
0 0.3310483870967742 0.24907275320970043 0.06612903225806452 0.017118402282453638
0 0.4173387096774194 0.24835948644793152 0.08387096774193549 0.015691868758915834
0 0.5231854838709677 0.24907275320970043 0.1060483870967742 0.017118402282453638
0 0.6181451612903226 0.24907275320970043 0.06612903225806452 0.017118402282453638
0 0.683266129032258 0.24907275320970043 0.04233870967741935 0.017118402282453638
0 0.7340725806451613 0.24907275320970043 0.046370967741935484 0.017118402282453638
0 0.8233870967741935 0.24907275320970043 0.11935483870967742 0.017118402282453638
0 0.15463709677419354 0.2790299572039943 0.11491935483870967 0.01825962910128388
0 0.2528225806451613 0.2787446504992867 0.05967741935483871 0.017118402282453638
0 0.3995967741935484 0.2787446504992867 0.06612903225806452 0.017118402282453638
0 0.5596774193548387 0.2803138373751783 0.05967741935483871 0.020256776034236805
0 0.7379032258064516 0.2797432239657632 0.07983870967741935 0.020256776034236805
0 0.3243951612903226 0.2794579172610556 0.06653225806451613 0.015691868758915834
0 0.4788306451612903 0.2803138373751783 0.07943548387096774 0.017403708987161197
0 0.6193548387096774 0.2810271041369472 0.041935483870967745 0.018830242510699
0 0.6689516129032258 0.2810271041369472 0.04435483870967742 0.018830242510699
0 0.8268145161290322 0.2810271041369472 0.08185483870967741 0.018830242510699
0 0.8975806451612903 0.2794579172610556 0.041935483870967745 0.015691868758915834
0 0.13004032258064516 0.304564907275321 0.07056451612903226 0.018544935805991442
0 0.24939516129032258 0.30542082738944365 0.14556451612903226 0.020256776034236805
0 0.3631048387096774 0.304564907275321 0.06411290322580646 0.015691868758915834
0 0.4381048387096774 0.30527817403708984 0.06814516129032258 0.017118402282453638
0 0.18629032258064515 0.3365192582025678 0.07741935483870968 0.020256776034236805
0 0.2713709677419355 0.33580599144079887 0.08387096774193549 0.018830242510699
0 0.12560483870967742 0.33580599144079887 0.031048387096774193 0.015406562054208274
0 0.8544354838709678 0.34664764621968613 0.035483870967741936 0.012553495007132667
0 0.8995967741935483 0.34750356633380886 0.01532258064516129 0.010841654778887305
0 0.5332661290322581 0.3679029957203994 0.046370967741935484 0.013980028530670471
0 0.71875 0.3679029957203994 0.046370967741935484 0.013980028530670471
0 0.22721774193548386 0.3796005706134094 0.06169354838709677 0.015691868758915834
0 0.3155241935483871 0.3796005706134094 0.06169354838709677 0.015691868758915834
0 0.14334677419354838 0.3803138373751783 0.031048387096774193 0.014265335235378032
0 0.3993951612903226 0.3803138373751783 0.06169354838709677 0.014265335235378032
0 0.8675403225806452 0.38102710413694724 0.06169354838709677 0.015691868758915834
0 0.48125 0.3912981455064194 0.03508064516129032 0.013980028530670471
0 0.5872983870967742 0.39215406562054206 0.06169354838709677 0.015691868758915834
0 0.6655241935483871 0.39215406562054206 0.0375 0.015691868758915834
0 0.7584677419354838 0.39215406562054206 0.03306451612903226 0.015691868758915834
0 0.14213709677419356 0.42567760342368044 0.06411290322580646 0.014265335235378032
0 0.2284274193548387 0.42567760342368044 0.05524193548387097 0.014265335235378032
0 0.3167338709677419 0.42567760342368044 0.05524193548387097 0.014265335235378032
0 0.40060483870967745 0.42567760342368044 0.03346774193548387 0.014265335235378032
0 0.4778225806451613 0.42567760342368044 0.01129032258064516 0.010841654778887305
0 0.5685483870967742 0.42567760342368044 0.06854838709677419 0.014265335235378032
0 0.663508064516129 0.42567760342368044 0.010887096774193548 0.010841654778887305
0 0.7540322580645161 0.42567760342368044 0.06854838709677419 0.014265335235378032
0 0.8665322580645162 0.4248216833095578 0.06854838709677419 0.012553495007132667
0 0.11028225806451612 0.4865905848787446 0.039919354838709675 0.017403708987161197
0 0.25141129032258064 0.4865905848787446 0.12379032258064517 0.017403708987161197
0 0.3719758064516129 0.4865905848787446 0.10362903225806451 0.017403708987161197
0 0.4491935483870968 0.4865905848787446 0.03790322580645161 0.017403708987161197
0 0.17096774193548386 0.4865905848787446 0.020161290322580645 0.013980028530670471
0 0.23608870967741935 0.5115549215406562 0.09314516129032258 0.017118402282453638
0 0.3342741935483871 0.5115549215406562 0.08629032258064516 0.017118402282453638
0 0.4094758064516129 0.5115549215406562 0.024596774193548387 0.017118402282453638
0 0.17096774193548386 0.5115549215406562 0.020161290322580645 0.014265335235378032
0 0.851008064516129 0.8178316690442226 0.0375 0.007703281027104137
0 0.1157258064516129 0.8216833095577746 0.041935483870967745 0.012553495007132667
0 0.23508064516129032 0.8225392296718973 0.050806451612903224 0.014265335235378032
0 0.3310483870967742 0.8225392296718973 0.0532258064516129 0.010841654778887305
0 0.45141129032258065 0.8225392296718973 0.06814516129032258 0.014265335235378032
0 0.5387096774193548 0.8225392296718973 0.0532258064516129 0.010841654778887305
0 0.6512096774193549 0.8225392296718973 0.0532258064516129 0.014265335235378032
0 0.7560483870967742 0.8216833095577746 0.06854838709677419 0.012553495007132667
0 0.85 0.8286733238231099 0.035483870967741936 0.013980028530670471
0 0.12016129032258065 0.8514978601997147 0.050806451612903224 0.015691868758915834
0 0.1907258064516129 0.850641940085592 0.041935483870967745 0.011126961483594865
0 0.32883064516129035 0.850641940085592 0.05282258064516129 0.013980028530670471
0 0.5254032258064516 0.8857346647646219 0.03790322580645161 0.015121255349500713
0 0.1122983870967742 0.8850213980028531 0.031048387096774193 0.010841654778887305
0 0.20745967741935484 0.8850213980028531 0.11491935483870967 0.014265335235378032
0 0.49899193548387094 0.8850213980028531 0.013306451612903225 0.010841654778887305
0 0.10584677419354839 0.9052781740370899 0.013306451612903225 0.010841654778887305
0 0.14455645161290323 0.9054208273894436 0.046370967741935484 0.013980028530670471
0 0.2252016129032258 0.9054208273894436 0.07943548387096774 0.013980028530670471
0 0.29354838709677417 0.9054208273894436 0.04838709677419355 0.013980028530670471
0 0.3530241935483871 0.9054208273894436 0.06169354838709677 0.013980028530670471
0 0.40060483870967745 0.9068473609129815 0.01975806451612903 0.011126961483594865
0 0.6181451612903226 0.9068473609129815 0.10161290322580645 0.011126961483594865
0 0.7068548387096775 0.9059914407988587 0.07096774193548387 0.012268188302425107
0 0.7493951612903226 0.9068473609129815 0.01975806451612903 0.011126961483594865
0 0.11008064516129032 0.9263908701854493 0.03387096774193549 0.014835948644793153
0 0.7786290322580646 0.9236804564907275 0.08629032258064516 0.015121255349500713
0 0.17983870967741936 0.9256776034236804 0.07741935483870968 0.011126961483594865
0 0.23709677419354838 0.9249643366619116 0.041935483870967745 0.012553495007132667
0 0.29254032258064516 0.9256776034236804 0.0375 0.013980028530670471
0 0.3455645161290323 0.9256776034236804 0.03306451612903226 0.011126961483594865
0 0.38306451612903225 0.9256776034236804 0.041935483870967745 0.011126961483594865
0 0.425 0.9249643366619116 0.041935483870967745 0.012553495007132667
0 0.5506048387096775 0.9263908701854493 0.13911290322580644 0.012553495007132667
0 0.6280241935483871 0.927246790299572 0.01975806451612903 0.010841654778887305
0 0.6502016129032258 0.9265335235378032 0.01975806451612903 0.0094151212553495
