0 0.33487903225806454 0.08216833095577745 0.06895161290322581 0.015406562054208274
0 0.41068548387096776 0.0825962910128388 0.07056451612903226 0.015691868758915834
0 0.4866935483870968 0.0825962910128388 0.07258064516129033 0.015691868758915834
0 0.6711693548387097 0.0825962910128388 0.08830645161290322 0.015691868758915834
0 0.5772177419354839 0.08345221112696148 0.08588709677419355 0.013980028530670471
0 0.8334677419354839 0.10912981455064194 0.050806451612903224 0.015691868758915834
0 0.8885080645161291 0.10912981455064194 0.06411290322580646 0.015691868758915834
0 0.5066532258064516 0.13024251069900142 0.2979838709677419 0.02653352353780314
0 0.15766129032258064 0.12710413694721825 0.10403225806451613 0.013980028530670471
0 0.8433467741935484 0.150641940085592 0.05766129032258065 0.010841654778887305
0 0.8945564516129032 0.15335235378031384 0.05120967741935484 0.012838801711840228
0 0.1344758064516129 0.192867332382311 0.04395161290322581 0.017118402282453638
0 0.35866935483870965 0.19358059914407988 0.28024193548387094 0.018544935805991442
0 0.13568548387096774 0.2225392296718973 0.07298387096774193 0.020542082738944364
0 0.1344758064516129 0.24907275320970043 0.04395161290322581 0.017118402282453638
0 0.2592741935483871 0.24835948644793152 0.08629032258064516 0.015691868758915834
0 0.34213709677419357 0.24835948644793152 0.06169354838709677 0.015691868758915834
0 0.40483870967741936 0.24835948644793152 0.041935483870967745 0.015691868758915834
0 0.5143145161290322 0.24907275320970043 0.1592741935483871 0.017118402282453638
0 0.667741935483871 0.24907275320970043 0.12580645161290321 0.017118402282453638
0 0.16995967741935483 0.2794579172610556 0.07943548387096774 0.015691868758915834
0 0.31108870967741936 0.2794579172610556 0.1810483870967742 0.015691868758915834
0 0.4425403225806452 0.2794579172610556 0.059274193548387095 0.015691868758915834
0 0.5133064516129032 0.2794579172610556 0.05967741935483871 0.015691868758915834
0 0.5618951612903226 0.2787446504992867 0.01975806451612903 0.014265335235378032
0 0.6435483870967742 0.2794579172610556 0.1217741935483871 0.015691868758915834
0 0.7794354838709677 0.2794579172610556 0.1282258064516129 0.015691868758915834
0 0.11028225806451612 0.2803138373751783 0.013306451612903225 0.011126961483594865
0 0.27358870967741933 0.3014265335235378 0.09717741935483871 0.015691868758915834
0 0.35100806451612904 0.3021398002853067 0.039919354838709675 0.017118402282453638
0 0.4971774193548387 0.3014265335235378 0.05806451612903226 0.016833095577746076
0 0.5550403225806452 0.3014265335235378 0.0375 0.015691868758915834
0 0.6346774193548387 0.3021398002853067 0.10403225806451613 0.017118402282453638
0 0.7175403225806452 0.3014265335235378 0.039919354838709675 0.015691868758915834
0 0.8268145161290322 0.3021398002853067 0.059274193548387095 0.017118402282453638
0 0.10786290322580645 0.3029957203994294 0.013306451612903225 0.012553495007132667
0 0.1719758064516129 0.3029957203994294 0.07943548387096774 0.015406562054208274
0 0.41935483870967744 0.3022824536376605 0.075 0.013980028530670471
0 0.7683467741935484 0.3022824536376605 0.039919354838709675 0.013980028530670471
0 0.8975806451612903 0.3022824536376605 0.05967741935483871 0.013980028530670471
0 0.16088709677419355 0.3248216833095578 0.05725806451612903 0.015691868758915834
0 0.26048387096774195 0.3248216833095578 0.11935483870967742 0.015691868758915834
0 0.12116935483870968 0.3935805991440799 0.039919354838709675 0.015691868758915834
0 0.3320564516129032 0.3935805991440799 0.01975806451612903 0.015691868758915834
0 0.23830645161290323 0.39443651925820256 0.13225806451612904 0.007703281027104137
0 0.5100806451612904 0.7038516405135521 0.2782258064516129 0.023395149786019972
0 0.8556451612903225 0.7841654778887304 0.03306451612903226 0.0094151212553495
0 0.23709677419354838 0.7881597717546363 0.050806451612903224 0.013980028530670471
0 0.44475806451612904 0.7881597717546363 0.050806451612903224 0.013980028530670471
0 0.6524193548387097 0.7881597717546363 0.050806451612903224 0.013980028530670471
0 0.12560483870967742 0.7890156918687589 0.05282258064516129 0.0094151212553495
0 0.3344758064516129 0.7890156918687589 0.05524193548387097 0.0094151212553495
0 0.5419354838709678 0.7890156918687589 0.054838709677419356 0.0094151212553495
0 0.759475806451613 0.7897289586305278 0.06653225806451613 0.010841654778887305
0 0.8522177419354838 0.7944365192582026 0.03508064516129032 0.013980028530670471
0 0.12338709677419354 0.8178316690442226 0.0532258064516129 0.013980028530670471
0 0.11471774193548387 0.8850213980028531 0.031048387096774193 0.010841654778887305
0 0.20524193548387096 0.8858773181169758 0.10161290322580645 0.012553495007132667
0 0.5298387096774193 0.8850213980028531 0.03064516129032258 0.010841654778887305
0 0.14334677419354838 0.9054208273894436 0.04395161290322581 0.013980028530670471
0 0.22620967741935483 0.9054208273894436 0.07741935483870968 0.013980028530670471
0 0.2957661290322581 0.9054208273894436 0.04879032258064516 0.013980028530670471
0 0.3554435483870968 0.9054208273894436 0.06169354838709677 0.013980028530670471
0 0.40060483870967745 0.9061340941512126 0.01975806451612903 0.012553495007132667
0 0.589516129032258 0.9061340941512126 0.04435483870967742 0.012553495007132667
0 0.65 0.9068473609129815 0.05967741935483871 0.011126961483594865
0 0.7076612903225806 0.9068473609129815 0.041935483870967745 0.011126961483594865
0 0.7705645161290322 0.9068473609129815 0.017741935483870968 0.011126961483594865
0 0.7473790322580646 0.9077032810271042 0.01975806451612903 0.0094151212553495
0 0.11471774193548387 0.9256776034236804 0.031048387096774193 0.011126961483594865
0 0.1907258064516129 0.9256776034236804 0.09516129032258064 0.011126961483594865
0 0.2957661290322581 0.9249643366619116 0.039919354838709675 0.012553495007132667
0 0.3774193548387097 0.9256776034236804 0.09274193548387097 0.011126961483594865
0 0.49556451612903224 0.9256776034236804 0.02903225806451613 0.013980028530670471
0 0.5431451612903225 0.9263908701854493 0.06612903225806452 0.012553495007132667
0 0.7794354838709677 0.9256776034236804 0.08387096774193549 0.013980028530670471
0 0.5949596774193548 0.927246790299572 0.01975806451612903 0.010841654778887305
0 0.6181451612903226 0.9265335235378032 0.017741935483870968 0.0094151212553495
