0 0.4600806451612903 0.07717546362339515 0.06854838709677419 0.013980028530670471
0 0.592741935483871 0.07788873038516406 0.07741935483870968 0.012553495007132667
0 0.39858870967741933 0.07874465049928674 0.046370967741935484 0.010841654778887305
0 0.5243951612903226 0.07874465049928674 0.046370967741935484 0.010841654778887305
0 0.1403225806451613 0.09386590584878744 0.05887096774193548 0.017118402282453638
0 0.8356854838709677 0.11626248216833096 0.0375 0.017403708987161197
0 0.4038306451612903 0.12253922967189729 0.07943548387096774 0.02653352353780314
0 0.5175403225806452 0.12239657631954351 0.07298387096774193 0.023395149786019972
0 0.6193548387096774 0.12325249643366619 0.03306451612903226 0.02168330955777461
0 0.15987903225806452 0.12710413694721825 0.046370967741935484 0.020256776034236805
0 0.8346774193548387 0.12952924393723253 0.017741935483870968 0.00912981455064194
0 0.11915322580645162 0.18587731811697575 0.039919354838709675 0.015691868758915834
0 0.18649193548387097 0.18587731811697575 0.06411290322580646 0.015691868758915834
0 0.24596774193548387 0.18587731811697575 0.041935483870967745 0.015691868758915834
0 0.12560483870967742 0.20927246790299572 0.05766129032258065 0.015691868758915834
0 0.11915322580645162 0.231811697574893 0.039919354838709675 0.013980028530670471
0 0.18528225806451612 0.2326676176890157 0.06169354838709677 0.015691868758915834
0 0.2969758064516129 0.2326676176890157 0.13911290322580644 0.015691868758915834
0 0.40725806451612906 0.2326676176890157 0.05967741935483871 0.015691868758915834
0 0.4689516129032258 0.2326676176890157 0.041935483870967745 0.015691868758915834
0 0.5175403225806452 0.2326676176890157 0.0375 0.015691868758915834
0 0.5685483870967742 0.2326676176890157 0.041935483870967745 0.015691868758915834
0 0.6191532258064516 0.2326676176890157 0.0375 0.015691868758915834
0 0.18306451612903227 0.2607703281027104 0.062096774193548386 0.015406562054208274
0 0.2558467741935484 0.2616262482168331 0.06169354838709677 0.017118402282453638
0 0.3254032258064516 0.2607703281027104 0.05967741935483871 0.015406562054208274
0 0.3840725806451613 0.2607703281027104 0.039919354838709675 0.015406562054208274
0 0.4568548387096774 0.2607703281027104 0.08387096774193549 0.015406562054208274
0 0.10463709677419354 0.262339514978602 0.015725806451612902 0.012268188302425107
0 0.13326612903225807 0.2614835948644793 0.01975806451612903 0.013980028530670471
0 0.1719758064516129 0.30613409415121257 0.09717741935483871 0.015406562054208274
0 0.2780241935483871 0.30699001426533523 0.09717741935483871 0.017118402282453638
0 0.3663306451612903 0.30699001426533523 0.05766129032258065 0.017118402282453638
0 0.5641129032258064 0.30699001426533523 0.07741935483870968 0.017118402282453638
0 0.6391129032258065 0.30699001426533523 0.05967741935483871 0.017118402282453638
0 0.7169354838709677 0.30756062767475034 0.07983870967741935 0.016547788873038517
0 0.8534274193548387 0.30613409415121257 0.08185483870967741 0.015406562054208274
0 0.10141129032258064 0.30756062767475034 0.013306451612903225 0.012553495007132667
0 0.42600806451612905 0.3068473609129814 0.04395161290322581 0.013980028530670471
0 0.4846774193548387 0.30770328102710415 0.05967741935483871 0.015691868758915834
0 0.7848790322580645 0.3068473609129814 0.0375 0.013980028530670471
0 0.11350806451612903 0.32952924393723254 0.0375 0.015406562054208274
0 0.19616935483870968 0.32952924393723254 0.09717741935483871 0.015406562054208274
0 0.298991935483871 0.32952924393723254 0.07701612903225806 0.015406562054208274
0 0.38064516129032255 0.32952924393723254 0.05967741935483871 0.015406562054208274
0 0.5737903225806451 0.32952924393723254 0.11048387096774194 0.015406562054208274
0 0.7131048387096774 0.32952924393723254 0.07056451612903226 0.015406562054208274
0 0.7969758064516129 0.32952924393723254 0.10120967741935484 0.015406562054208274
0 0.8842741935483871 0.32952924393723254 0.041935483870967745 0.015406562054208274
0 0.463508064516129 0.3302425106990014 0.07943548387096774 0.013980028530670471
0 0.6546370967741936 0.3302425106990014 0.01975806451612903 0.013980028530670471
0 0.25826612903225804 0.3522111269614836 0.07943548387096774 0.017403708987161197
0 0.45907258064516127 0.3522111269614836 0.09717741935483871 0.017403708987161197
0 0.5893145161290323 0.3522111269614836 0.14153225806451614 0.017403708987161197
0 0.15221774193548387 0.35306704707560627 0.11491935483870967 0.015691868758915834
0 0.32661290322580644 0.35306704707560627 0.03951612903225806 0.015691868758915834
0 0.3784274193548387 0.35306704707560627 0.046370967741935484 0.015691868758915834
0 0.6899193548387097 0.3522111269614836 0.041935483870967745 0.013980028530670471
0 0.7362903225806452 0.35306704707560627 0.041935483870967745 0.015691868758915834
0 0.7991935483870968 0.35306704707560627 0.07096774193548387 0.015691868758915834
0 0.8754032258064516 0.35306704707560627 0.05967741935483871 0.015691868758915834
0 0.18064516129032257 0.37646219686162624 0.1153225806451613 0.016833095577746076
0 0.2745967741935484 0.37475035663338085 0.05967741935483871 0.015691868758915834
0 0.34274193548387094 0.37646219686162624 0.06048387096774194 0.016833095577746076
0 0.41935483870967744 0.37475035663338085 0.075 0.015691868758915834
0 0.49778225806451615 0.37475035663338085 0.059274193548387095 0.015691868758915834
0 0.5528225806451613 0.37475035663338085 0.041935483870967745 0.015691868758915834
0 0.6114919354838709 0.37475035663338085 0.06169354838709677 0.015691868758915834
0 0.6987903225806451 0.3756062767475036 0.10403225806451613 0.017403708987161197
0 0.10463709677419354 0.37489300998573466 0.01975806451612903 0.012553495007132667
0 0.14677419354838708 0.42011412268188303 0.041935483870967745 0.015691868758915834
0 0.23346774193548386 0.42211126961483597 0.10241935483870968 0.016833095577746076
0 0.3278225806451613 0.4209700427960057 0.05967741935483871 0.017403708987161197
0 0.5429435483870968 0.4209700427960057 0.039919354838709675 0.017403708987161197
0 0.6346774193548387 0.4209700427960057 0.05967741935483871 0.017403708987161197
0 0.8620967741935484 0.4209700427960057 0.0814516129032258 0.017403708987161197
0 0.10141129032258064 0.4209700427960057 0.017338709677419354 0.013980028530670471
0 0.4393145161290323 0.42182596291012836 0.14153225806451614 0.015691868758915834
0 0.5838709677419355 0.42182596291012836 0.020161290322580645 0.015691868758915834
0 0.6975806451612904 0.4209700427960057 0.03951612903225806 0.013980028530670471
0 0.7703629032258065 0.42182596291012836 0.07943548387096774 0.015691868758915834
0 0.12459677419354839 0.44436519258202567 0.05967741935483871 0.017403708987161197
0 0.18629032258064515 0.443509272467903 0.041935483870967745 0.015691868758915834
0 0.25483870967741934 0.443509272467903 0.0814516129032258 0.015691868758915834
0 0.33548387096774196 0.443509272467903 0.062096774193548386 0.015691868758915834
0 0.40504032258064515 0.44436519258202567 0.059274193548387095 0.017403708987161197
0 0.4889112903225806 0.443509272467903 0.08588709677419355 0.015691868758915834
0 0.11350806451612903 0.4897289586305278 0.0375 0.017403708987161197
0 0.1941532258064516 0.4897289586305278 0.07943548387096774 0.017403708987161197
0 0.3165322580645161 0.4888730385164051 0.1435483870967742 0.015691868758915834
0 0.4171370967741935 0.4897289586305278 0.04395161290322581 0.017403708987161197
0 0.4645161290322581 0.4888730385164051 0.041935483870967745 0.015691868758915834
0 0.51875 0.4888730385164051 0.02620967741935484 0.015691868758915834
0 0.4790322580645161 0.7216833095577746 0.20725806451612902 0.021968616262482168
0 0.6149193548387096 0.7225392296718973 0.03306451612903226 0.020256776034236805
0 0.21189516129032257 0.7443651925820257 0.07943548387096774 0.014265335235378032
0 0.31451612903225806 0.7443651925820257 0.10806451612903226 0.014265335235378032
0 0.12439516129032258 0.7459343794579173 0.046370967741935484 0.011126961483594865
0 0.5431451612903225 0.8052781740370899 0.08387096774193549 0.013980028530670471
0 0.8125 0.8061340941512125 0.03064516129032258 0.0094151212553495
0 0.8421370967741936 0.8061340941512125 0.01975806451612903 0.0094151212553495
0 0.8653225806451613 0.8061340941512125 0.017741935483870968 0.0094151212553495
0 0.12338709677419354 0.8122681883024251 0.04435483870967742 0.012553495007132667
0 0.34213709677419357 0.8122681883024251 0.08830645161290322 0.012553495007132667
0 0.7163306451612903 0.8131241084165478 0.028629032258064516 0.010841654778887305
0 0.813508064516129 0.8194008559201141 0.046370967741935484 0.014265335235378032
0 0.21068548387096775 0.8209700427960057 0.046370967741935484 0.013980028530670471
0 0.4127016129032258 0.8202567760342367 0.04879032258064516 0.012553495007132667
0 0.5108870967741935 0.8209700427960057 0.01532258064516129 0.011126961483594865
0 0.6137096774193549 0.8202567760342367 0.04838709677419355 0.012553495007132667
0 0.12439516129032258 0.8427960057061341 0.046370967741935484 0.010841654778887305
0 0.2183467741935484 0.8701854493580599 0.1504032258064516 0.012553495007132667
0 0.5165322580645161 0.869472182596291 0.03064516129032258 0.013980028530670471
0 0.1157258064516129 0.8710413694721826 0.02903225806451613 0.010841654778887305
0 0.4469758064516129 0.8912981455064194 0.05524193548387097 0.014265335235378032
0 0.2372983870967742 0.8921540656205421 0.06411290322580646 0.012553495007132667
0 0.2957661290322581 0.8921540656205421 0.04879032258064516 0.012553495007132667
0 0.3497983870967742 0.8921540656205421 0.046370967741935484 0.012553495007132667
0 0.39838709677419354 0.892867332382311 0.03306451612903226 0.011126961483594865
0 0.51875 0.8921540656205421 0.07056451612903226 0.012553495007132667
0 0.592741935483871 0.8921540656205421 0.06854838709677419 0.012553495007132667
0 0.11028225806451612 0.8990014265335236 0.013306451612903225 0.010841654778887305
0 0.15 0.8990014265335236 0.04435483870967742 0.010841654778887305
0 0.6877016129032258 0.9007132667617689 0.08185483870967741 0.010841654778887305
0 0.7627016129032258 0.9007132667617689 0.06411290322580646 0.010841654778887305
0 0.8090725806451613 0.9014265335235377 0.01975806451612903 0.0094151212553495
0 0.83125 0.9005706134094151 0.015725806451612902 0.007703281027104137
0 0.23286290322580644 0.9054208273894436 0.05524193548387097 0.013980028530670471
0 0.12338709677419354 0.9271041369472183 0.04838709677419355 0.013980028530670471
0 0.3377016129032258 0.9279600570613409 0.06169354838709677 0.012268188302425107
0 0.5826612903225806 0.9279600570613409 0.11935483870967742 0.012268188302425107
0 0.7590725806451613 0.9266761768901569 0.04717741935483871 0.011412268188302425
0 0.15423387096774194 0.9279600570613409 0.013306451612903225 0.0094151212553495
0 0.20846774193548387 0.9279600570613409 0.07258064516129033 0.0094151212553495
0 0.26048387096774195 0.9286733238231099 0.035483870967741936 0.010841654778887305
0 0.4324596774193548 0.9279600570613409 0.1060483870967742 0.0094151212553495
0 0.6544354838709677 0.9279600570613409 0.01532258064516129 0.0094151212553495
0 0.8046370967741936 0.9286733238231099 0.028629032258064516 0.010841654778887305
0 0.26370967741935486 0.9529243937232524 0.03790322580645161 0.012553495007132667
0 0.34213709677419357 0.9522111269614836 0.1060483870967742 0.011126961483594865
0 0.42379032258064514 0.9522111269614836 0.04838709677419355 0.013980028530670471
0 0.47681451612903225 0.9522111269614836 0.04879032258064516 0.013980028530670471
0 0.5231854838709677 0.9522111269614836 0.031048387096774193 0.011126961483594865
0 0.5596774193548387 0.9522111269614836 0.03306451612903226 0.013980028530670471
0 0.6193548387096774 0.9522111269614836 0.07741935483870968 0.013980028530670471
0 0.7064516129032258 0.9522111269614836 0.08387096774193549 0.013980028530670471
