0 0.13346774193548386 0.09514978601997147 0.050806451612903224 0.015691868758915834
0 0.25483870967741934 0.11540656205420827 0.10403225806451613 0.015691868758915834
0 0.3344758064516129 0.11469329529243937 0.05524193548387097 0.014265335235378032
0 0.6798387096774193 0.11540656205420827 0.11048387096774194 0.015691868758915834
0 0.832258064516129 0.11540656205420827 0.11048387096774194 0.015691868758915834
0 0.5288306451612903 0.11554921540656206 0.05524193548387097 0.012553495007132667
0 0.1377016129032258 0.13894436519258202 0.07298387096774193 0.015406562054208274
0 0.24596774193548387 0.13823109843081313 0.050806451612903224 0.013980028530670471
0 0.32883064516129035 0.13823109843081313 0.02620967741935484 0.013980028530670471
0 0.2945564516129032 0.13894436519258202 0.028629032258064516 0.012553495007132667
0 0.1377016129032258 0.1616262482168331 0.07298387096774193 0.013980028530670471
0 0.24596774193548387 0.1616262482168331 0.050806451612903224 0.013980028530670471
0 0.294758064516129 0.1616262482168331 0.03306451612903226 0.013980028530670471
0 0.32883064516129035 0.1616262482168331 0.02620967741935484 0.013980028530670471
0 0.5276209677419355 0.1616262482168331 0.05282258064516129 0.013980028530670471
0 0.6788306451612903 0.1616262482168331 0.05524193548387097 0.013980028530670471
0 0.83125 0.1616262482168331 0.05524193548387097 0.013980028530670471
0 0.1377016129032258 0.1841654778887304 0.07298387096774193 0.015691868758915834
0 0.28346774193548385 0.18502139800285305 0.11693548387096774 0.013980028530670471
0 0.51875 0.20770328102710414 0.05282258064516129 0.012553495007132667
0 0.6479838709677419 0.20770328102710414 0.10806451612903226 0.015406562054208274
0 0.7439516129032258 0.20770328102710414 0.05725806451612903 0.015406562054208274
0 0.5 0.26790299572039944 0.4129032258064516 0.035948644793152636
0 0.4689516129032258 0.29600570613409416 0.11693548387096774 0.020256776034236805
0 0.5673387096774194 0.29600570613409416 0.03951612903225806 0.020256776034236805
0 0.18629032258064515 0.33894436519258203 0.16129032258064516 0.015406562054208274
0 0.3189516129032258 0.33894436519258203 0.08629032258064516 0.015406562054208274
0 0.40504032258064515 0.3398002853067047 0.06411290322580646 0.017118402282453638
0 0.47681451612903225 0.33894436519258203 0.06169354838709677 0.015406562054208274
0 0.5518145161290322 0.33894436519258203 0.06169354838709677 0.015406562054208274
0 0.6149193548387096 0.33894436519258203 0.041935483870967745 0.015406562054208274
0 0.6975806451612904 0.33894436519258203 0.10161290322580645 0.015406562054208274
0 0.8157258064516129 0.33894436519258203 0.10806451612903226 0.015406562054208274
0 0.2713709677419355 0.3733238231098431 0.062096774193548386 0.015691868758915834
0 0.3917338709677419 0.374037089871612 0.16088709677419355 0.017118402282453638
0 0.5397177419354838 0.374037089871612 0.1125 0.017118402282453638
0 0.6590725806451613 0.374037089871612 0.1125 0.017118402282453638
0 0.12681451612903225 0.374037089871612 0.01975806451612903 0.014265335235378032
0 0.1840725806451613 0.374037089871612 0.01975806451612903 0.014265335235378032
0 0.3443548387096774 0.4077032810271041 0.02661290322580645 0.015406562054208274
0 0.42923387096774196 0.4077032810271041 0.09959677419354838 0.015406562054208274
0 0.6379032258064516 0.4077032810271041 0.29596774193548386 0.015406562054208274
0 0.15423387096774194 0.4288159771754636 0.07943548387096774 0.017118402282453638
0 0.3431451612903226 0.42867332382310985 0.024193548387096774 0.013980028530670471
0 0.4502016129032258 0.4295292439372325 0.14153225806451614 0.015691868758915834
0 0.31108870967741936 0.44978601997146933 0.07943548387096774 0.015691868758915834
0 0.41935483870967744 0.450641940085592 0.08387096774193549 0.017403708987161197
0 0.5278225806451613 0.45149786019971466 0.06451612903225806 0.016833095577746076
0 0.47681451612903225 0.450641940085592 0.02217741935483871 0.013980028530670471
0 0.5762096774193548 0.450641940085592 0.021774193548387097 0.013980028530670471
0 0.4316532258064516 0.5061340941512126 0.06411290322580646 0.015406562054208274
0 0.49213709677419354 0.5061340941512126 0.039919354838709675 0.015406562054208274
0 0.573991935483871 0.5061340941512126 0.1060483870967742 0.015406562054208274
0 0.3808467741935484 0.5068473609129814 0.01975806451612903 0.013980028530670471
0 0.4975806451612903 0.5537803138373751 0.32903225806451614 0.023395149786019972
0 0.6058467741935484 0.5935805991440799 0.0375 0.015691868758915834
0 0.6469758064516129 0.5935805991440799 0.02217741935483871 0.015691868758915834
0 0.8058467741935483 0.5928673323823109 0.02217741935483871 0.014265335235378032
0 0.3419354838709677 0.5937232524964337 0.017741935483870968 0.012553495007132667
0 0.8334677419354839 0.5937232524964337 0.020161290322580645 0.012553495007132667
0 0.15564516129032258 0.6218259629101284 0.05967741935483871 0.015691868758915834
0 0.3564516129032258 0.6218259629101284 0.1217741935483871 0.015691868758915834
0 0.6213709677419355 0.6218259629101284 0.05967741935483871 0.015691868758915834
0 0.13669354838709677 0.6497860199714693 0.021774193548387097 0.015691868758915834
0 0.17318548387096774 0.6497860199714693 0.01975806451612903 0.015691868758915834
0 0.35766129032258065 0.6497860199714693 0.10161290322580645 0.015691868758915834
0 0.6125 0.6497860199714693 0.041935483870967745 0.015691868758915834
0 0.6413306451612903 0.650641940085592 0.01975806451612903 0.013980028530670471
0 0.35745967741935486 0.6780313837375178 0.13669354838709677 0.015691868758915834
0 0.6225806451612903 0.6780313837375178 0.03951612903225806 0.015691868758915834
0 0.13568548387096774 0.6787446504992868 0.01975806451612903 0.014265335235378032
0 0.17318548387096774 0.6787446504992868 0.01975806451612903 0.014265335235378032
0 0.13568548387096774 0.7069900142653353 0.01975806451612903 0.017118402282453638
0 0.35766129032258065 0.7069900142653353 0.11935483870967742 0.017118402282453638
0 0.6213709677419355 0.7061340941512125 0.05967741935483871 0.015406562054208274
0 0.17419354838709677 0.7068473609129815 0.017741935483870968 0.013980028530670471
0 0.13568548387096774 0.7358059914407988 0.01975806451612903 0.015406562054208274
0 0.17318548387096774 0.7358059914407988 0.01975806451612903 0.015406562054208274
0 0.35745967741935486 0.7358059914407988 0.07943548387096774 0.015406562054208274
0 0.6213709677419355 0.7358059914407988 0.05967741935483871 0.015406562054208274
0 0.13669354838709677 0.7639087018544936 0.021774193548387097 0.015691868758915834
0 0.17318548387096774 0.7639087018544936 0.01975806451612903 0.015691868758915834
0 0.35766129032258065 0.7639087018544936 0.11935483870967742 0.015691868758915834
0 0.6213709677419355 0.7639087018544936 0.05967741935483871 0.015691868758915834
0 0.3564516129032258 0.792154065620542 0.11290322580645161 0.015691868758915834
0 0.6213709677419355 0.792154065620542 0.05967741935483871 0.015691868758915834
0 0.13669354838709677 0.792867332382311 0.021774193548387097 0.014265335235378032
0 0.17318548387096774 0.792867332382311 0.01975806451612903 0.014265335235378032
0 0.35766129032258065 0.8209700427960057 0.11935483870967742 0.017403708987161197
0 0.13669354838709677 0.8209700427960057 0.021774193548387097 0.013980028530670471
0 0.17318548387096774 0.8209700427960057 0.01975806451612903 0.013980028530670471
0 0.6213709677419355 0.8218259629101283 0.05967741935483871 0.015691868758915834
0 0.13669354838709677 0.8490727532097004 0.021774193548387097 0.014265335235378032
0 0.17419354838709677 0.8490727532097004 0.017741935483870968 0.014265335235378032
0 0.3564516129032258 0.8497860199714693 0.1217741935483871 0.015691868758915834
0 0.6213709677419355 0.8497860199714693 0.041935483870967745 0.015691868758915834
0 0.13669354838709677 0.8780313837375179 0.021774193548387097 0.015691868758915834
0 0.17318548387096774 0.8780313837375179 0.01975806451612903 0.015691868758915834
0 0.35745967741935486 0.8780313837375179 0.07943548387096774 0.015691868758915834
0 0.6213709677419355 0.8780313837375179 0.05967741935483871 0.015691868758915834
0 0.10463709677419354 0.9139800285306705 0.0375 0.015691868758915834
0 0.17540322580645162 0.9139800285306705 0.0814516129032258 0.015691868758915834
0 0.25705645161290325 0.9139800285306705 0.059274193548387095 0.015691868758915834
0 0.3133064516129032 0.9139800285306705 0.035483870967741936 0.015691868758915834
0 0.36733870967741933 0.9139800285306705 0.024193548387096774 0.015691868758915834
