0 0.42036290322580644 0.07717546362339515 0.046370967741935484 0.013980028530670471
0 0.47358870967741934 0.07717546362339515 0.046370967741935484 0.013980028530670471
0 0.37620967741935485 0.07874465049928674 0.03306451612903226 0.010841654778887305
0 0.5330645161290323 0.07874465049928674 0.05967741935483871 0.010841654778887305
0 0.6048387096774194 0.07874465049928674 0.06612903225806452 0.010841654778887305
0 0.1344758064516129 0.09514978601997147 0.05282258064516129 0.015691868758915834
0 0.4592741935483871 0.12396576319543509 0.19435483870967743 0.02653352353780314
0 0.6193548387096774 0.12325249643366619 0.03306451612903226 0.02168330955777461
0 0.8522177419354838 0.12325249643366619 0.08830645161290322 0.02168330955777461
0 0.8290322580645161 0.14522111269614835 0.041935483870967745 0.025106990014265335
0 0.8721774193548387 0.14522111269614835 0.04838709677419355 0.025106990014265335
0 0.11915322580645162 0.18587731811697575 0.039919354838709675 0.015691868758915834
0 0.1941532258064516 0.18587731811697575 0.07943548387096774 0.015691868758915834
0 0.12560483870967742 0.20927246790299572 0.05766129032258065 0.015691868758915834
0 0.3840725806451613 0.23195435092724678 0.13669354838709677 0.017118402282453638
0 0.11915322580645162 0.231811697574893 0.039919354838709675 0.013980028530670471
0 0.20725806451612902 0.2326676176890157 0.10161290322580645 0.015691868758915834
0 0.28588709677419355 0.2326676176890157 0.041935483870967745 0.015691868758915834
0 0.11471774193548387 0.2607703281027104 0.039919354838709675 0.015406562054208274
0 0.17540322580645162 0.2607703281027104 0.05967741935483871 0.015406562054208274
0 0.2752016129032258 0.2630527817403709 0.0625 0.016547788873038517
0 0.3564516129032258 0.2607703281027104 0.0814516129032258 0.015406562054208274
0 0.44818548387096774 0.2616262482168331 0.07943548387096774 0.017118402282453638
0 0.51875 0.2607703281027104 0.039919354838709675 0.015406562054208274
0 0.6588709677419354 0.2607703281027104 0.05967741935483871 0.015406562054208274
0 0.719758064516129 0.2607703281027104 0.03951612903225806 0.015406562054208274
0 0.771774193548387 0.2607703281027104 0.041935483870967745 0.015406562054208274
0 0.22721774193548386 0.2614835948644793 0.02217741935483871 0.013980028530670471
0 0.5848790322580645 0.262339514978602 0.07056451612903226 0.015691868758915834
0 0.8112903225806452 0.2614835948644793 0.020161290322580645 0.013980028530670471
0 0.8522177419354838 0.2614835948644793 0.039919354838709675 0.013980028530670471
0 0.8919354838709678 0.2614835948644793 0.017741935483870968 0.013980028530670471
0 0.1157258064516129 0.2834522111269615 0.03790322580645161 0.013980028530670471
0 0.16875 0.28430813124108417 0.046370967741935484 0.015691868758915834
0 0.24495967741935484 0.28430813124108417 0.07943548387096774 0.015691868758915834
0 0.3165322580645161 0.28430813124108417 0.041935483870967745 0.015691868758915834
0 0.3564516129032258 0.28430813124108417 0.020161290322580645 0.015691868758915834
0 0.40725806451612906 0.28430813124108417 0.05967741935483871 0.015691868758915834
0 0.4689516129032258 0.28430813124108417 0.041935483870967745 0.015691868758915834
0 0.5286290322580646 0.28430813124108417 0.05967741935483871 0.015691868758915834
0 0.5991935483870968 0.28430813124108417 0.05967741935483871 0.015691868758915834
0 0.6810483870967742 0.28430813124108417 0.0814516129032258 0.015691868758915834
0 0.7715725806451613 0.28430813124108417 0.08185483870967741 0.015691868758915834
0 0.8608870967741935 0.28430813124108417 0.08387096774193549 0.015691868758915834
0 0.12560483870967742 0.30699001426533523 0.05766129032258065 0.017118402282453638
0 0.20504032258064517 0.30699001426533523 0.07943548387096774 0.017118402282453638
0 0.3465725806451613 0.30699001426533523 0.039919354838709675 0.017118402282453638
0 0.42600806451612905 0.30699001426533523 0.10120967741935484 0.017118402282453638
0 0.28689516129032255 0.3068473609129814 0.06169354838709677 0.013980028530670471
0 0.5209677419354839 0.30770328102710415 0.06612903225806452 0.015691868758915834
0 0.38064516129032255 0.3436519258202568 0.050806451612903224 0.015691868758915834
0 0.42600806451612905 0.3436519258202568 0.04395161290322581 0.015691868758915834
0 0.12459677419354839 0.3443651925820257 0.020161290322580645 0.014265335235378032
0 0.15443548387096775 0.3443651925820257 0.017741935483870968 0.014265335235378032
0 0.21512096774193548 0.3443651925820257 0.01975806451612903 0.014265335235378032
0 0.27903225806451615 0.3443651925820257 0.050806451612903224 0.014265335235378032
0 0.3310483870967742 0.3443651925820257 0.03064516129032258 0.014265335235378032
0 0.482258064516129 0.3443651925820257 0.050806451612903224 0.014265335235378032
0 0.12237903225806451 0.36704707560627675 0.01975806451612903 0.015691868758915834
0 0.1532258064516129 0.36704707560627675 0.020161290322580645 0.015691868758915834
0 0.21633064516129033 0.3661911554921541 0.02217741935483871 0.013980028530670471
0 0.3310483870967742 0.36704707560627675 0.15 0.015691868758915834
0 0.4570564516129032 0.36704707560627675 0.07943548387096774 0.015691868758915834
0 0.5276209677419355 0.36704707560627675 0.04395161290322581 0.015691868758915834
0 0.6137096774193549 0.36704707560627675 0.07096774193548387 0.015691868758915834
0 0.3917338709677419 0.3897289586305278 0.2713709677419355 0.017118402282453638
0 0.12237903225806451 0.3905848787446505 0.015725806451612902 0.012553495007132667
0 0.1532258064516129 0.3897289586305278 0.020161290322580645 0.014265335235378032
0 0.2161290322580645 0.3890156918687589 0.017741935483870968 0.0094151212553495
0 0.15423387096774194 0.41241084165477887 0.02217741935483871 0.015691868758915834
0 0.21512096774193548 0.4115549215406562 0.01975806451612903 0.013980028530670471
0 0.2979838709677419 0.4131241084165478 0.08387096774193549 0.017118402282453638
0 0.4171370967741935 0.41241084165477887 0.12379032258064517 0.015691868758915834
0 0.5685483870967742 0.41241084165477887 0.1435483870967742 0.015691868758915834
0 0.6578629032258064 0.41241084165477887 0.02217741935483871 0.015691868758915834
0 0.6877016129032258 0.41241084165477887 0.01975806451612903 0.015691868758915834
0 0.7284274193548387 0.41241084165477887 0.039919354838709675 0.015691868758915834
0 0.12358870967741936 0.4122681883024251 0.02217741935483871 0.012553495007132667
0 0.1840725806451613 0.43509272467902993 0.08185483870967741 0.017118402282453638
0 0.7032258064516129 0.43509272467902993 0.15241935483870966 0.017118402282453638
0 0.8467741935483871 0.43509272467902993 0.10806451612903226 0.017118402282453638
0 0.12358870967741936 0.4349500713266762 0.02217741935483871 0.013980028530670471
0 0.3122983870967742 0.43580599144079885 0.1125 0.015691868758915834
0 0.4435483870967742 0.43580599144079885 0.1282258064516129 0.015691868758915834
0 0.5683467741935484 0.43580599144079885 0.0907258064516129 0.015691868758915834
0 0.2957661290322581 0.4584878744650499 0.07943548387096774 0.017118402282453638
0 0.40161290322580645 0.45777460770328104 0.11048387096774194 0.015691868758915834
0 0.4790322580645161 0.4592011412268188 0.021774193548387097 0.015691868758915834
0 0.8036290322580645 0.8061340941512125 0.021774193548387097 0.0094151212553495
0 0.8354838709677419 0.8061340941512125 0.03306451612903226 0.0094151212553495
0 0.8643145161290322 0.8061340941512125 0.015725806451612902 0.0094151212553495
0 0.8897177419354839 0.8061340941512125 0.017338709677419354 0.0094151212553495
0 0.12782258064516128 0.8131241084165478 0.05725806451612903 0.014265335235378032
0 0.3431451612903226 0.8122681883024251 0.08629032258064516 0.012553495007132667
0 0.5441532258064516 0.8122681883024251 0.08588709677419355 0.012553495007132667
0 0.722983870967742 0.8122681883024251 0.041935483870967745 0.012553495007132667
0 0.411491935483871 0.8194008559201141 0.046370967741935484 0.014265335235378032
0 0.6137096774193549 0.8194008559201141 0.04838709677419355 0.014265335235378032
0 0.21068548387096775 0.8209700427960057 0.046370967741935484 0.013980028530670471
0 0.8137096774193548 0.8202567760342367 0.050806451612903224 0.012553495007132667
0 0.17963709677419354 0.8412268188302425 0.046370967741935484 0.013980028530670471
0 0.27358870967741933 0.8412268188302425 0.04395161290322581 0.013980028530670471
0 0.12439516129032258 0.8427960057061341 0.046370967741935484 0.010841654778887305
0 0.1157258064516129 0.8710413694721826 0.02903225806451613 0.010841654778887305
0 0.1840725806451613 0.8710413694721826 0.08185483870967741 0.010841654778887305
0 0.24939516129032258 0.8710413694721826 0.04395161290322581 0.010841654778887305
0 0.5165322580645161 0.8701854493580599 0.03064516129032258 0.012553495007132667
0 0.11028225806451612 0.8990014265335236 0.013306451612903225 0.010841654778887305
0 0.14899193548387096 0.8982881597717546 0.046370967741935484 0.012268188302425107
0 0.23608870967741935 0.8991440798858773 0.06169354838709677 0.013980028530670471
0 0.2967741935483871 0.8991440798858773 0.050806451612903224 0.013980028530670471
0 0.3487903225806452 0.8991440798858773 0.04838709677419355 0.013980028530670471
0 0.40161290322580645 0.8991440798858773 0.04838709677419355 0.013980028530670471
0 0.44475806451612904 0.8990014265335236 0.024193548387096774 0.010841654778887305
0 0.49213709677419354 0.8991440798858773 0.06169354838709677 0.013980028530670471
0 0.5695564516129032 0.8991440798858773 0.07943548387096774 0.013980028530670471
0 0.6877016129032258 0.9007132667617689 0.08185483870967741 0.010841654778887305
0 0.7616935483870968 0.9007132667617689 0.062096774193548386 0.010841654778887305
0 0.8024193548387096 0.9014265335235377 0.024193548387096774 0.0094151212553495
0 0.8268145161290322 0.9005706134094151 0.015725806451612902 0.007703281027104137
0 0.12338709677419354 0.9271041369472183 0.04838709677419355 0.013980028530670471
0 0.33649193548387096 0.9271041369472183 0.06411290322580646 0.013980028530670471
0 0.7590725806451613 0.9263908701854493 0.04717741935483871 0.011982881597717546
0 0.15423387096774194 0.9279600570613409 0.013306451612903225 0.0094151212553495
0 0.1909274193548387 0.9279600570613409 0.0375 0.0094151212553495
0 0.24274193548387096 0.9279600570613409 0.07096774193548387 0.0094151212553495
0 0.3971774193548387 0.9279600570613409 0.035483870967741936 0.0094151212553495
0 0.4502016129032258 0.9279600570613409 0.07056451612903226 0.0094151212553495
0 0.5794354838709678 0.9286733238231099 0.10806451612903226 0.010841654778887305
0 0.8046370967741936 0.9286733238231099 0.028629032258064516 0.010841654778887305
0 0.6425403225806452 0.9288159771754636 0.02217741935483871 0.007703281027104137
0 0.3233870967741935 0.9522111269614836 0.07741935483870968 0.013980028530670471
0 0.3917338709677419 0.9522111269614836 0.046370967741935484 0.013980028530670471
0 0.45241935483870965 0.9522111269614836 0.05725806451612903 0.011126961483594865
0 0.5110887096774194 0.9522111269614836 0.046370967741935484 0.013980028530670471
0 0.5772177419354839 0.9522111269614836 0.07701612903225806 0.013980028530670471
0 0.645766129032258 0.9522111269614836 0.046370967741935484 0.013980028530670471
0 0.7052419354838709 0.9522111269614836 0.05967741935483871 0.013980028530670471
0 0.27157258064516127 0.9530670470756063 0.013306451612903225 0.0094151212553495
