0 0.13346774193548386 0.09514978601997147 0.050806451612903224 0.015691868758915834
0 0.3774193548387097 0.09514978601997147 0.07096774193548387 0.015691868758915834
0 0.4612903225806452 0.09429386590584879 0.07096774193548387 0.013980028530670471
0 0.535483870967742 0.09514978601997147 0.050806451612903224 0.015691868758915834
0 0.6016129032258064 0.09514978601997147 0.06854838709677419 0.015691868758915834
0 0.6612903225806451 0.09514978601997147 0.03306451612903226 0.012268188302425107
0 0.13971774193548386 0.12639087018544937 0.053629032258064514 0.011412268188302425
0 0.5110887096774194 0.14450784593437946 0.26733870967741935 0.02653352353780314
0 0.7362903225806452 0.192867332382311 0.09516129032258064 0.017118402282453638
0 0.8233870967741935 0.192867332382311 0.08387096774193549 0.017118402282453638
0 0.8919354838709678 0.192867332382311 0.05725806451612903 0.017118402282453638
0 0.13548387096774195 0.21469329529243938 0.06854838709677419 0.017403708987161197
0 0.24919354838709679 0.21469329529243938 0.09274193548387097 0.017403708987161197
0 0.13568548387096774 0.23737517831669044 0.07298387096774193 0.018830242510699
0 0.12237903225806451 0.2616262482168331 0.046370967741935484 0.017118402282453638
0 0.21955645161290321 0.262339514978602 0.0907258064516129 0.018544935805991442
0 0.30685483870967745 0.2616262482168331 0.06612903225806452 0.017118402282453638
0 0.3961693548387097 0.2616262482168331 0.08588709677419355 0.017118402282453638
0 0.4854838709677419 0.262339514978602 0.06612903225806452 0.018544935805991442
0 0.5629032258064516 0.2616262482168331 0.06612903225806452 0.017118402282453638
0 0.6324596774193548 0.262339514978602 0.046370967741935484 0.018544935805991442
0 0.7086693548387096 0.262339514978602 0.08830645161290322 0.018544935805991442
0 0.7858870967741935 0.2616262482168331 0.04435483870967742 0.017118402282453638
0 0.8423387096774193 0.2616262482168331 0.041935483870967745 0.017118402282453638
0 0.8997983870967742 0.262339514978602 0.046370967741935484 0.018544935805991442
0 0.33891129032258066 0.2818830242510699 0.13024193548387097 0.017118402282453638
0 0.21955645161290321 0.2834522111269615 0.08588709677419355 0.017403708987161197
0 0.14334677419354838 0.3091298145506419 0.039919354838709675 0.015691868758915834
0 0.1034274193548387 0.30998573466476464 0.013306451612903225 0.011126961483594865
0 0.1655241935483871 0.3310984308131241 0.06169354838709677 0.015691868758915834
0 0.2913306451612903 0.331811697574893 0.1721774193548387 0.017118402282453638
0 0.5475806451612903 0.3310984308131241 0.11935483870967742 0.015691868758915834
0 0.7086693548387096 0.3310984308131241 0.039919354838709675 0.015691868758915834
0 0.8223790322580645 0.3310984308131241 0.1657258064516129 0.015691868758915834
0 0.43024193548387096 0.3319543509272468 0.09274193548387097 0.013980028530670471
0 0.6479838709677419 0.3319543509272468 0.05967741935483871 0.013980028530670471
0 0.24173387096774193 0.3544935805991441 0.21411290322580645 0.015691868758915834
0 0.38064516129032255 0.3544935805991441 0.03306451612903226 0.015691868758915834
0 0.4316532258064516 0.3544935805991441 0.07298387096774193 0.015691868758915834
0 0.5108870967741935 0.3544935805991441 0.06854838709677419 0.015691868758915834
0 0.5838709677419355 0.3544935805991441 0.050806451612903224 0.015691868758915834
0 0.6788306451612903 0.3544935805991441 0.12137096774193548 0.015691868758915834
0 0.7495967741935484 0.35463623395149785 0.01532258064516129 0.012553495007132667
0 0.8090725806451613 0.3544935805991441 0.08185483870967741 0.015691868758915834
0 0.8798387096774194 0.3544935805991441 0.041935483870967745 0.015691868758915834
0 0.10141129032258064 0.4007132667617689 0.013306451612903225 0.013980028530670471
0 0.17983870967741936 0.3998573466476462 0.09032258064516129 0.015691868758915834
0 0.2657258064516129 0.3998573466476462 0.05967741935483871 0.015691868758915834
0 0.34858870967741934 0.3998573466476462 0.07943548387096774 0.015691868758915834
0 0.4282258064516129 0.3998573466476462 0.062096774193548386 0.015691868758915834
0 0.5 0.3998573466476462 0.05967741935483871 0.015691868758915834
0 0.5616935483870967 0.3998573466476462 0.041935483870967745 0.015691868758915834
0 0.63125 0.3998573466476462 0.07943548387096774 0.015691868758915834
0 0.7042338709677419 0.3998573466476462 0.039919354838709675 0.015691868758915834
0 0.7538306451612903 0.3998573466476462 0.0375 0.015691868758915834
0 0.8058467741935483 0.3998573466476462 0.04395161290322581 0.015691868758915834
0 0.8852822580645161 0.3998573466476462 0.07943548387096774 0.015691868758915834
0 0.5310483870967742 0.4225392296718973 0.06854838709677419 0.017118402282453638
0 0.15564516129032258 0.4232524964336662 0.05967741935483871 0.015691868758915834
0 0.22620967741935483 0.4232524964336662 0.05967741935483871 0.015691868758915834
0 0.28689516129032255 0.4232524964336662 0.039919354838709675 0.015691868758915834
0 0.3564516129032258 0.4232524964336662 0.0814516129032258 0.015691868758915834
0 0.4469758064516129 0.4232524964336662 0.08185483870967741 0.015691868758915834
0 0.13669354838709677 0.4529243937232525 0.02661290322580645 0.015691868758915834
0 0.21733870967741936 0.4529243937232525 0.10403225806451613 0.015691868758915834
0 0.3167338709677419 0.45378031383737516 0.07701612903225806 0.017403708987161197
0 0.3929435483870968 0.4529243937232525 0.05766129032258065 0.015691868758915834
0 0.4689516129032258 0.45378031383737516 0.07741935483870968 0.017403708987161197
0 0.5431451612903225 0.4529243937232525 0.05725806451612903 0.015691868758915834
0 0.6092741935483871 0.4529243937232525 0.05725806451612903 0.015691868758915834
0 0.666733870967742 0.4529243937232525 0.039919354838709675 0.015691868758915834
0 0.7330645161290322 0.4529243937232525 0.075 0.015691868758915834
0 0.7991935483870968 0.4529243937232525 0.03951612903225806 0.015691868758915834
0 0.8465725806451613 0.4529243937232525 0.0375 0.015691868758915834
0 0.8941532258064516 0.4529243937232525 0.039919354838709675 0.015691868758915834
0 0.20504032258064517 0.47945791726105563 0.07943548387096774 0.015691868758915834
0 0.13669354838709677 0.4803138373751783 0.021774193548387097 0.013980028530670471
0 0.7 0.5021398002853067 0.08387096774193549 0.017118402282453638
0 0.14556451612903226 0.5029957203994294 0.021774193548387097 0.015406562054208274
0 0.1842741935483871 0.5029957203994294 0.041935483870967745 0.015406562054208274
0 0.23508064516129032 0.5022824536376604 0.041935483870967745 0.013980028530670471
0 0.32560483870967744 0.5029957203994294 0.12137096774193548 0.015406562054208274
0 0.40504032258064515 0.5029957203994294 0.01975806451612903 0.015406562054208274
0 0.44576612903225804 0.5029957203994294 0.039919354838709675 0.015406562054208274
0 0.5175403225806452 0.5029957203994294 0.08185483870967741 0.015406562054208274
0 0.6070564516129032 0.5029957203994294 0.07943548387096774 0.015406562054208274
0 0.7673387096774194 0.5029957203994294 0.041935483870967745 0.015406562054208274
0 0.8181451612903226 0.5029957203994294 0.041935483870967745 0.015406562054208274
0 0.8689516129032258 0.5022824536376604 0.041935483870967745 0.013980028530670471
0 0.25483870967741934 0.5255349500713267 0.17903225806451614 0.017118402282453638
0 0.38629032258064516 0.5255349500713267 0.062096774193548386 0.017118402282453638
0 0.47661290322580646 0.5248216833095578 0.10161290322580645 0.015691868758915834
0 0.5772177419354839 0.5248216833095578 0.08185483870967741 0.015691868758915834
0 0.6479838709677419 0.5248216833095578 0.041935483870967745 0.015691868758915834
0 0.7274193548387097 0.5248216833095578 0.041935483870967745 0.015691868758915834
0 0.14334677419354838 0.5256776034236804 0.02217741935483871 0.013980028530670471
0 0.6889112903225807 0.5263908701854494 0.02217741935483871 0.015406562054208274
0 0.20504032258064517 0.5482168330955778 0.07943548387096774 0.015691868758915834
0 0.3056451612903226 0.5482168330955778 0.09919354838709678 0.015691868758915834
0 0.39737903225806454 0.5482168330955778 0.06169354838709677 0.015691868758915834
0 0.4967741935483871 0.5482168330955778 0.11935483870967742 0.015691868758915834
0 0.5971774193548387 0.5482168330955778 0.05967741935483871 0.015691868758915834
0 0.6776209677419355 0.5482168330955778 0.07943548387096774 0.015691868758915834
0 0.7471774193548387 0.5482168330955778 0.041935483870967745 0.015691868758915834
0 0.14334677419354838 0.5490727532097004 0.02217741935483871 0.013980028530670471
0 0.20504032258064517 0.5708987161198288 0.07943548387096774 0.017118402282453638
0 0.3961693548387097 0.5708987161198288 0.059274193548387095 0.017118402282453638
0 0.14334677419354838 0.5710413694721826 0.02217741935483871 0.013980028530670471
0 0.3056451612903226 0.5717546362339515 0.09919354838709678 0.015406562054208274
0 0.47681451612903225 0.5717546362339515 0.07943548387096774 0.015406562054208274
0 0.5473790322580645 0.5710413694721826 0.039919354838709675 0.013980028530670471
0 0.5971774193548387 0.5710413694721826 0.041935483870967745 0.013980028530670471
0 0.646774193548387 0.5710413694721826 0.03951612903225806 0.013980028530670471
0 0.21068548387096775 0.5935805991440799 0.0907258064516129 0.015691868758915834
0 0.32560483870967744 0.5935805991440799 0.12137096774193548 0.015691868758915834
0 0.41935483870967744 0.5935805991440799 0.04838709677419355 0.015691868758915834
0 0.13790322580645162 0.5944365192582025 0.024193548387096774 0.013980028530670471
0 0.13891129032258065 0.6162624821683309 0.02620967741935484 0.014265335235378032
0 0.21068548387096775 0.6169757489300999 0.0907258064516129 0.015691868758915834
0 0.3002016129032258 0.6169757489300999 0.08830645161290322 0.015691868758915834
0 0.20504032258064517 0.638944365192582 0.07943548387096774 0.015691868758915834
0 0.2745967741935484 0.638944365192582 0.041935483870967745 0.015691868758915834
0 0.36189516129032256 0.6396576319543509 0.05282258064516129 0.017118402282453638
0 0.43588709677419357 0.6396576319543509 0.0814516129032258 0.017118402282453638
0 0.5177419354838709 0.638944365192582 0.05967741935483871 0.015691868758915834
0 0.5784274193548387 0.638944365192582 0.039919354838709675 0.015691868758915834
0 0.6381048387096774 0.6396576319543509 0.06169354838709677 0.017118402282453638
0 0.6997983870967742 0.638944365192582 0.039919354838709675 0.015691868758915834
0 0.13790322580645162 0.6398002853067047 0.024193548387096774 0.013980028530670471
0 0.3155241935483871 0.6405135520684736 0.02217741935483871 0.015406562054208274
0 0.7495967741935484 0.6398002853067047 0.041935483870967745 0.013980028530670471
0 0.11471774193548387 0.6850213980028531 0.039919354838709675 0.017118402282453638
0 0.19616935483870968 0.6850213980028531 0.07943548387096774 0.017118402282453638
0 0.2770161290322581 0.6843081312410841 0.05967741935483871 0.015691868758915834
0 0.35745967741935486 0.6843081312410841 0.07943548387096774 0.015691868758915834
0 0.4393145161290323 0.6850213980028531 0.06169354838709677 0.017118402282453638
0 0.5088709677419355 0.6843081312410841 0.05967741935483871 0.015691868758915834
0 0.5703629032258064 0.6864479315263908 0.0407258064516129 0.016547788873038517
0 0.6425403225806452 0.6850213980028531 0.07943548387096774 0.017118402282453638
0 0.7131048387096774 0.6843081312410841 0.039919354838709675 0.015691868758915834
0 0.7639112903225806 0.6850213980028531 0.039919354838709675 0.017118402282453638
0 0.8147177419354839 0.6850213980028531 0.039919354838709675 0.017118402282453638
0 0.8852822580645161 0.6850213980028531 0.07943548387096774 0.017118402282453638
0 0.2183467741935484 0.7077032810271041 0.12379032258064517 0.015691868758915834
0 0.3056451612903226 0.7077032810271041 0.03790322580645161 0.015691868758915834
0 0.36088709677419356 0.7077032810271041 0.024193548387096774 0.015691868758915834
