0 0.13346774193548386 0.09514978601997147 0.050806451612903224 0.015691868758915834
0 0.4215725806451613 0.1115549215406562 0.031048387096774193 0.010841654778887305
0 0.45463709677419356 0.1115549215406562 0.039919354838709675 0.010841654778887305
0 0.49556451612903224 0.1115549215406562 0.02903225806451613 0.010841654778887305
0 0.5175403225806452 0.1108416547788873 0.010887096774193548 0.0094151212553495
0 0.5485887096774194 0.1115549215406562 0.028629032258064516 0.010841654778887305
0 0.5917338709677419 0.1115549215406562 0.05282258064516129 0.010841654778887305
0 0.3463709677419355 0.15378031383737517 0.11935483870967742 0.023395149786019972
0 0.8754032258064516 0.14978601997146934 0.07741935483870968 0.012553495007132667
0 0.5705645161290323 0.15520684736091298 0.32903225806451614 0.023395149786019972
0 0.8754032258064516 0.1631954350927247 0.06370967741935483 0.010841654778887305
0 0.20504032258064517 0.21626248216833097 0.07943548387096774 0.017118402282453638
0 0.12016129032258065 0.21626248216833097 0.03790322580645161 0.014265335235378032
0 0.12903225806451613 0.23894436519258203 0.05967741935483871 0.015691868758915834
0 0.11915322580645162 0.262339514978602 0.039919354838709675 0.015691868758915834
0 0.2558467741935484 0.262339514978602 0.07943548387096774 0.015691868758915834
0 0.34758064516129034 0.2630527817403709 0.0814516129032258 0.017118402282453638
0 0.44798387096774195 0.2630527817403709 0.10161290322580645 0.017118402282453638
0 0.5276209677419355 0.262339514978602 0.039919354838709675 0.015691868758915834
0 0.18528225806451612 0.2631954350927247 0.04395161290322581 0.013980028530670471
0 0.15120967741935484 0.2967189728958631 0.050806451612903224 0.015406562054208274
0 0.28689516129032255 0.2967189728958631 0.20766129032258066 0.015406562054208274
0 0.43266129032258066 0.2967189728958631 0.07096774193548387 0.015406562054208274
0 0.10241935483870968 0.29757489300998574 0.01129032258064516 0.010841654778887305
0 0.21471774193548387 0.3203994293865906 0.07782258064516129 0.015977175463623396
0 0.30786290322580645 0.31940085592011414 0.08185483870967741 0.017403708987161197
0 0.46673387096774194 0.31940085592011414 0.12137096774193548 0.017403708987161197
0 0.7086693548387096 0.31940085592011414 0.10120967741935484 0.017403708987161197
0 0.10241935483870968 0.320114122681883 0.01129032258064516 0.012553495007132667
0 0.14556451612903226 0.31940085592011414 0.04435483870967742 0.013980028530670471
0 0.37641129032258064 0.31940085592011414 0.0375 0.013980028530670471
0 0.5685483870967742 0.3202567760342368 0.05967741935483871 0.015691868758915834
0 0.629233870967742 0.3202567760342368 0.039919354838709675 0.015691868758915834
0 0.8026209677419355 0.31940085592011414 0.06411290322580646 0.013980028530670471
0 0.12883064516129034 0.36476462196861625 0.028629032258064516 0.013980028530670471
0 0.1808467741935484 0.36547788873038517 0.04879032258064516 0.015406562054208274
0 0.2372983870967742 0.36476462196861625 0.046370967741935484 0.013980028530670471
0 0.2913306451612903 0.36547788873038517 0.031048387096774193 0.015406562054208274
0 0.35201612903225804 0.36547788873038517 0.07258064516129033 0.015406562054208274
0 0.4536290322580645 0.36547788873038517 0.11290322580645161 0.015406562054208274
0 0.17983870967741936 0.38815977175463623 0.050806451612903224 0.017403708987161197
0 0.24536290322580645 0.38958630527817406 0.06008064516129032 0.016833095577746076
0 0.3165322580645161 0.38730385164051356 0.05967741935483871 0.015691868758915834
0 0.3752016129032258 0.3897289586305278 0.04314516129032258 0.016547788873038517
0 0.12681451612903225 0.38815977175463623 0.024596774193548387 0.013980028530670471
0 0.12681451612903225 0.4099857346647646 0.024596774193548387 0.014265335235378032
0 0.17983870967741936 0.41069900142653354 0.050806451612903224 0.015691868758915834
0 0.24495967741935484 0.41069900142653354 0.06169354838709677 0.015691868758915834
0 0.3165322580645161 0.41069900142653354 0.05967741935483871 0.015691868758915834
0 0.3752016129032258 0.41069900142653354 0.039919354838709675 0.015691868758915834
0 0.3709677419354839 0.4333808844507846 0.19435483870967743 0.017118402282453638
0 0.12681451612903225 0.43352353780313835 0.024596774193548387 0.013980028530670471
0 0.17983870967741936 0.43423680456490726 0.050806451612903224 0.015406562054208274
0 0.24274193548387096 0.43423680456490726 0.0532258064516129 0.015406562054208274
0 0.11471774193548387 0.47945791726105563 0.039919354838709675 0.015691868758915834
0 0.276008064516129 0.47945791726105563 0.1810483870967742 0.015691868758915834
0 0.3939516129032258 0.47945791726105563 0.03306451612903226 0.015691868758915834
0 0.16532258064516128 0.47960057061340944 0.017741935483870968 0.012553495007132667
0 0.2064516129032258 0.5014265335235378 0.041935483870967745 0.015691868758915834
0 0.2643145161290323 0.5037089871611983 0.0625 0.016833095577746076
0 0.3254032258064516 0.5014265335235378 0.041935483870967745 0.015691868758915834
0 0.16310483870967743 0.5029957203994294 0.013306451612903225 0.012553495007132667
0 0.37620967741935485 0.5022824536376604 0.041935483870967745 0.013980028530670471
0 0.42379032258064514 0.5022824536376604 0.035483870967741936 0.013980028530670471
0 0.16431451612903225 0.5256776034236804 0.015725806451612902 0.013980028530670471
0 0.22620967741935483 0.5248216833095578 0.0814516129032258 0.015691868758915834
0 0.28568548387096776 0.5248216833095578 0.01975806451612903 0.015691868758915834
0 0.34536290322580643 0.5248216833095578 0.08185483870967741 0.015691868758915834
0 0.42701612903225805 0.5248216833095578 0.05967741935483871 0.015691868758915834
0 0.4856854838709677 0.5248216833095578 0.03508064516129032 0.015691868758915834
0 0.5397177419354838 0.5248216833095578 0.024596774193548387 0.015691868758915834
0 0.6346774193548387 0.7639087018544936 0.02903225806451613 0.0094151212553495
0 0.6622983870967742 0.7639087018544936 0.017338709677419354 0.0094151212553495
0 0.6800403225806452 0.7646219686162625 0.02217741935483871 0.010841654778887305
0 0.2306451612903226 0.7693295292439373 0.050806451612903224 0.013980028530670471
0 0.4338709677419355 0.7693295292439373 0.050806451612903224 0.013980028530670471
0 0.12237903225806451 0.7708987161198289 0.0375 0.010841654778887305
0 0.3167338709677419 0.7701854493580599 0.024596774193548387 0.0094151212553495
0 0.34334677419354837 0.7701854493580599 0.028629032258064516 0.0094151212553495
0 0.5231854838709677 0.7701854493580599 0.02620967741935484 0.0094151212553495
0 0.6455645161290322 0.7771754636233952 0.050806451612903224 0.014265335235378032
0 0.12560483870967742 0.8382310984308131 0.04395161290322581 0.010841654778887305
0 0.11794354838709678 0.8796005706134095 0.03346774193548387 0.012553495007132667
0 0.16088709677419355 0.8796005706134095 0.035483870967741936 0.012553495007132667
0 0.20846774193548387 0.8803138373751783 0.05967741935483871 0.011126961483594865
0 0.5473790322580645 0.8803138373751783 0.031048387096774193 0.011126961483594865
0 0.3685483870967742 0.8982881597717546 0.0532258064516129 0.015691868758915834
0 0.4491935483870968 0.8982881597717546 0.09516129032258064 0.015691868758915834
0 0.11028225806451612 0.8990014265335236 0.013306451612903225 0.010841654778887305
0 0.14899193548387096 0.8982881597717546 0.046370967741935484 0.012268188302425107
0 0.25161290322580643 0.8991440798858773 0.08387096774193549 0.013980028530670471
0 0.3189516129032258 0.8982881597717546 0.03306451612903226 0.012268188302425107
0 0.6850806451612903 0.8977175463623395 0.04516129032258064 0.013409415121255349
0 0.7143145161290323 0.8982881597717546 0.01975806451612903 0.012268188302425107
0 0.3342741935483871 0.916262482168331 0.041935483870967745 0.013980028530670471
0 0.8014112903225806 0.9171184022824537 0.09314516129032258 0.015691868758915834
0 0.11895161290322581 0.9178316690442225 0.035483870967741936 0.010841654778887305
0 0.1566532258064516 0.9169757489300998 0.031048387096774193 0.012553495007132667
0 0.1909274193548387 0.9178316690442225 0.028629032258064516 0.010841654778887305
0 0.2284274193548387 0.9169757489300998 0.0375 0.012553495007132667
0 0.38064516129032255 0.9169757489300998 0.03306451612903226 0.012553495007132667
0 0.4149193548387097 0.9178316690442225 0.03064516129032258 0.010841654778887305
0 0.45141129032258065 0.9178316690442225 0.0375 0.010841654778887305
0 0.5409274193548387 0.9178316690442225 0.06169354838709677 0.010841654778887305
0 0.6114919354838709 0.9178316690442225 0.017338709677419354 0.010841654778887305
0 0.589516129032258 0.9194008559201141 0.02661290322580645 0.011126961483594865
