0 0.8324596774193549 0.7677603423680457 0.02217741935483871 0.010841654778887305
0 0.35745967741935486 0.7786019971469329 0.02943548387096774 0.010271041369472182
0 0.5606854838709677 0.7803138373751783 0.02620967741935484 0.010841654778887305
0 0.7671370967741935 0.7803138373751783 0.08185483870967741 0.010841654778887305
0 0.15221774193548387 0.7810271041369472 0.02620967741935484 0.0094151212553495
0 0.2282258064516129 0.7865905848787447 0.050806451612903224 0.014265335235378032
0 0.44375 0.7897289586305278 0.07056451612903226 0.020542082738944364
0 0.6463709677419355 0.7932952924393724 0.06693548387096775 0.020827389443651926
0 0.8600806451612903 0.7904422253922967 0.03306451612903226 0.015691868758915834
0 0.83125 0.792154065620542 0.01975806451612903 0.0094151212553495
0 0.3084677419354839 0.8532097004279601 0.07903225806451612 0.021398002853067047
0 0.12903225806451613 0.850641940085592 0.050806451612903224 0.013980028530670471
0 0.21733870967741936 0.850641940085592 0.024193548387096774 0.011126961483594865
0 0.21955645161290321 0.8756062767475036 0.12137096774193548 0.014265335235378032
0 0.4469758064516129 0.8756062767475036 0.1125 0.014265335235378032
0 0.5352822580645161 0.8756062767475036 0.03346774193548387 0.014265335235378032
0 0.11794354838709678 0.8764621968616262 0.03346774193548387 0.012553495007132667
0 0.23951612903225805 0.8942938659058488 0.050806451612903224 0.013980028530670471
0 0.2967741935483871 0.8942938659058488 0.050806451612903224 0.013980028530670471
0 0.3554435483870968 0.8942938659058488 0.05282258064516129 0.013980028530670471
0 0.4393145161290323 0.8942938659058488 0.03508064516129032 0.013980028530670471
0 0.5695564516129032 0.8942938659058488 0.21169354838709678 0.013980028530670471
0 0.15342741935483872 0.8951497860199714 0.046370967741935484 0.012268188302425107
0 0.40060483870967745 0.8958630527817404 0.024596774193548387 0.010841654778887305
0 0.7616935483870968 0.8951497860199714 0.04435483870967742 0.012268188302425107
0 0.8102822580645161 0.8958630527817404 0.03508064516129032 0.010841654778887305
0 0.8455645161290323 0.8958630527817404 0.02661290322580645 0.010841654778887305
0 0.9096774193548387 0.8958630527817404 0.017741935483870968 0.010841654778887305
0 0.8643145161290322 0.896718972895863 0.010887096774193548 0.00912981455064194
0 0.8810483870967742 0.896718972895863 0.02661290322580645 0.00912981455064194
0 0.19838709677419356 0.9138373751783166 0.10161290322580645 0.012553495007132667
0 0.3685483870967742 0.9131241084165478 0.035483870967741936 0.013980028530670471
0 0.44798387096774195 0.9138373751783166 0.10161290322580645 0.012553495007132667
0 0.6191532258064516 0.9131241084165478 0.05524193548387097 0.013980028530670471
0 0.7893145161290323 0.9138373751783166 0.010887096774193548 0.012553495007132667
0 0.8137096774193548 0.9138373751783166 0.03306451612903226 0.012553495007132667
0 0.12016129032258065 0.9146932952924394 0.03306451612903226 0.010841654778887305
0 0.572983870967742 0.9146932952924394 0.041935483870967745 0.010841654778887305
0 0.683266129032258 0.9146932952924394 0.024596774193548387 0.010841654778887305
0 0.6610887096774194 0.9154065620542082 0.01975806451612903 0.0094151212553495
