0 0.41592741935483873 0.07717546362339515 0.06411290322580646 0.013980028530670471
0 0.4879032258064516 0.07717546362339515 0.05725806451612903 0.013980028530670471
0 0.5397177419354838 0.07717546362339515 0.0375 0.013980028530670471
0 0.5838709677419355 0.07788873038516406 0.041935483870967745 0.012553495007132667
0 0.13346774193548386 0.09514978601997147 0.050806451612903224 0.015691868758915834
0 0.8651209677419355 0.12239657631954351 0.04798387096774193 0.014835948644793153
0 0.463508064516129 0.12253922967189729 0.19879032258064516 0.02653352353780314
0 0.6193548387096774 0.12325249643366619 0.03306451612903226 0.02168330955777461
0 0.8258064516129032 0.1202567760342368 0.035483870967741936 0.0094151212553495
0 0.864516129032258 0.1310984308131241 0.05967741935483871 0.012268188302425107
0 0.11915322580645162 0.18587731811697575 0.039919354838709675 0.015691868758915834
0 0.1941532258064516 0.18587731811697575 0.07943548387096774 0.015691868758915834
0 0.12560483870967742 0.20927246790299572 0.05766129032258065 0.015691868758915834
0 0.1907258064516129 0.23352353780313836 0.06854838709677419 0.020256776034236805
0 0.11915322580645162 0.231811697574893 0.039919354838709675 0.013980028530670471
0 0.2747983870967742 0.2333808844507846 0.08588709677419355 0.017118402282453638
0 0.2372983870967742 0.262339514978602 0.22298387096774194 0.018544935805991442
0 0.7891129032258064 0.262339514978602 0.22741935483870968 0.018544935805991442
0 0.3596774193548387 0.2614835948644793 0.02661290322580645 0.013980028530670471
0 0.3784274193548387 0.2631954350927247 0.010887096774193548 0.013980028530670471
0 0.45564516129032256 0.2630527817403709 0.12580645161290321 0.017118402282453638
0 0.5661290322580645 0.262339514978602 0.09919354838709678 0.015691868758915834
0 0.6213709677419355 0.2631954350927247 0.01129032258064516 0.013980028530670471
0 0.6403225806451613 0.262339514978602 0.02661290322580645 0.015691868758915834
0 0.10786290322580645 0.2630527817403709 0.013306451612903225 0.010841654778887305
0 0.6610887096774194 0.26390870185449355 0.010887096774193548 0.012553495007132667
0 0.4094758064516129 0.28416547788873037 0.26733870967741935 0.018830242510699
0 0.6737903225806452 0.28288159771754634 0.1153225806451613 0.017974322396576318
0 0.816733870967742 0.2834522111269615 0.1721774193548387 0.017403708987161197
0 0.1975806451612903 0.2834522111269615 0.13951612903225807 0.016833095577746076
0 0.5663306451612903 0.28430813124108417 0.05524193548387097 0.015691868758915834
0 0.6006048387096774 0.28587731811697575 0.013306451612903225 0.012553495007132667
0 0.2659274193548387 0.30699001426533523 0.2762096774193548 0.017118402282453638
0 0.5044354838709677 0.30699001426533523 0.1879032258064516 0.017118402282453638
0 0.6610887096774194 0.30699001426533523 0.13024193548387097 0.017118402282453638
0 0.7584677419354838 0.30613409415121257 0.041935483870967745 0.015406562054208274
0 0.8433467741935484 0.30699001426533523 0.11491935483870967 0.017118402282453638
0 0.17540322580645162 0.3303851640513552 0.09032258064516129 0.017118402282453638
0 0.25161290322580643 0.3303851640513552 0.04838709677419355 0.017118402282453638
0 0.3497983870967742 0.3303851640513552 0.06814516129032258 0.017118402282453638
0 0.43588709677419357 0.3303851640513552 0.08629032258064516 0.017118402282453638
0 0.5243951612903226 0.3303851640513552 0.06411290322580646 0.017118402282453638
0 0.6137096774193549 0.3303851640513552 0.08870967741935484 0.017118402282453638
0 0.7550403225806451 0.3310984308131241 0.11008064516129032 0.018544935805991442
0 0.8554435483870968 0.32952924393723254 0.07298387096774193 0.015406562054208274
0 0.10907258064516129 0.3310984308131241 0.015725806451612902 0.012268188302425107
0 0.2957661290322581 0.331811697574893 0.02620967741935484 0.017118402282453638
0 0.6788306451612903 0.3310984308131241 0.024596774193548387 0.015691868758915834
0 0.16108870967741937 0.3522111269614836 0.06169354838709677 0.017403708987161197
0 0.24596774193548387 0.3529243937232525 0.08629032258064516 0.018830242510699
0 0.3189516129032258 0.35135520684736093 0.041935483870967745 0.015691868758915834
0 0.5022177419354839 0.3529243937232525 0.08588709677419355 0.018830242510699
0 0.5971774193548387 0.35135520684736093 0.08629032258064516 0.015691868758915834
0 0.6820564516129032 0.3522111269614836 0.06169354838709677 0.017403708987161197
0 0.7471774193548387 0.3529243937232525 0.041935483870967745 0.018830242510699
0 0.8102822580645161 0.3522111269614836 0.06653225806451613 0.017403708987161197
0 0.8731854838709677 0.3522111269614836 0.04233870967741935 0.017403708987161197
0 0.40161290322580645 0.3537803138373752 0.10161290322580645 0.017118402282453638
0 0.20745967741935484 0.3756062767475036 0.15443548387096775 0.017403708987161197
0 0.32983870967741935 0.3756062767475036 0.06854838709677419 0.017403708987161197
0 0.13004032258064516 0.39743223965763197 0.031048387096774193 0.017118402282453638
0 0.21935483870967742 0.39828815977175464 0.1346774193548387 0.018830242510699
0 0.3155241935483871 0.39743223965763197 0.04395161290322581 0.017118402282453638
0 0.2306451612903226 0.4194008559201141 0.1879032258064516 0.017118402282453638
0 0.35524193548387095 0.4186875891583452 0.04838709677419355 0.015691868758915834
0 0.41391129032258067 0.4194008559201141 0.046370967741935484 0.017118402282453638
0 0.501008064516129 0.4194008559201141 0.11491935483870967 0.017118402282453638
0 0.5969758064516129 0.4194008559201141 0.05524193548387097 0.017118402282453638
0 0.276008064516129 0.4427960057061341 0.2737903225806452 0.017118402282453638
0 0.45141129032258065 0.4420827389443652 0.06814516129032258 0.015691868758915834
0 0.24939516129032258 0.46476462196861623 0.16330645161290322 0.017118402282453638
0 0.38629032258064516 0.46547788873038515 0.10161290322580645 0.018544935805991442
0 0.5032258064516129 0.46476462196861623 0.11935483870967742 0.017118402282453638
0 0.6600806451612903 0.46476462196861623 0.17661290322580644 0.017118402282453638
0 0.8258064516129032 0.46476462196861623 0.13709677419354838 0.017118402282453638
0 0.15 0.4646219686162625 0.02661290322580645 0.013980028530670471
0 0.22721774193548386 0.4865905848787446 0.11491935483870967 0.017403708987161197
0 0.33326612903225805 0.48730385164051354 0.07540322580645162 0.018830242510699
0 0.43608870967741936 0.48587731811697576 0.11733870967741936 0.01825962910128388
0 0.5387096774193548 0.4865905848787446 0.06612903225806452 0.017403708987161197
0 0.19959677419354838 0.5099857346647646 0.09032258064516129 0.020256776034236805
0 0.3604838709677419 0.5114122681883024 0.11290322580645161 0.018544935805991442
0 0.5453629032258065 0.5092724679029957 0.07056451612903226 0.018830242510699
0 0.5971774193548387 0.508416547788873 0.024193548387096774 0.017118402282453638
0 0.13125 0.509129814550642 0.028629032258064516 0.015691868758915834
0 0.27580645161290324 0.509129814550642 0.04838709677419355 0.015691868758915834
0 0.4625 0.5099857346647646 0.0814516129032258 0.017403708987161197
0 0.13125 0.5310984308131241 0.028629032258064516 0.015691868758915834
0 0.22399193548387097 0.531811697574893 0.13911290322580644 0.017118402282453638
0 0.36189516129032256 0.5326676176890157 0.12782258064516128 0.018830242510699
0 0.45463709677419356 0.531811697574893 0.04395161290322581 0.017118402282453638
0 0.5276209677419355 0.531811697574893 0.08830645161290322 0.017118402282453638
0 0.6201612903225806 0.5310984308131241 0.08387096774193549 0.015691868758915834
0 0.6820564516129032 0.5310984308131241 0.02217741935483871 0.015691868758915834
0 0.7451612903225806 0.5326676176890157 0.08629032258064516 0.018830242510699
0 0.11693548387096774 0.5654778887303852 0.04435483870967742 0.018830242510699
0 0.22721774193548386 0.566191155492154 0.13669354838709677 0.020256776034236805
0 0.32318548387096774 0.5654778887303852 0.046370967741935484 0.015406562054208274
0 0.3741935483870968 0.5654778887303852 0.041935483870967745 0.015406562054208274
0 0.43044354838709675 0.5654778887303852 0.02620967741935484 0.015406562054208274
0 0.12116935483870968 0.7834522111269615 0.04395161290322581 0.014265335235378032
0 0.7441532258064516 0.7834522111269615 0.08830645161290322 0.014265335235378032
0 0.3243951612903226 0.7850213980028531 0.04395161290322581 0.011126961483594865
0 0.5320564516129033 0.7850213980028531 0.05766129032258065 0.011126961483594865
0 0.2127016129032258 0.7912981455064194 0.046370967741935484 0.011126961483594865
0 0.411491935483871 0.7912981455064194 0.046370967741935484 0.013980028530670471
0 0.6127016129032258 0.7912981455064194 0.046370967741935484 0.013980028530670471
0 0.8125 0.7912981455064194 0.04838709677419355 0.013980028530670471
0 0.20181451612903226 0.8061340941512125 0.024596774193548387 0.0094151212553495
0 0.23387096774193547 0.8061340941512125 0.03064516129032258 0.0094151212553495
0 0.26491935483870965 0.8061340941512125 0.017741935483870968 0.0094151212553495
0 0.28689516129032255 0.8061340941512125 0.017338709677419354 0.0094151212553495
0 0.12217741935483871 0.8122681883024251 0.041935483870967745 0.012553495007132667
0 0.21068548387096775 0.8202567760342367 0.046370967741935484 0.012553495007132667
0 0.12439516129032258 0.8427960057061341 0.046370967741935484 0.010841654778887305
0 0.1157258064516129 0.8710413694721826 0.02903225806451613 0.010841654778887305
0 0.19294354838709676 0.8710413694721826 0.09959677419354838 0.010841654778887305
0 0.5175403225806452 0.8710413694721826 0.028629032258064516 0.010841654778887305
0 0.10907258064516129 0.8990014265335236 0.010887096774193548 0.010841654778887305
0 0.15 0.8990014265335236 0.04435483870967742 0.010841654778887305
0 0.23709677419354838 0.8990014265335236 0.05967741935483871 0.010841654778887305
0 0.2979838709677419 0.8990014265335236 0.04435483870967742 0.010841654778887305
0 0.3497983870967742 0.8982881597717546 0.046370967741935484 0.012268188302425107
0 0.4171370967741935 0.8991440798858773 0.07540322580645162 0.013980028530670471
0 0.47358870967741934 0.8998573466476462 0.01975806451612903 0.00912981455064194
0 0.6689516129032258 0.9007132667617689 0.04435483870967742 0.010841654778887305
0 0.7076612903225806 0.9014265335235377 0.024193548387096774 0.0094151212553495
0 0.7252016129032258 0.9005706134094151 0.015725806451612902 0.007703281027104137
0 0.12338709677419354 0.9271041369472183 0.04838709677419355 0.013980028530670471
0 0.3377016129032258 0.9279600570613409 0.06169354838709677 0.012268188302425107
0 0.757258064516129 0.9271041369472183 0.04838709677419355 0.013980028530670471
0 0.15423387096774194 0.9279600570613409 0.013306451612903225 0.0094151212553495
0 0.18971774193548388 0.9279600570613409 0.03508064516129032 0.0094151212553495
0 0.24274193548387096 0.9286733238231099 0.07096774193548387 0.010841654778887305
0 0.4104838709677419 0.9279600570613409 0.062096774193548386 0.0094151212553495
0 0.463508064516129 0.9279600570613409 0.04395161290322581 0.0094151212553495
0 0.5506048387096775 0.9286733238231099 0.05524193548387097 0.010841654778887305
0 0.6070564516129032 0.9286733238231099 0.05282258064516129 0.010841654778887305
0 0.8046370967741936 0.9286733238231099 0.028629032258064516 0.010841654778887305
0 0.645766129032258 0.9288159771754636 0.015725806451612902 0.007703281027104137
0 0.3233870967741935 0.9522111269614836 0.07741935483870968 0.013980028530670471
0 0.3917338709677419 0.9522111269614836 0.046370967741935484 0.013980028530670471
0 0.45241935483870965 0.9522111269614836 0.05725806451612903 0.011126961483594865
0 0.5110887096774194 0.9522111269614836 0.046370967741935484 0.013980028530670471
0 0.5772177419354839 0.9522111269614836 0.07701612903225806 0.013980028530670471
0 0.645766129032258 0.9522111269614836 0.046370967741935484 0.013980028530670471
0 0.7052419354838709 0.9522111269614836 0.05967741935483871 0.013980028530670471
0 0.27157258064516127 0.9530670470756063 0.013306451612903225 0.0094151212553495
