0 0.5286290322580646 0.07717546362339515 0.050806451612903224 0.013980028530670471
0 0.43266129032258066 0.07874465049928674 0.04435483870967742 0.010841654778887305
0 0.48004032258064516 0.07874465049928674 0.0375 0.010841654778887305
0 0.573991935483871 0.07874465049928674 0.031048387096774193 0.010841654778887305
0 0.13346774193548386 0.09514978601997147 0.050806451612903224 0.015691868758915834
0 0.83125 0.10071326676176891 0.05524193548387097 0.023395149786019972
0 0.8776209677419354 0.10071326676176891 0.0375 0.023395149786019972
0 0.4028225806451613 0.12239657631954351 0.07741935483870968 0.023395149786019972
0 0.5199596774193549 0.12325249643366619 0.07298387096774193 0.025106990014265335
0 0.6193548387096774 0.12325249643366619 0.03306451612903226 0.02168330955777461
0 0.14112903225806453 0.12339514978601997 0.035483870967741936 0.0094151212553495
0 0.833266129032258 0.14593437945791726 0.05524193548387097 0.02368045649072753
0 0.8808467741935484 0.14679029957203993 0.039919354838709675 0.021968616262482168
0 0.12338709677419354 0.14992867332382312 0.04838709677419355 0.0094151212553495
0 0.17076612903225807 0.150641940085592 0.046370967741935484 0.014265335235378032
0 0.11915322580645162 0.18587731811697575 0.039919354838709675 0.015691868758915834
0 0.1941532258064516 0.18587731811697575 0.07943548387096774 0.015691868758915834
0 0.12560483870967742 0.20927246790299572 0.05766129032258065 0.015691868758915834
0 0.11915322580645162 0.231811697574893 0.039919354838709675 0.013980028530670471
0 0.19616935483870968 0.2326676176890157 0.07943548387096774 0.015691868758915834
0 0.28588709677419355 0.2326676176890157 0.07741935483870968 0.015691868758915834
0 0.15443548387096775 0.2616262482168331 0.11935483870967742 0.017118402282453638
0 0.25483870967741934 0.2607703281027104 0.05967741935483871 0.015406562054208274
0 0.32661290322580644 0.2616262482168331 0.062096774193548386 0.017118402282453638
0 0.38629032258064516 0.2616262482168331 0.03951612903225806 0.017118402282453638
0 0.4570564516129032 0.2607703281027104 0.07943548387096774 0.015406562054208274
0 0.5397177419354838 0.2616262482168331 0.06411290322580646 0.017118402282453638
0 0.4060483870967742 0.28430813124108417 0.03951612903225806 0.015691868758915834
0 0.12520161290322582 0.3079885877318117 0.0625 0.016262482168330955
0 0.2608870967741935 0.3079885877318117 0.06048387096774194 0.016262482168330955
0 0.18528225806451612 0.30770328102710415 0.039919354838709675 0.015691868758915834
0 0.12560483870967742 0.32952924393723254 0.06169354838709677 0.015406562054208274
0 0.18528225806451612 0.32952924393723254 0.039919354838709675 0.015406562054208274
0 0.3411290322580645 0.3303851640513552 0.21854838709677418 0.017118402282453638
0 0.3564516129032258 0.3522111269614836 0.24919354838709679 0.017403708987161197
0 0.12560483870967742 0.35306704707560627 0.06169354838709677 0.015691868758915834
0 0.18528225806451612 0.3522111269614836 0.039919354838709675 0.013980028530670471
0 0.12560483870967742 0.37475035663338085 0.06169354838709677 0.015691868758915834
0 0.20504032258064517 0.3756062767475036 0.07943548387096774 0.017403708987161197
0 0.3308467741935484 0.3760342368045649 0.11975806451612903 0.017118402282453638
0 0.42379032258064514 0.3768901569186876 0.042741935483870966 0.016547788873038517
0 0.4723790322580645 0.3756062767475036 0.04395161290322581 0.017403708987161197
0 0.11471774193548387 0.39828815977175464 0.039919354838709675 0.015406562054208274
0 0.19193548387096773 0.39828815977175464 0.05725806451612903 0.015406562054208274
0 0.12399193548387097 0.42011412268188303 0.0625 0.016833095577746076
0 0.2318548387096774 0.4209700427960057 0.10161290322580645 0.017403708987161197
0 0.1344758064516129 0.443509272467903 0.07943548387096774 0.015691868758915834
0 0.20524193548387096 0.4427960057061341 0.03951612903225806 0.014265335235378032
0 0.24475806451612903 0.44436519258202567 0.017741935483870968 0.017403708987161197
0 0.3951612903225806 0.443509272467903 0.1282258064516129 0.015691868758915834
0 0.5342741935483871 0.443509272467903 0.13225806451612904 0.015691868758915834
0 0.7086693548387096 0.443509272467903 0.06169354838709677 0.015691868758915834
0 0.28568548387096776 0.44436519258202567 0.0375 0.013980028530670471
0 0.6215725806451613 0.44436519258202567 0.046370967741935484 0.013980028530670471
0 0.1344758064516129 0.46704707560627673 0.07943548387096774 0.015406562054208274
0 0.20524193548387096 0.46633380884450787 0.03951612903225806 0.013980028530670471
0 0.24596774193548387 0.46704707560627673 0.020161290322580645 0.015406562054208274
0 0.3056451612903226 0.46704707560627673 0.0814516129032258 0.015406562054208274
0 0.4282258064516129 0.46704707560627673 0.11451612903225807 0.015406562054208274
0 0.1344758064516129 0.4897289586305278 0.07943548387096774 0.017403708987161197
0 0.24475806451612903 0.4897289586305278 0.017741935483870968 0.017403708987161197
0 0.20524193548387096 0.4897289586305278 0.03951612903225806 0.013980028530670471
0 0.28689516129032255 0.4897289586305278 0.04395161290322581 0.013980028530670471
0 0.34758064516129034 0.4897289586305278 0.03306451612903226 0.013980028530670471
0 0.1344758064516129 0.5122681883024252 0.07943548387096774 0.015691868758915834
0 0.20524193548387096 0.5122681883024252 0.03951612903225806 0.015691868758915834
0 0.24475806451612903 0.5122681883024252 0.017741935483870968 0.015691868758915834
0 0.28588709677419355 0.5122681883024252 0.041935483870967745 0.015691868758915834
0 0.3465725806451613 0.5122681883024252 0.039919354838709675 0.015691868758915834
0 0.40725806451612906 0.5122681883024252 0.03306451612903226 0.015691868758915834
0 0.1344758064516129 0.5349500713266762 0.07943548387096774 0.017118402282453638
0 0.24475806451612903 0.5349500713266762 0.017741935483870968 0.017118402282453638
0 0.28689516129032255 0.5342368045649073 0.04395161290322581 0.015691868758915834
0 0.3477822580645161 0.5342368045649073 0.046370967741935484 0.015691868758915834
0 0.42379032258064514 0.5349500713266762 0.062096774193548386 0.017118402282453638
0 0.20524193548387096 0.5350927246790299 0.03951612903225806 0.013980028530670471
0 0.482258064516129 0.5350927246790299 0.041935483870967745 0.013980028530670471
0 0.11471774193548387 0.5803138373751783 0.039919354838709675 0.017118402282453638
0 0.16310483870967743 0.5803138373751783 0.02217741935483871 0.014265335235378032
0 0.21512096774193548 0.5803138373751783 0.06814516129032258 0.014265335235378032
0 0.16431451612903225 0.6038516405135521 0.01975806451612903 0.013980028530670471
0 0.22741935483870968 0.6038516405135521 0.09274193548387097 0.013980028530670471
0 0.3419354838709677 0.8052781740370899 0.08387096774193549 0.013980028530670471
0 0.4028225806451613 0.8061340941512125 0.024193548387096774 0.0094151212553495
0 0.43366935483870966 0.8061340941512125 0.028629032258064516 0.0094151212553495
0 0.4647177419354839 0.8061340941512125 0.01975806451612903 0.0094151212553495
0 0.4854838709677419 0.8061340941512125 0.017741935483870968 0.0094151212553495
0 0.13669354838709677 0.8131241084165478 0.07096774193548387 0.010841654778887305
0 0.411491935483871 0.8194008559201141 0.046370967741935484 0.014265335235378032
0 0.21068548387096775 0.8202567760342367 0.046370967741935484 0.012553495007132667
0 0.3155241935483871 0.8202567760342367 0.031048387096774193 0.012553495007132667
0 0.12439516129032258 0.8427960057061341 0.046370967741935484 0.010841654778887305
0 0.1157258064516129 0.8710413694721826 0.02903225806451613 0.010841654778887305
0 0.20403225806451614 0.8710413694721826 0.1217741935483871 0.010841654778887305
0 0.5165322580645161 0.8701854493580599 0.03064516129032258 0.012553495007132667
0 0.10907258064516129 0.8990014265335236 0.010887096774193548 0.010841654778887305
0 0.15100806451612903 0.8990014265335236 0.046370967741935484 0.010841654778887305
0 0.23044354838709677 0.8998573466476462 0.046370967741935484 0.012553495007132667
0 0.28911290322580646 0.8991440798858773 0.062096774193548386 0.013980028530670471
0 0.35100806451612904 0.8991440798858773 0.04879032258064516 0.013980028530670471
0 0.4127016129032258 0.8991440798858773 0.02620967741935484 0.013980028530670471
0 0.47661290322580646 0.8991440798858773 0.09274193548387097 0.013980028530670471
0 0.5596774193548387 0.8991440798858773 0.05967741935483871 0.013980028530670471
0 0.3883064516129032 0.8998573466476462 0.017741935483870968 0.00912981455064194
0 0.6877016129032258 0.8998573466476462 0.08185483870967741 0.00912981455064194
0 0.7407258064516129 0.9014265335235377 0.020161290322580645 0.0094151212553495
0 0.7671370967741935 0.9014265335235377 0.024596774193548387 0.0094151212553495
0 0.7860887096774194 0.9005706134094151 0.013306451612903225 0.007703281027104137
0 0.12338709677419354 0.9271041369472183 0.04838709677419355 0.013980028530670471
0 0.3377016129032258 0.9279600570613409 0.06169354838709677 0.012268188302425107
0 0.7582661290322581 0.9279600570613409 0.046370967741935484 0.012268188302425107
0 0.15423387096774194 0.9279600570613409 0.013306451612903225 0.0094151212553495
0 0.18649193548387097 0.9286733238231099 0.028629032258064516 0.010841654778887305
0 0.24375 0.9286733238231099 0.0907258064516129 0.010841654778887305
0 0.4368951612903226 0.9279600570613409 0.11491935483870967 0.0094151212553495
0 0.557258064516129 0.9286733238231099 0.06854838709677419 0.010841654778887305
0 0.6092741935483871 0.9286733238231099 0.035483870967741936 0.010841654778887305
0 0.8046370967741936 0.9286733238231099 0.028629032258064516 0.010841654778887305
0 0.6435483870967742 0.9295292439372325 0.024193548387096774 0.00912981455064194
0 0.6612903225806451 0.9288159771754636 0.01532258064516129 0.007703281027104137
0 0.38629032258064516 0.9522111269614836 0.04838709677419355 0.013980028530670471
0 0.4381048387096774 0.9522111269614836 0.046370967741935484 0.013980028530670471
0 0.5 0.9522111269614836 0.06370967741935483 0.013980028530670471
0 0.5594758064516129 0.9522111269614836 0.046370967741935484 0.013980028530670471
0 0.6114919354838709 0.9522111269614836 0.04879032258064516 0.013980028530670471
