0 0.13346774193548386 0.09514978601997147 0.050806451612903224 0.015691868758915834
0 0.3254032258064516 0.14122681883024252 0.06854838709677419 0.014265335235378032
0 0.3939516129032258 0.14122681883024252 0.050806451612903224 0.014265335235378032
0 0.4679435483870968 0.14122681883024252 0.0842741935483871 0.014265335235378032
0 0.6622983870967742 0.14122681883024252 0.13669354838709677 0.014265335235378032
0 0.5528225806451613 0.1427960057061341 0.06854838709677419 0.013980028530670471
0 0.8576612903225806 0.1701854493580599 0.06854838709677419 0.03109843081312411
0 0.5076612903225807 0.18744650499286733 0.34919354838709676 0.025106990014265335
0 0.8842741935483871 0.19514978601997146 0.06854838709677419 0.03138373751783167
0 0.14556451612903226 0.21312410841654778 0.0532258064516129 0.014265335235378032
0 0.24475806451612903 0.23195435092724678 0.09274193548387097 0.017118402282453638
0 0.13346774193548386 0.2326676176890157 0.06854838709677419 0.015691868758915834
0 0.13326612903225807 0.2530670470756063 0.07298387096774193 0.018830242510699
0 0.10907258064516129 0.2717546362339515 0.024596774193548387 0.015691868758915834
0 0.15766129032258064 0.2708987161198288 0.024193548387096774 0.013980028530670471
0 0.22157258064516128 0.2717546362339515 0.046370967741935484 0.015691868758915834
0 0.32560483870967744 0.2724679029957204 0.13911290322580644 0.017118402282453638
0 0.4282258064516129 0.2724679029957204 0.062096774193548386 0.017118402282453638
0 0.5022177419354839 0.2717546362339515 0.05524193548387097 0.015691868758915834
0 0.575 0.2724679029957204 0.05967741935483871 0.017118402282453638
0 0.6512096774193549 0.2733238231098431 0.07096774193548387 0.018830242510699
0 0.7241935483870968 0.2717546362339515 0.0532258064516129 0.015691868758915834
0 0.7903225806451613 0.2724679029957204 0.04838709677419355 0.017118402282453638
0 0.8731854838709677 0.2724679029957204 0.09475806451612903 0.017118402282453638
0 0.1655241935483871 0.29828815977175466 0.07943548387096774 0.015691868758915834
0 0.1034274193548387 0.29985734664764624 0.013306451612903225 0.012553495007132667
0 0.2703629032258065 0.3209700427960057 0.2318548387096774 0.017118402282453638
0 0.5993951612903226 0.3209700427960057 0.1875 0.017118402282453638
0 0.7362903225806452 0.3202567760342368 0.06854838709677419 0.015691868758915834
0 0.8137096774193548 0.3202567760342368 0.06854838709677419 0.015691868758915834
0 0.8764112903225807 0.3202567760342368 0.04395161290322581 0.015691868758915834
0 0.12782258064516128 0.3209700427960057 0.02661290322580645 0.014265335235378032
0 0.4028225806451613 0.3209700427960057 0.03790322580645161 0.014265335235378032
0 0.4679435483870968 0.3209700427960057 0.05766129032258065 0.014265335235378032
0 0.12681451612903225 0.3436519258202568 0.024596774193548387 0.015691868758915834
0 0.21391129032258063 0.3436519258202568 0.12379032258064517 0.015691868758915834
0 0.32883064516129035 0.3436519258202568 0.11008064516129032 0.015691868758915834
0 0.3939516129032258 0.3436519258202568 0.024193548387096774 0.015691868758915834
0 0.4669354838709677 0.3436519258202568 0.05967741935483871 0.015691868758915834
0 0.5993951612903226 0.3436519258202568 0.19233870967741937 0.015691868758915834
0 0.7231854838709677 0.3436519258202568 0.0375 0.015691868758915834
0 0.7816532258064516 0.3436519258202568 0.07056451612903226 0.015691868758915834
0 0.8455645161290323 0.3427960057061341 0.04435483870967742 0.013980028530670471
0 0.12681451612903225 0.3661911554921541 0.024596774193548387 0.013980028530670471
0 0.28689516129032255 0.36704707560627675 0.26491935483870965 0.015691868758915834
0 0.4612903225806452 0.3661911554921541 0.03951612903225806 0.013980028530670471
0 0.5794354838709678 0.36704707560627675 0.1879032258064516 0.015691868758915834
0 0.6985887096774194 0.36704707560627675 0.0375 0.015691868758915834
0 0.740524193548387 0.3661911554921541 0.0375 0.013980028530670471
0 0.7824596774193548 0.36704707560627675 0.0375 0.015691868758915834
0 0.8278225806451613 0.3661911554921541 0.04435483870967742 0.013980028530670471
0 0.10141129032258064 0.4115549215406562 0.017338709677419354 0.013980028530670471
0 0.14677419354838708 0.41241084165477887 0.041935483870967745 0.015691868758915834
0 0.19858870967741934 0.41241084165477887 0.04395161290322581 0.015691868758915834
0 0.25826612903225804 0.4115549215406562 0.039919354838709675 0.013980028530670471
0 0.36088709677419356 0.41241084165477887 0.1435483870967742 0.015691868758915834
0 0.4679435483870968 0.4115549215406562 0.05282258064516129 0.013980028530670471
0 0.5419354838709678 0.41241084165477887 0.07741935483870968 0.015691868758915834
0 0.6159274193548387 0.4115549215406562 0.04395161290322581 0.013980028530670471
0 0.686491935483871 0.41241084165477887 0.07943548387096774 0.015691868758915834
0 0.7782258064516129 0.41241084165477887 0.0814516129032258 0.015691868758915834
0 0.851008064516129 0.4115549215406562 0.046370967741935484 0.013980028530670471
0 0.9008064516129032 0.4115549215406562 0.03951612903225806 0.013980028530670471
0 0.19858870967741934 0.43423680456490726 0.04395161290322581 0.015406562054208274
0 0.2719758064516129 0.43380884450784596 0.0842741935483871 0.016262482168330955
0 0.3741935483870968 0.43509272467902993 0.041935483870967745 0.017118402282453638
0 0.4381048387096774 0.43423680456490726 0.08588709677419355 0.015406562054208274
0 0.538508064516129 0.43509272467902993 0.08830645161290322 0.017118402282453638
0 0.6159274193548387 0.43423680456490726 0.04395161290322581 0.015406562054208274
0 0.6921370967741935 0.43423680456490726 0.07701612903225806 0.015406562054208274
0 0.7715725806451613 0.43423680456490726 0.059274193548387095 0.015406562054208274
0 0.8411290322580646 0.43423680456490726 0.05725806451612903 0.015406562054208274
0 0.1443548387096774 0.4349500713266762 0.041935483870967745 0.013980028530670471
0 0.3320564516129032 0.4349500713266762 0.01975806451612903 0.013980028530670471
0 0.9008064516129032 0.4349500713266762 0.03951612903225806 0.013980028530670471
0 0.13568548387096774 0.45777460770328104 0.01975806451612903 0.015691868758915834
0 0.17419354838709677 0.45777460770328104 0.03951612903225806 0.015691868758915834
0 0.23387096774193547 0.4569186875891583 0.05725806451612903 0.013980028530670471
0 0.30120967741935484 0.45777460770328104 0.05967741935483871 0.015691868758915834
0 0.369758064516129 0.45777460770328104 0.05967741935483871 0.015691868758915834
0 0.43709677419354837 0.45777460770328104 0.062096774193548386 0.015691868758915834
0 0.5088709677419355 0.45777460770328104 0.05967741935483871 0.015691868758915834
0 0.5695564516129032 0.45777460770328104 0.039919354838709675 0.015691868758915834
0 0.6391129032258065 0.45777460770328104 0.0814516129032258 0.015691868758915834
0 0.7616935483870968 0.45777460770328104 0.14596774193548387 0.015691868758915834
0 0.8766129032258064 0.45777460770328104 0.06612903225806452 0.015691868758915834
0 0.5419354838709678 0.509129814550642 0.024193548387096774 0.015691868758915834
0 0.12782258064516128 0.5459343794579172 0.02661290322580645 0.013980028530670471
0 0.17641129032258066 0.5459343794579172 0.04395161290322581 0.013980028530670471
0 0.2592741935483871 0.54679029957204 0.10403225806451613 0.015691868758915834
0 0.32217741935483873 0.5466476462196862 0.017741935483870968 0.012553495007132667
0 0.3564516129032258 0.5483594864479315 0.041935483870967745 0.012553495007132667
0 0.5296370967741936 0.5733238231098431 0.07943548387096774 0.015691868758915834
0 0.26370967741935486 0.574037089871612 0.050806451612903224 0.014265335235378032
0 0.4338709677419355 0.5731811697574893 0.03306451612903226 0.012553495007132667
0 0.7471774193548387 0.574037089871612 0.06854838709677419 0.014265335235378032
0 0.536491935483871 0.6069900142653353 0.04395161290322581 0.013980028530670471
0 0.3530241935483871 0.608416547788873 0.031048387096774193 0.013980028530670471
0 0.43266129032258066 0.6077032810271041 0.04435483870967742 0.012553495007132667
0 0.5056451612903226 0.6075606276747504 0.008870967741935484 0.0094151212553495
0 0.1963709677419355 0.6225392296718972 0.03951612903225806 0.014265335235378032
0 0.24495967741935484 0.6225392296718972 0.04879032258064516 0.014265335235378032
0 0.2094758064516129 0.638944365192582 0.06169354838709677 0.012268188302425107
0 0.2592741935483871 0.6382310984308132 0.02903225806451613 0.010841654778887305
0 0.35423387096774195 0.6522111269614836 0.028629032258064516 0.010841654778887305
0 0.43266129032258066 0.6522111269614836 0.04435483870967742 0.014265335235378032
0 0.5286290322580646 0.6522111269614836 0.041935483870967745 0.014265335235378032
0 0.6314516129032258 0.65848787446505 0.04435483870967742 0.014265335235378032
0 0.7074596774193549 0.65848787446505 0.09475806451612903 0.014265335235378032
0 0.6479838709677419 0.6771754636233951 0.07741935483870968 0.013980028530670471
0 0.648991935483871 0.6960057061340942 0.04395161290322581 0.013980028530670471
0 0.7010080645161291 0.6951497860199715 0.046370967741935484 0.012268188302425107
0 0.7606854838709678 0.6960057061340942 0.06411290322580646 0.013980028530670471
0 0.8112903225806452 0.6960057061340942 0.03306451612903226 0.013980028530670471
0 0.8731854838709677 0.6960057061340942 0.06814516129032258 0.013980028530670471
0 0.1588709677419355 0.6982881597717546 0.03951612903225806 0.012268188302425107
0 0.21733870967741936 0.6991440798858773 0.06854838709677419 0.013980028530670471
0 0.28346774193548385 0.6991440798858773 0.050806451612903224 0.013980028530670471
0 0.3530241935483871 0.7068473609129815 0.031048387096774193 0.011126961483594865
0 0.4348790322580645 0.7068473609129815 0.039919354838709675 0.011126961483594865
0 0.5375 0.7061340941512125 0.041935483870967745 0.012553495007132667
0 0.1963709677419355 0.715549215406562 0.035483870967741936 0.012553495007132667
0 0.26048387096774195 0.7146932952924394 0.02661290322580645 0.010841654778887305
0 0.648991935483871 0.715549215406562 0.04395161290322581 0.012553495007132667
0 0.6931451612903226 0.7146932952924394 0.035483870967741936 0.014265335235378032
0 0.22721774193548386 0.716262482168331 0.02620967741935484 0.011126961483594865
0 0.7185483870967742 0.7333808844507846 0.08629032258064516 0.013980028530670471
0 0.7985887096774194 0.7355206847360913 0.0625 0.014835948644793153
0 0.648991935483871 0.7342368045649073 0.04395161290322581 0.012268188302425107
0 0.8588709677419355 0.7342368045649073 0.04435483870967742 0.012268188302425107
0 0.6435483870967742 0.7529243937232525 0.06854838709677419 0.012553495007132667
0 0.1963709677419355 0.7616262482168331 0.03951612903225806 0.013980028530670471
0 0.24495967741935484 0.7616262482168331 0.04879032258064516 0.013980028530670471
0 0.35423387096774195 0.7693295292439373 0.03346774193548387 0.013980028530670471
0 0.43266129032258066 0.7693295292439373 0.04435483870967742 0.013980028530670471
0 0.5375 0.7693295292439373 0.041935483870967745 0.013980028530670471
0 0.6356854838709678 0.7724679029957204 0.05282258064516129 0.013980028530670471
0 0.6854838709677419 0.7724679029957204 0.03306451612903226 0.013980028530670471
0 0.1963709677419355 0.7780313837375178 0.035483870967741936 0.012553495007132667
0 0.22721774193548386 0.7787446504992868 0.02620967741935484 0.011126961483594865
0 0.25483870967741934 0.7787446504992868 0.01532258064516129 0.011126961483594865
0 0.26814516129032256 0.777888730385164 0.01129032258064516 0.0094151212553495
0 0.6590725806451613 0.7920114122681883 0.0907258064516129 0.012553495007132667
0 0.7362903225806452 0.7905848787446504 0.050806451612903224 0.012553495007132667
0 0.7870967741935484 0.7912981455064194 0.03306451612903226 0.013980028530670471
0 0.24495967741935484 0.8241084165477889 0.04879032258064516 0.013980028530670471
0 0.1963709677419355 0.8248216833095577 0.03951612903225806 0.012553495007132667
0 0.35201612903225804 0.831811697574893 0.03306451612903226 0.013980028530670471
0 0.43266129032258066 0.8326676176890156 0.04435483870967742 0.012268188302425107
0 0.5276209677419355 0.8326676176890156 0.04395161290322581 0.012268188302425107
0 0.2094758064516129 0.8405135520684736 0.06169354838709677 0.012553495007132667
0 0.2592741935483871 0.8405135520684736 0.02903225806451613 0.012553495007132667
0 0.17641129032258066 0.8803138373751783 0.03508064516129032 0.013980028530670471
0 0.22943548387096774 0.8803138373751783 0.05725806451612903 0.013980028530670471
0 0.28245967741935485 0.8803138373751783 0.039919354838709675 0.013980028530670471
0 0.33649193548387096 0.8803138373751783 0.07298387096774193 0.013980028530670471
0 0.14334677419354838 0.881169757489301 0.013306451612903225 0.0094151212553495
