0 0.12681451612903225 0.14122681883024252 0.024596774193548387 0.014265335235378032
0 0.17419354838709677 0.14122681883024252 0.03951612903225806 0.014265335235378032
0 0.225 0.14122681883024252 0.03951612903225806 0.014265335235378032
0 0.1655241935483871 0.16390870185449358 0.06169354838709677 0.015691868758915834
0 0.2592741935483871 0.16390870185449358 0.10806451612903226 0.015691868758915834
0 0.3685483870967742 0.16390870185449358 0.08387096774193549 0.015691868758915834
0 0.4711693548387097 0.16390870185449358 0.0907258064516129 0.015691868758915834
0 0.5883064516129032 0.16390870185449358 0.1217741935483871 0.015691868758915834
0 0.7086693548387096 0.16390870185449358 0.10120967741935484 0.015691868758915834
0 0.7782258064516129 0.16390870185449358 0.020161290322580645 0.015691868758915834
0 0.16431451612903225 0.18730385164051355 0.059274193548387095 0.015691868758915834
0 0.23608870967741935 0.18730385164051355 0.06169354838709677 0.015691868758915834
0 0.33991935483870966 0.18730385164051355 0.11935483870967742 0.015691868758915834
0 0.4491935483870968 0.18730385164051355 0.0814516129032258 0.015691868758915834
0 0.17419354838709677 0.231811697574893 0.03951612903225806 0.013980028530670471
0 0.2560483870967742 0.2326676176890157 0.10161290322580645 0.015691868758915834
0 0.32661290322580644 0.2326676176890157 0.02661290322580645 0.015691868758915834
0 0.36189516129032256 0.2326676176890157 0.03508064516129032 0.015691868758915834
0 0.4104838709677419 0.2326676176890157 0.0532258064516129 0.015691868758915834
0 0.4534274193548387 0.23352353780313836 0.0375 0.013980028530670471
0 0.5 0.23352353780313836 0.041935483870967745 0.013980028530670471
0 0.20504032258064517 0.2614835948644793 0.031048387096774193 0.013980028530670471
0 0.3919354838709677 0.2614835948644793 0.050806451612903224 0.013980028530670471
0 0.4415322580645161 0.2614835948644793 0.035483870967741936 0.013980028530670471
0 0.48346774193548386 0.2614835948644793 0.035483870967741936 0.013980028530670471
0 0.7330645161290322 0.2614835948644793 0.035483870967741936 0.013980028530670471
0 0.7737903225806452 0.2614835948644793 0.03306451612903226 0.013980028530670471
0 0.20403225806451614 0.28815977175463625 0.03306451612903226 0.014265335235378032
0 0.3905241935483871 0.28815977175463625 0.02217741935483871 0.010841654778887305
0 0.42379032258064514 0.2890156918687589 0.035483870967741936 0.012553495007132667
0 0.4600806451612903 0.2890156918687589 0.041935483870967745 0.012553495007132667
0 0.7340725806451613 0.28815977175463625 0.028629032258064516 0.014265335235378032
0 0.7737903225806452 0.28730385164051353 0.041935483870967745 0.012553495007132667
0 0.2028225806451613 0.31626248216833097 0.06612903225806452 0.013980028530670471
0 0.3929435483870968 0.31626248216833097 0.02217741935483871 0.011126961483594865
0 0.4149193548387097 0.31626248216833097 0.021774193548387097 0.013980028530670471
0 0.4403225806451613 0.31626248216833097 0.020161290322580645 0.011126961483594865
0 0.46673387096774194 0.31626248216833097 0.028629032258064516 0.013980028530670471
0 0.6546370967741936 0.31626248216833097 0.01975806451612903 0.011126961483594865
0 0.6766129032258065 0.31626248216833097 0.020161290322580645 0.011126961483594865
0 0.7308467741935484 0.31626248216833097 0.031048387096774193 0.013980028530670471
0 0.7715725806451613 0.31626248216833097 0.024596774193548387 0.011126961483594865
0 0.8070564516129032 0.31697574893009983 0.046370967741935484 0.012553495007132667
0 0.8477822580645161 0.31554921540656206 0.031048387096774193 0.012553495007132667
0 0.7010080645161291 0.31711840228245364 0.01975806451612903 0.0094151212553495
0 0.2028225806451613 0.3443651925820257 0.06612903225806452 0.014265335235378032
0 0.4314516129032258 0.34507845934379455 0.20080645161290323 0.015691868758915834
0 0.7506048387096774 0.34507845934379455 0.2342741935483871 0.015691868758915834
0 0.12681451612903225 0.39900142653352355 0.024596774193548387 0.013980028530670471
0 0.17540322580645162 0.39900142653352355 0.041935483870967745 0.013980028530670471
0 0.22399193548387097 0.3998573466476462 0.0375 0.015691868758915834
0 0.20403225806451614 0.42182596291012836 0.0814516129032258 0.015691868758915834
0 0.28024193548387094 0.42182596291012836 0.04838709677419355 0.015691868758915834
0 0.3455645161290323 0.42182596291012836 0.05967741935483871 0.015691868758915834
0 0.42600806451612905 0.42182596291012836 0.07943548387096774 0.015691868758915834
0 0.4965725806451613 0.42182596291012836 0.039919354838709675 0.015691868758915834
0 0.6159274193548387 0.42182596291012836 0.11895161290322581 0.015691868758915834
0 0.5375 0.4225392296718973 0.020161290322580645 0.014265335235378032
0 0.1963709677419355 0.44522111269614834 0.062096774193548386 0.015691868758915834
0 0.27358870967741933 0.44522111269614834 0.06169354838709677 0.015691868758915834
0 0.3465725806451613 0.44522111269614834 0.06169354838709677 0.015691868758915834
0 0.4060483870967742 0.44522111269614834 0.03951612903225806 0.015691868758915834
0 0.11471774193548387 0.4905848787446505 0.039919354838709675 0.015691868758915834
0 0.20403225806451614 0.4905848787446505 0.041935483870967745 0.015691868758915834
0 0.3278225806451613 0.4905848787446505 0.1879032258064516 0.015691868758915834
0 0.46673387096774194 0.4905848787446505 0.06411290322580646 0.015691868758915834
0 0.5397177419354838 0.4905848787446505 0.06411290322580646 0.015691868758915834
0 0.6104838709677419 0.4905848787446505 0.05967741935483871 0.015691868758915834
0 0.6953629032258064 0.4905848787446505 0.08830645161290322 0.015691868758915834
0 0.7870967741935484 0.4905848787446505 0.07741935483870968 0.015691868758915834
0 0.16431451612903225 0.4921540656205421 0.015725806451612902 0.012553495007132667
0 0.25383064516129034 0.5131241084165478 0.14153225806451614 0.017403708987161197
0 0.16310483870967743 0.5138373751783167 0.013306451612903225 0.012553495007132667
0 0.16431451612903225 0.5365192582025677 0.015725806451612902 0.013980028530670471
0 0.2030241935483871 0.5358059914407989 0.039919354838709675 0.015406562054208274
0 0.2669354838709677 0.5358059914407989 0.06612903225806452 0.015406562054208274
0 0.33225806451612905 0.5358059914407989 0.024193548387096774 0.015406562054208274
0 0.1997983870967742 0.6951497860199715 0.028629032258064516 0.012268188302425107
0 0.23830645161290323 0.6958630527817403 0.03951612903225806 0.010841654778887305
0 0.35766129032258065 0.6958630527817403 0.02661290322580645 0.010841654778887305
0 0.3963709677419355 0.6958630527817403 0.041935483870967745 0.010841654778887305
0 0.5143145161290322 0.6958630527817403 0.02620967741935484 0.010841654778887305
0 0.5518145161290322 0.6951497860199715 0.039919354838709675 0.012268188302425107
0 0.6645161290322581 0.6958630527817403 0.03951612903225806 0.010841654778887305
0 0.7096774193548387 0.6958630527817403 0.041935483870967745 0.010841654778887305
0 0.8278225806451613 0.6958630527817403 0.02661290322580645 0.010841654778887305
0 0.8665322580645162 0.6958630527817403 0.041935483870967745 0.010841654778887305
0 0.11451612903225807 0.696718972895863 0.02661290322580645 0.00912981455064194
0 0.2558467741935484 0.7178316690442226 0.031048387096774193 0.007988587731811698
0 0.20080645161290323 0.7272467902995721 0.02661290322580645 0.010841654778887305
0 0.2558467741935484 0.7335235378031384 0.039919354838709675 0.010841654778887305
0 0.12016129032258065 0.7544935805991441 0.01532258064516129 0.0094151212553495
0 0.6953629032258064 0.774037089871612 0.03508064516129032 0.010841654778887305
0 0.8741935483870967 0.774037089871612 0.04435483870967742 0.010841654778887305
0 0.5508064516129032 0.7747503566333809 0.02903225806451613 0.0094151212553495
0 0.6600806451612903 0.7747503566333809 0.02661290322580645 0.0094151212553495
0 0.8080645161290323 0.7747503566333809 0.03064516129032258 0.0094151212553495
0 0.8356854838709677 0.7747503566333809 0.015725806451612902 0.0094151212553495
0 0.22620967741935483 0.7912981455064194 0.15241935483870966 0.013980028530670471
0 0.5231854838709677 0.7912981455064194 0.03508064516129032 0.013980028530670471
0 0.1157258064516129 0.7920114122681883 0.03306451612903226 0.012553495007132667
0 0.411491935483871 0.792867332382311 0.0375 0.010841654778887305
0 0.4568548387096774 0.792867332382311 0.04435483870967742 0.010841654778887305
0 0.10907258064516129 0.8084165477888731 0.015725806451612902 0.011126961483594865
0 0.1465725806451613 0.8084165477888731 0.046370967741935484 0.013980028530670471
0 0.2161290322580645 0.8084165477888731 0.0532258064516129 0.013980028530670471
0 0.27580645161290324 0.8084165477888731 0.0532258064516129 0.013980028530670471
0 0.3342741935483871 0.8084165477888731 0.050806451612903224 0.013980028530670471
0 0.388508064516129 0.8084165477888731 0.04395161290322581 0.013980028530670471
0 0.43266129032258066 0.8084165477888731 0.04435483870967742 0.013980028530670471
0 0.5397177419354838 0.8099857346647646 0.059274193548387095 0.010841654778887305
0 0.5850806451612903 0.8099857346647646 0.017741935483870968 0.010841654778887305
0 0.49112903225806454 0.8106990014265335 0.02903225806451613 0.0094151212553495
0 0.11471774193548387 0.8256776034236805 0.031048387096774193 0.014265335235378032
0 0.1566532258064516 0.8256776034236805 0.031048387096774193 0.010841654778887305
0 0.1963709677419355 0.8265335235378032 0.04435483870967742 0.012553495007132667
0 0.23044354838709677 0.8248216833095577 0.028629032258064516 0.012553495007132667
0 0.27580645161290324 0.8256776034236805 0.035483870967741936 0.014265335235378032
0 0.35080645161290325 0.8265335235378032 0.10161290322580645 0.012553495007132667
0 0.463508064516129 0.8256776034236805 0.07943548387096774 0.014265335235378032
0 0.8048387096774193 0.8256776034236805 0.03306451612903226 0.014265335235378032
0 0.5143145161290322 0.827246790299572 0.02620967741935484 0.011126961483594865
0 0.5362903225806451 0.827246790299572 0.017741935483870968 0.011126961483594865
0 0.557258064516129 0.827246790299572 0.024193548387096774 0.011126961483594865
