0 0.42379032258064514 0.07717546362339515 0.062096774193548386 0.013980028530670471
0 0.5717741935483871 0.07717546362339515 0.062096774193548386 0.013980028530670471
0 0.4844758064516129 0.07874465049928674 0.046370967741935484 0.010841654778887305
0 0.5254032258064516 0.07874465049928674 0.017741935483870968 0.010841654778887305
0 0.1344758064516129 0.09514978601997147 0.05282258064516129 0.015691868758915834
0 0.4602822580645161 0.12253922967189729 0.19233870967741937 0.02653352353780314
0 0.6203629032258065 0.12325249643366619 0.03508064516129032 0.02168330955777461
0 0.851008064516129 0.13195435092724678 0.0907258064516129 0.02653352353780314
0 0.16532258064516128 0.1427960057061341 0.04435483870967742 0.007703281027104137
0 0.11915322580645162 0.18587731811697575 0.039919354838709675 0.015691868758915834
0 0.1941532258064516 0.18587731811697575 0.07943548387096774 0.015691868758915834
0 0.12560483870967742 0.20927246790299572 0.05766129032258065 0.015691868758915834
0 0.11915322580645162 0.231811697574893 0.039919354838709675 0.013980028530670471
0 0.20725806451612902 0.2326676176890157 0.10161290322580645 0.015691868758915834
0 0.28588709677419355 0.2326676176890157 0.041935483870967745 0.015691868758915834
0 0.3564516129032258 0.2326676176890157 0.0814516129032258 0.015691868758915834
0 0.42600806451612905 0.2326676176890157 0.039919354838709675 0.015691868758915834
0 0.21491935483870966 0.2616262482168331 0.23629032258064517 0.017118402282453638
0 0.36189516129032256 0.2607703281027104 0.039919354838709675 0.015406562054208274
0 0.44899193548387095 0.2607703281027104 0.046370967741935484 0.015406562054208274
0 0.5076612903225807 0.2630527817403709 0.042741935483870966 0.016547788873038517
0 0.6016129032258064 0.2607703281027104 0.05967741935483871 0.015406562054208274
0 0.6854838709677419 0.2607703281027104 0.0814516129032258 0.015406562054208274
0 0.757258064516129 0.2607703281027104 0.03951612903225806 0.015406562054208274
0 0.8185483870967742 0.262339514978602 0.062096774193548386 0.016833095577746076
0 0.4028225806451613 0.2614835948644793 0.020161290322580645 0.013980028530670471
0 0.5497983870967742 0.2614835948644793 0.02217741935483871 0.013980028530670471
0 0.8830645161290323 0.2614835948644793 0.03951612903225806 0.013980028530670471
0 0.12338709677419354 0.28430813124108417 0.05725806451612903 0.015691868758915834
0 0.21189516129032257 0.28430813124108417 0.09717741935483871 0.015691868758915834
0 0.3002016129032258 0.28430813124108417 0.05766129032258065 0.015691868758915834
0 0.37620967741935485 0.28430813124108417 0.07741935483870968 0.015691868758915834
0 0.45463709677419356 0.28430813124108417 0.05766129032258065 0.015691868758915834
0 0.5120967741935484 0.28430813124108417 0.03951612903225806 0.015691868758915834
0 0.5893145161290323 0.28430813124108417 0.09717741935483871 0.015691868758915834
0 0.6810483870967742 0.28430813124108417 0.06370967741935483 0.015691868758915834
0 0.18528225806451612 0.30699001426533523 0.07943548387096774 0.017118402282453638
0 0.2780241935483871 0.30699001426533523 0.04395161290322581 0.017118402282453638
0 0.40161290322580645 0.30699001426533523 0.19435483870967743 0.017118402282453638
0 0.12358870967741936 0.30841654778887306 0.013306451612903225 0.010841654778887305
0 0.18528225806451612 0.32952924393723254 0.07943548387096774 0.015406562054208274
0 0.12237903225806451 0.3302425106990014 0.01975806451612903 0.013980028530670471
0 0.14778225806451614 0.3522111269614836 0.02620967741935484 0.013980028530670471
0 0.3100806451612903 0.3522111269614836 0.050806451612903224 0.013980028530670471
0 0.36088709677419356 0.35306704707560627 0.03306451612903226 0.015691868758915834
0 0.42278225806451614 0.35306704707560627 0.07298387096774193 0.015691868758915834
0 0.4866935483870968 0.3522111269614836 0.041935483870967745 0.013980028530670471
0 0.536491935483871 0.35306704707560627 0.039919354838709675 0.015691868758915834
0 0.1840725806451613 0.3537803138373752 0.01975806451612903 0.014265335235378032
0 0.24596774193548387 0.3529243937232525 0.020161290322580645 0.012553495007132667
0 0.32560483870967744 0.3756062767475036 0.08185483870967741 0.017403708987161197
0 0.15 0.3756062767475036 0.03064516129032258 0.013980028530670471
0 0.1840725806451613 0.3756062767475036 0.01975806451612903 0.013980028530670471
0 0.24495967741935484 0.3756062767475036 0.02217741935483871 0.013980028530670471
0 0.15 0.39828815977175464 0.03064516129032258 0.015406562054208274
0 0.18528225806451612 0.39828815977175464 0.02217741935483871 0.015406562054208274
0 0.24818548387096775 0.39828815977175464 0.024596774193548387 0.012553495007132667
0 0.34758064516129034 0.39828815977175464 0.12580645161290321 0.015406562054208274
0 0.42701612903225805 0.39828815977175464 0.024193548387096774 0.015406562054208274
0 0.45907258064516127 0.39828815977175464 0.031048387096774193 0.015406562054208274
0 0.12459677419354839 0.4209700427960057 0.024193548387096774 0.013980028530670471
0 0.16532258064516128 0.4209700427960057 0.04435483870967742 0.013980028530670471
0 0.22620967741935483 0.4216833095577746 0.041935483870967745 0.012553495007132667
0 0.2846774193548387 0.42182596291012836 0.062096774193548386 0.015691868758915834
0 0.1840725806451613 0.443509272467903 0.08185483870967741 0.015691868758915834
0 0.33548387096774196 0.443509272467903 0.16370967741935483 0.015691868758915834
0 0.12237903225806451 0.44365192582025675 0.01975806451612903 0.012553495007132667
0 0.12137096774193548 0.46633380884450787 0.017741935483870968 0.013980028530670471
0 0.18649193548387097 0.46704707560627673 0.08185483870967741 0.015406562054208274
0 0.30786290322580645 0.46704707560627673 0.09959677419354838 0.015406562054208274
0 0.4846774193548387 0.46704707560627673 0.22741935483870968 0.015406562054208274
0 0.6536290322580646 0.46704707560627673 0.08387096774193549 0.015406562054208274
0 0.7483870967741936 0.46704707560627673 0.08387096774193549 0.015406562054208274
0 0.8497983870967742 0.46704707560627673 0.09717741935483871 0.015406562054208274
0 0.23931451612903226 0.4897289586305278 0.19233870967741937 0.017403708987161197
0 0.3685483870967742 0.4897289586305278 0.021774193548387097 0.013980028530670471
0 0.8036290322580645 0.8061340941512125 0.021774193548387097 0.0094151212553495
0 0.8354838709677419 0.8061340941512125 0.03306451612903226 0.0094151212553495
0 0.8643145161290322 0.8061340941512125 0.015725806451612902 0.0094151212553495
0 0.8897177419354839 0.8061340941512125 0.017338709677419354 0.0094151212553495
0 0.12459677419354839 0.8131241084165478 0.041935483870967745 0.010841654778887305
0 0.32883064516129035 0.8131241084165478 0.05766129032258065 0.010841654778887305
0 0.5286290322580646 0.8131241084165478 0.05967741935483871 0.014265335235378032
0 0.722983870967742 0.8122681883024251 0.041935483870967745 0.012553495007132667
0 0.411491935483871 0.8194008559201141 0.046370967741935484 0.014265335235378032
0 0.8125 0.8194008559201141 0.04435483870967742 0.014265335235378032
0 0.21169354838709678 0.8202567760342367 0.04435483870967742 0.012553495007132667
0 0.6137096774193549 0.8209700427960057 0.04435483870967742 0.011126961483594865
0 0.12439516129032258 0.8427960057061341 0.046370967741935484 0.010841654778887305
0 0.17883064516129032 0.869472182596291 0.07943548387096774 0.013980028530670471
0 0.1157258064516129 0.8710413694721826 0.02903225806451613 0.010841654778887305
0 0.24495967741935484 0.8710413694721826 0.05282258064516129 0.010841654778887305
0 0.5165322580645161 0.8701854493580599 0.03064516129032258 0.012553495007132667
0 0.10907258064516129 0.8990014265335236 0.010887096774193548 0.010841654778887305
0 0.14899193548387096 0.8982881597717546 0.046370967741935484 0.012268188302425107
0 0.23608870967741935 0.8982881597717546 0.06169354838709677 0.012268188302425107
0 0.2967741935483871 0.8991440798858773 0.050806451612903224 0.013980028530670471
0 0.3487903225806452 0.8991440798858773 0.04838709677419355 0.013980028530670471
0 0.4038306451612903 0.8990014265335236 0.04395161290322581 0.010841654778887305
0 0.5 0.8991440798858773 0.07741935483870968 0.013980028530670471
0 0.44475806451612904 0.8998573466476462 0.024193548387096774 0.00912981455064194
0 0.7566532258064516 0.9017118402282454 0.0407258064516129 0.009985734664764621
0 0.6655241935483871 0.9005706134094151 0.0375 0.007703281027104137
0 0.7076612903225806 0.9014265335235377 0.050806451612903224 0.0094151212553495
0 0.12338709677419354 0.9271041369472183 0.04838709677419355 0.013980028530670471
0 0.3377016129032258 0.9279600570613409 0.06169354838709677 0.012268188302425107
0 0.757258064516129 0.9271041369472183 0.04838709677419355 0.013980028530670471
0 0.15423387096774194 0.9279600570613409 0.013306451612903225 0.0094151212553495
0 0.20745967741935484 0.9279600570613409 0.07056451612903226 0.0094151212553495
0 0.26149193548387095 0.9279600570613409 0.0375 0.0094151212553495
0 0.4324596774193548 0.9279600570613409 0.1060483870967742 0.0094151212553495
0 0.5717741935483871 0.9286733238231099 0.09274193548387097 0.010841654778887305
0 0.630241935483871 0.9279600570613409 0.01532258064516129 0.0094151212553495
0 0.8036290322580645 0.9279600570613409 0.03064516129032258 0.012268188302425107
0 0.425 0.9529243937232524 0.05967741935483871 0.012553495007132667
0 0.4844758064516129 0.9522111269614836 0.046370967741935484 0.011126961483594865
0 0.5243951612903226 0.9522111269614836 0.01975806451612903 0.013980028530670471
0 0.572983870967742 0.9522111269614836 0.05967741935483871 0.013980028530670471
