0 0.3497983870967742 0.07717546362339515 0.06411290322580646 0.013980028530670471
0 0.41169354838709676 0.07717546362339515 0.050806451612903224 0.013980028530670471
0 0.4558467741935484 0.07717546362339515 0.0375 0.013980028530670471
0 0.5064516129032258 0.07646219686162625 0.050806451612903224 0.012553495007132667
0 0.553024193548387 0.07717546362339515 0.028629032258064516 0.011126961483594865
0 0.5981854838709677 0.07717546362339515 0.04395161290322581 0.011126961483594865
0 0.6512096774193549 0.07717546362339515 0.04838709677419355 0.013980028530670471
0 0.12237903225806451 0.0964336661911555 0.027822580645161292 0.011412268188302425
0 0.49899193548387094 0.12168330955777461 0.2737903225806452 0.0282453637660485
0 0.12016129032258065 0.1841654778887304 0.03790322580645161 0.015691868758915834
0 0.20524193548387096 0.1841654778887304 0.10161290322580645 0.015691868758915834
0 0.13004032258064516 0.20770328102710414 0.04879032258064516 0.015406562054208274
0 0.11915322580645162 0.2303851640513552 0.039919354838709675 0.013980028530670471
0 0.17540322580645162 0.23109843081312412 0.041935483870967745 0.015406562054208274
0 0.24596774193548387 0.23109843081312412 0.0814516129032258 0.015406562054208274
0 0.3377016129032258 0.23109843081312412 0.07943548387096774 0.015406562054208274
0 0.40725806451612906 0.23109843081312412 0.041935483870967745 0.015406562054208274
0 0.4578629032258065 0.23109843081312412 0.0375 0.015406562054208274
0 0.14556451612903226 0.2670470756062767 0.03951612903225806 0.015406562054208274
0 0.2161290322580645 0.2670470756062767 0.075 0.015406562054208274
0 0.3122983870967742 0.2670470756062767 0.09475806451612903 0.015406562054208274
0 0.3961693548387097 0.2670470756062767 0.059274193548387095 0.015406562054208274
0 0.45241935483870965 0.2670470756062767 0.03951612903225806 0.015406562054208274
0 0.51875 0.2670470756062767 0.07540322580645162 0.015406562054208274
0 0.6159274193548387 0.2670470756062767 0.09717741935483871 0.015406562054208274
0 0.7639112903225806 0.2670470756062767 0.1810483870967742 0.015406562054208274
0 0.8830645161290323 0.2670470756062767 0.03951612903225806 0.015406562054208274
0 0.10463709677419354 0.26790299572039944 0.015725806451612902 0.010841654778887305
0 0.23266129032258065 0.2888730385164051 0.08629032258064516 0.015691868758915834
0 0.4324596774193548 0.28972895863052783 0.07943548387096774 0.017403708987161197
0 0.1532258064516129 0.28972895863052783 0.05967741935483871 0.013980028530670471
0 0.3211693548387097 0.2905848787446505 0.07298387096774193 0.015691868758915834
0 0.37641129032258064 0.28972895863052783 0.01975806451612903 0.013980028530670471
0 0.5098790322580645 0.2905848787446505 0.05766129032258065 0.015691868758915834
0 0.5860887096774193 0.2905848787446505 0.08185483870967741 0.015691868758915834
0 0.18629032258064515 0.3131241084165478 0.041935483870967745 0.017403708987161197
0 0.23951612903225805 0.3122681883024251 0.050806451612903224 0.015691868758915834
0 0.3022177419354839 0.3122681883024251 0.06169354838709677 0.015691868758915834
0 0.38326612903225804 0.3118402282453638 0.08185483870967741 0.015406562054208274
0 0.47661290322580646 0.3131241084165478 0.08387096774193549 0.017403708987161197
0 0.648991935483871 0.3122681883024251 0.04395161290322581 0.015691868758915834
0 0.6975806451612904 0.3122681883024251 0.03951612903225806 0.015691868758915834
0 0.759475806451613 0.3122681883024251 0.06653225806451613 0.015691868758915834
0 0.5375 0.3131241084165478 0.020161290322580645 0.013980028530670471
0 0.5872983870967742 0.3124108416547789 0.06169354838709677 0.012553495007132667
0 0.14455645161290323 0.3131241084165478 0.01975806451612903 0.007703281027104137
0 0.15766129032258064 0.3583452211126961 0.06370967741935483 0.017118402282453638
0 0.2526209677419355 0.35763195435092726 0.09959677419354838 0.015691868758915834
0 0.3342741935483871 0.3583452211126961 0.041935483870967745 0.017118402282453638
0 0.42923387096774196 0.3583452211126961 0.13024193548387097 0.017118402282453638
0 0.5518145161290322 0.35763195435092726 0.08830645161290322 0.015691868758915834
0 0.6502016129032258 0.35763195435092726 0.08588709677419355 0.015691868758915834
0 0.775 0.3583452211126961 0.14112903225806453 0.017118402282453638
0 0.8796370967741935 0.3583452211126961 0.046370967741935484 0.017118402282453638
0 0.1034274193548387 0.35920114122681884 0.013306451612903225 0.012553495007132667
0 0.14677419354838708 0.38102710413694724 0.041935483870967745 0.015691868758915834
0 0.20625 0.38102710413694724 0.059274193548387095 0.015691868758915834
0 0.2881048387096774 0.38102710413694724 0.08185483870967741 0.015691868758915834
0 0.3774193548387097 0.38102710413694724 0.07983870967741935 0.015691868758915834
0 0.4778225806451613 0.38102710413694724 0.09919354838709678 0.015691868758915834
0 0.5806451612903226 0.38102710413694724 0.08387096774193549 0.015691868758915834
0 0.4526209677419355 0.42639087018544936 0.07943548387096774 0.015691868758915834
0 0.5463709677419355 0.42639087018544936 0.0814516129032258 0.015691868758915834
0 0.12903225806451613 0.450641940085592 0.03306451612903226 0.013980028530670471
0 0.20967741935483872 0.450641940085592 0.05725806451612903 0.013980028530670471
0 0.4657258064516129 0.45149786019971466 0.06612903225806452 0.015691868758915834
0 0.7352822580645161 0.450641940085592 0.08830645161290322 0.013980028530670471
0 0.8487903225806451 0.45149786019971466 0.06854838709677419 0.015691868758915834
0 0.12883064516129034 0.4881597717546362 0.0375 0.014265335235378032
0 0.2183467741935484 0.48901569186875893 0.013306451612903225 0.012553495007132667
0 0.276008064516129 0.48901569186875893 0.013306451612903225 0.012553495007132667
0 0.3155241935483871 0.4881597717546362 0.05282258064516129 0.014265335235378032
0 0.37298387096774194 0.48901569186875893 0.04838709677419355 0.012553495007132667
0 0.4161290322580645 0.4881597717546362 0.03306451612903226 0.014265335235378032
0 0.7352822580645161 0.4881597717546362 0.07943548387096774 0.014265335235378032
0 0.833266129032258 0.4881597717546362 0.05524193548387097 0.014265335235378032
0 0.8754032258064516 0.4881597717546362 0.03306451612903226 0.014265335235378032
0 0.20080645161290323 0.4888730385164051 0.017741935483870968 0.0094151212553495
0 0.24314516129032257 0.5671897289586305 0.07983870967741935 0.016547788873038517
0 0.11895161290322581 0.5686162624821683 0.04838709677419355 0.015406562054208274
0 0.1719758064516129 0.5686162624821683 0.039919354838709675 0.015406562054208274
0 0.3233870967741935 0.5686162624821683 0.05967741935483871 0.015406562054208274
0 0.38064516129032255 0.5686162624821683 0.03306451612903226 0.015406562054208274
0 0.4338709677419355 0.5686162624821683 0.024193548387096774 0.015406562054208274
0 0.5120967741935484 0.7216833095577746 0.22983870967741934 0.021968616262482168
0 0.6125 0.8061340941512125 0.03306451612903226 0.0094151212553495
0 0.6435483870967742 0.8061340941512125 0.020161290322580645 0.0094151212553495
0 0.6645161290322581 0.8061340941512125 0.017741935483870968 0.0094151212553495
0 0.12338709677419354 0.8131241084165478 0.04435483870967742 0.010841654778887305
0 0.3431451612903226 0.8122681883024251 0.08629032258064516 0.012553495007132667
0 0.5375 0.8122681883024251 0.07258064516129033 0.012553495007132667
0 0.41391129032258067 0.8202567760342367 0.046370967741935484 0.012553495007132667
0 0.21068548387096775 0.8202567760342367 0.046370967741935484 0.012553495007132667
0 0.6127016129032258 0.8202567760342367 0.046370967741935484 0.012553495007132667
0 0.12439516129032258 0.8427960057061341 0.046370967741935484 0.010841654778887305
0 0.1842741935483871 0.869472182596291 0.08629032258064516 0.013980028530670471
0 0.1157258064516129 0.8710413694721826 0.02903225806451613 0.010841654778887305
0 0.2506048387096774 0.8710413694721826 0.046370967741935484 0.010841654778887305
0 0.5165322580645161 0.8701854493580599 0.03064516129032258 0.012553495007132667
0 0.11028225806451612 0.8990014265335236 0.013306451612903225 0.010841654778887305
0 0.15100806451612903 0.8990014265335236 0.046370967741935484 0.010841654778887305
0 0.2439516129032258 0.8991440798858773 0.07741935483870968 0.013980028530670471
0 0.3056451612903226 0.8990014265335236 0.03306451612903226 0.010841654778887305
0 0.3487903225806452 0.8991440798858773 0.04838709677419355 0.013980028530670471
0 0.4469758064516129 0.8991440798858773 0.059274193548387095 0.013980028530670471
0 0.3971774193548387 0.8998573466476462 0.035483870967741936 0.00912981455064194
0 0.6877016129032258 0.8998573466476462 0.08185483870967741 0.00912981455064194
0 0.7639112903225806 0.9007132667617689 0.06653225806451613 0.010841654778887305
0 0.8046370967741936 0.9014265335235377 0.01975806451612903 0.0094151212553495
0 0.8256048387096774 0.8998573466476462 0.013306451612903225 0.006276747503566334
0 0.12237903225806451 0.9271041369472183 0.046370967741935484 0.013980028530670471
0 0.3377016129032258 0.9279600570613409 0.06169354838709677 0.012268188302425107
0 0.776008064516129 0.9271041369472183 0.08185483870967741 0.013980028530670471
0 0.15423387096774194 0.9286733238231099 0.013306451612903225 0.010841654778887305
0 0.22620967741935483 0.9286733238231099 0.10806451612903226 0.010841654778887305
0 0.43366935483870966 0.9286733238231099 0.10846774193548388 0.010841654778887305
0 0.5760080645161291 0.9286733238231099 0.1060483870967742 0.010841654778887305
0 0.6413306451612903 0.9288159771754636 0.015725806451612902 0.007703281027104137
0 0.23830645161290323 0.9529243937232524 0.04435483870967742 0.012553495007132667
0 0.29254032258064516 0.9522111269614836 0.046370967741935484 0.011126961483594865
0 0.33649193548387096 0.9522111269614836 0.0375 0.013980028530670471
0 0.38064516129032255 0.9522111269614836 0.03306451612903226 0.011126961483594865
0 0.4215725806451613 0.9529243937232524 0.031048387096774193 0.012553495007132667
0 0.4657258064516129 0.9522111269614836 0.04838709677419355 0.013980028530670471
0 0.5153225806451613 0.9522111269614836 0.03306451612903226 0.013980028530670471
0 0.5540322580645162 0.9529243937232524 0.03064516129032258 0.012553495007132667
0 0.5991935483870968 0.9522111269614836 0.050806451612903224 0.013980028530670471
0 0.6721774193548387 0.9522111269614836 0.07741935483870968 0.013980028530670471
0 0.7528225806451613 0.9522111269614836 0.06612903225806452 0.011126961483594865
