0 0.5768145161290322 0.07722998005129666 0.06169354838709677 0.014249073810202337
0 0.419758064516129 0.07879737817041893 0.04435483870967742 0.011114277571957824
0 0.4629032258064516 0.07879737817041893 0.03306451612903226 0.011114277571957824
0 0.511491935483871 0.07808492447990881 0.06411290322580646 0.012539184952978058
0 0.844758064516129 0.11855229410088344 0.0717741935483871 0.03305785123966942
0 0.5004032258064516 0.12097463664861785 0.21451612903225806 0.026503277286976348
0 0.8754032258064516 0.1420632658877173 0.035483870967741936 0.0219435736677116
0 0.14455645161290323 0.1444856084354517 0.0907258064516129 0.017098888572242805
0 0.11915322580645162 0.18509546879452837 0.039919354838709675 0.01396409233399829
0 0.19657258064516128 0.18580792248503847 0.07943548387096774 0.015388999715018524
0 0.12681451612903225 0.2084639498432602 0.05524193548387097 0.017383870048446853
0 0.24637096774193548 0.23197492163009406 0.08629032258064516 0.017098888572242805
0 0.3314516129032258 0.23197492163009406 0.08387096774193549 0.017098888572242805
0 0.3987903225806452 0.23197492163009406 0.041935483870967745 0.017098888572242805
0 0.11915322580645162 0.23183243089199204 0.039919354838709675 0.01396409233399829
0 0.17661290322580644 0.23183243089199204 0.03951612903225806 0.01396409233399829
0 0.44637096774193546 0.23183243089199204 0.03951612903225806 0.01396409233399829
0 0.1778225806451613 0.26318039327443715 0.10403225806451613 0.017383870048446853
0 0.24536290322580645 0.26318039327443715 0.02217741935483871 0.017383870048446853
0 0.28608870967741934 0.26232544884582504 0.04233870967741935 0.015673981191222573
0 0.3756048387096774 0.26232544884582504 0.06169354838709677 0.015673981191222573
0 0.43870967741935485 0.26232544884582504 0.041935483870967745 0.015673981191222573
0 0.48608870967741935 0.26232544884582504 0.039919354838709675 0.015673981191222573
0 0.563508064516129 0.26232544884582504 0.09314516129032258 0.015673981191222573
0 0.6542338709677419 0.26232544884582504 0.08830645161290322 0.015673981191222573
0 0.7612903225806451 0.26232544884582504 0.10403225806451613 0.015673981191222573
0 0.10383064516129033 0.26318039327443715 0.013306451612903225 0.011114277571957824
0 0.3270161290322581 0.26318039327443715 0.021774193548387097 0.01396409233399829
0 0.17903225806451614 0.3084924479908806 0.10161290322580645 0.017383870048446853
0 0.2518145161290323 0.3076375035622685 0.02217741935483871 0.015673981191222573
0 0.31471774193548385 0.3084924479908806 0.08185483870967741 0.017383870048446853
0 0.38991935483870965 0.3076375035622685 0.041935483870967745 0.015673981191222573
0 0.4407258064516129 0.3076375035622685 0.041935483870967745 0.015673981191222573
0 0.5171370967741935 0.3076375035622685 0.0842741935483871 0.015673981191222573
0 0.5901209677419355 0.3076375035622685 0.04395161290322581 0.015673981191222573
0 0.6631048387096774 0.3084924479908806 0.07943548387096774 0.017383870048446853
0 0.7360887096774194 0.3076375035622685 0.039919354838709675 0.015673981191222573
0 0.8002016129032258 0.3076375035622685 0.06169354838709677 0.015673981191222573
0 0.873991935483871 0.3084924479908806 0.06411290322580646 0.017383870048446853
0 0.10383064516129033 0.3092049016813907 0.013306451612903225 0.012539184952978058
0 0.14576612903225805 0.3302935309204902 0.039919354838709675 0.017098888572242805
0 0.22963709677419356 0.3302935309204902 0.1060483870967742 0.017098888572242805
0 0.11471774193548387 0.37560558563693364 0.039919354838709675 0.017098888572242805
0 0.2772177419354839 0.37560558563693364 0.08185483870967741 0.017098888572242805
0 0.3467741935483871 0.3748931319464235 0.04435483870967742 0.015673981191222573
0 0.41754032258064516 0.37560558563693364 0.07943548387096774 0.017098888572242805
0 0.5282258064516129 0.37560558563693364 0.11935483870967742 0.017098888572242805
0 0.16330645161290322 0.37560558563693364 0.017741935483870968 0.014249073810202337
0 0.20443548387096774 0.37560558563693364 0.041935483870967745 0.014249073810202337
0 0.2252016129032258 0.39911655742376745 0.07943548387096774 0.017383870048446853
0 0.29616935483870965 0.39911655742376745 0.039919354838709675 0.017383870048446853
0 0.3756048387096774 0.39911655742376745 0.10201612903225807 0.017383870048446853
0 0.5346774193548387 0.39911655742376745 0.13709677419354838 0.017383870048446853
0 0.16451612903225807 0.3999715018523796 0.020161290322580645 0.015673981191222573
0 0.4485887096774194 0.39911655742376745 0.02217741935483871 0.01396409233399829
0 0.6409274193548387 0.3999715018523796 0.02620967741935484 0.015673981191222573
0 0.8189516129032258 0.8077799943003705 0.041935483870967745 0.009404388714733543
0 0.8485887096774194 0.8077799943003705 0.02217741935483871 0.009404388714733543
0 0.11814516129032258 0.8146195497292676 0.041935483870967745 0.01396409233399829
0 0.31028225806451615 0.8154744941578798 0.028629032258064516 0.01225420347677401
0 0.5127016129032258 0.8161869478483899 0.031048387096774193 0.010829296095753777
0 0.7205645161290323 0.8161869478483899 0.02661290322580645 0.010829296095753777
0 0.20443548387096774 0.8225990310629809 0.041935483870967745 0.01396409233399829
0 0.4032258064516129 0.8217440866343688 0.041935483870967745 0.01225420347677401
0 0.6133064516129032 0.823311484753491 0.041935483870967745 0.012539184952978058
0 0.8145161290322581 0.8225990310629809 0.041935483870967745 0.01396409233399829
0 0.12036290322580645 0.8444001139925905 0.046370967741935484 0.010829296095753777
0 0.10483870967741936 0.8716158449700769 0.01532258064516129 0.009404388714733543
0 0.12036290322580645 0.8724707893986892 0.015725806451612902 0.011114277571957824
0 0.1657258064516129 0.8724707893986892 0.0532258064516129 0.011114277571957824
0 0.21108870967741936 0.8724707893986892 0.0375 0.011114277571957824
0 0.510483870967742 0.8724707893986892 0.03064516129032258 0.01396409233399829
0 0.23951612903225805 0.8928469649472784 0.07741935483870968 0.014249073810202337
0 0.2981854838709677 0.8928469649472784 0.031048387096774193 0.014249073810202337
0 0.3844758064516129 0.8928469649472784 0.13266129032258064 0.014249073810202337
0 0.5379032258064516 0.8944143630664008 0.10887096774193548 0.014534055286406384
0 0.46733870967741936 0.8944143630664008 0.020161290322580645 0.011114277571957824
0 0.615524193548387 0.8944143630664008 0.04233870967741935 0.01396409233399829
0 0.10584677419354839 0.9006839555428897 0.013306451612903225 0.011114277571957824
0 0.14576612903225805 0.902251353662012 0.04395161290322581 0.010829296095753777
0 0.691733870967742 0.902251353662012 0.07943548387096774 0.010829296095753777
0 0.8100806451612903 0.9015388999715019 0.01532258064516129 0.009404388714733543
0 0.7548387096774194 0.9029638073525221 0.041935483870967745 0.009404388714733543
0 0.7901209677419355 0.9029638073525221 0.01975806451612903 0.009404388714733543
0 0.21310483870967742 0.9085209461385011 0.01975806451612903 0.010829296095753777
0 0.12036290322580645 0.9296095753776005 0.046370967741935484 0.012539184952978058
0 0.3326612903225806 0.9296095753776005 0.05967741935483871 0.012539184952978058
0 0.7824596774193548 0.9287546309489884 0.0842741935483871 0.014249073810202337
0 0.1502016129032258 0.9303220290681106 0.013306451612903225 0.011114277571957824
0 0.2032258064516129 0.9303220290681106 0.07096774193548387 0.011114277571957824
0 0.2574596774193548 0.9303220290681106 0.0375 0.011114277571957824
0 0.4088709677419355 0.9303220290681106 0.07096774193548387 0.011114277571957824
0 0.46310483870967745 0.9303220290681106 0.0375 0.011114277571957824
0 0.5856854838709677 0.9303220290681106 0.12379032258064517 0.011114277571957824
0 0.6574596774193548 0.9311769734967228 0.015725806451612902 0.009404388714733543
0 0.3800403225806452 0.9554003989740667 0.04879032258064516 0.01396409233399829
0 0.4221774193548387 0.9554003989740667 0.035483870967741936 0.01396409233399829
0 0.47076612903225806 0.9554003989740667 0.04879032258064516 0.01396409233399829
0 0.50625 0.9552579082359647 0.013306451612903225 0.010829296095753777
0 0.5370967741935484 0.9552579082359647 0.04435483870967742 0.010829296095753777
0 0.6022177419354838 0.9554003989740667 0.08185483870967741 0.01396409233399829
