0 0.5330645161290323 0.07717546362339515 0.050806451612903224 0.013980028530670471
0 0.5816532258064516 0.07788873038516406 0.0375 0.012553495007132667
0 0.4415322580645161 0.07874465049928674 0.08387096774193549 0.010841654778887305
0 0.4967741935483871 0.07803138373751783 0.017741935483870968 0.0094151212553495
0 0.1344758064516129 0.09514978601997147 0.05282258064516129 0.015691868758915834
0 0.83125 0.1115549215406562 0.01975806451612903 0.00456490727532097
0 0.8556451612903225 0.1115549215406562 0.024193548387096774 0.00456490727532097
0 0.3786290322580645 0.1209700427960057 0.03306451612903226 0.020542082738944364
0 0.5165322580645161 0.12168330955777461 0.06612903225806452 0.021968616262482168
0 0.6193548387096774 0.12168330955777461 0.03306451612903226 0.021968616262482168
0 0.8709677419354839 0.12710413694721825 0.05967741935483871 0.020256776034236805
0 0.11915322580645162 0.18273894436519258 0.039919354838709675 0.015691868758915834
0 0.2945564516129032 0.18273894436519258 0.2762096774193548 0.015691868758915834
0 0.12560483870967742 0.20613409415121256 0.05766129032258065 0.015691868758915834
0 0.19516129032258064 0.22881597717546362 0.0814516129032258 0.017118402282453638
0 0.34415322580645163 0.22881597717546362 0.19879032258064516 0.017118402282453638
0 0.11915322580645162 0.22867332382310984 0.039919354838709675 0.013980028530670471
0 0.1786290322580645 0.25848787446504995 0.11451612903225807 0.017118402282453638
0 0.3199596774193548 0.25777460770328103 0.1681451612903226 0.015691868758915834
0 0.42923387096774196 0.25777460770328103 0.05524193548387097 0.015691868758915834
0 0.5175403225806452 0.25777460770328103 0.10362903225806451 0.015691868758915834
0 0.1034274193548387 0.25848787446504995 0.013306451612903225 0.010841654778887305
0 0.7453629032258065 0.28017118402282454 0.18346774193548387 0.017118402282453638
0 0.17096774193548386 0.281169757489301 0.0814516129032258 0.015691868758915834
0 0.2284274193548387 0.281169757489301 0.01975806451612903 0.015691868758915834
0 0.29778225806451614 0.281169757489301 0.09717741935483871 0.015691868758915834
0 0.3929435483870968 0.281169757489301 0.06169354838709677 0.015691868758915834
0 0.4425403225806452 0.281169757489301 0.01975806451612903 0.015691868758915834
0 0.5088709677419355 0.281169757489301 0.09516129032258064 0.015691868758915834
0 0.5993951612903226 0.2803138373751783 0.06411290322580646 0.013980028530670471
0 0.8774193548387097 0.2803138373751783 0.050806451612903224 0.013980028530670471
0 0.1034274193548387 0.2827389443651926 0.013306451612903225 0.012553495007132667
0 0.2306451612903226 0.30385164051355207 0.05967741935483871 0.017118402282453638
0 0.2879032258064516 0.30385164051355207 0.041935483870967745 0.017118402282453638
0 0.3455645161290323 0.30385164051355207 0.05967741935483871 0.017118402282453638
0 0.40181451612903224 0.30385164051355207 0.039919354838709675 0.017118402282453638
0 0.4756048387096774 0.30385164051355207 0.09475806451612903 0.017118402282453638
0 0.5816532258064516 0.30385164051355207 0.09475806451612903 0.017118402282453638
0 0.6645161290322581 0.30385164051355207 0.05725806451612903 0.017118402282453638
0 0.7407258064516129 0.3029957203994294 0.07741935483870968 0.015406562054208274
0 0.8290322580645161 0.30385164051355207 0.0814516129032258 0.017118402282453638
0 0.13568548387096774 0.30370898716119826 0.01975806451612903 0.013980028530670471
0 0.17419354838709677 0.30370898716119826 0.03951612903225806 0.013980028530670471
0 0.18306451612903227 0.32724679029957204 0.12338709677419354 0.017118402282453638
0 0.3310483870967742 0.32724679029957204 0.11935483870967742 0.017118402282453638
0 0.4171370967741935 0.3263908701854494 0.031048387096774193 0.015406562054208274
0 0.1034274193548387 0.32796005706134096 0.013306451612903225 0.012268188302425107
0 0.11471774193548387 0.37261055634807416 0.039919354838709675 0.017118402282453638
0 0.19516129032258064 0.37261055634807416 0.0814516129032258 0.017118402282453638
0 0.2846774193548387 0.37261055634807416 0.07983870967741935 0.017118402282453638
0 0.3530241935483871 0.37261055634807416 0.039919354838709675 0.017118402282453638
0 0.40725806451612906 0.3724679029957204 0.024193548387096774 0.013980028530670471
0 0.4689516129032258 0.6942938659058487 0.06854838709677419 0.020256776034236805
0 0.5419354838709678 0.6942938659058487 0.06854838709677419 0.020256776034236805
0 0.12116935483870968 0.7834522111269615 0.04395161290322581 0.014265335235378032
0 0.3431451612903226 0.7850213980028531 0.08629032258064516 0.011126961483594865
0 0.5310483870967742 0.7850213980028531 0.05967741935483871 0.011126961483594865
0 0.7441532258064516 0.7843081312410841 0.08830645161290322 0.012553495007132667
0 0.2127016129032258 0.7912981455064194 0.046370967741935484 0.013980028530670471
0 0.411491935483871 0.7912981455064194 0.046370967741935484 0.013980028530670471
0 0.6127016129032258 0.7912981455064194 0.046370967741935484 0.013980028530670471
0 0.8125 0.7912981455064194 0.04838709677419355 0.013980028530670471
0 0.20181451612903226 0.8061340941512125 0.024596774193548387 0.0094151212553495
0 0.23387096774193547 0.8061340941512125 0.03064516129032258 0.0094151212553495
0 0.26491935483870965 0.8061340941512125 0.017741935483870968 0.0094151212553495
0 0.28689516129032255 0.8061340941512125 0.017338709677419354 0.0094151212553495
0 0.12116935483870968 0.8122681883024251 0.04395161290322581 0.012553495007132667
0 0.21068548387096775 0.8202567760342367 0.046370967741935484 0.012553495007132667
0 0.12439516129032258 0.8427960057061341 0.046370967741935484 0.010841654778887305
0 0.11471774193548387 0.8701854493580599 0.031048387096774193 0.012553495007132667
0 0.19193548387096773 0.8710413694721826 0.10161290322580645 0.010841654778887305
0 0.5175403225806452 0.8710413694721826 0.028629032258064516 0.010841654778887305
0 0.10907258064516129 0.8990014265335236 0.010887096774193548 0.010841654778887305
0 0.14899193548387096 0.8982881597717546 0.046370967741935484 0.012268188302425107
0 0.23608870967741935 0.8991440798858773 0.06169354838709677 0.013980028530670471
0 0.2957661290322581 0.8991440798858773 0.04879032258064516 0.013980028530670471
0 0.6877016129032258 0.8998573466476462 0.08185483870967741 0.00912981455064194
0 0.7639112903225806 0.9014265335235377 0.06653225806451613 0.0094151212553495
0 0.8122983870967742 0.9014265335235377 0.02217741935483871 0.0094151212553495
0 0.8334677419354839 0.9005706134094151 0.01532258064516129 0.007703281027104137
0 0.12237903225806451 0.9271041369472183 0.046370967741935484 0.013980028530670471
0 0.3377016129032258 0.9279600570613409 0.06169354838709677 0.012268188302425107
0 0.7590725806451613 0.9263908701854493 0.04717741935483871 0.011982881597717546
0 0.15423387096774194 0.9279600570613409 0.013306451612903225 0.0094151212553495
0 0.22620967741935483 0.9279600570613409 0.10806451612903226 0.0094151212553495
0 0.4324596774193548 0.9279600570613409 0.1060483870967742 0.0094151212553495
0 0.5705645161290323 0.9286733238231099 0.09032258064516129 0.010841654778887305
0 0.6280241935483871 0.9279600570613409 0.015725806451612902 0.0094151212553495
0 0.8046370967741936 0.9286733238231099 0.028629032258064516 0.010841654778887305
0 0.2306451612903226 0.9522111269614836 0.05967741935483871 0.011126961483594865
0 0.3133064516129032 0.9522111269614836 0.09274193548387097 0.013980028530670471
0 0.40625 0.9529243937232524 0.06169354838709677 0.012553495007132667
0 0.4657258064516129 0.9522111269614836 0.04838709677419355 0.013980028530670471
0 0.5308467741935484 0.9522111269614836 0.06411290322580646 0.013980028530670471
0 0.5959677419354839 0.9522111269614836 0.04838709677419355 0.013980028530670471
0 0.6477822580645162 0.9522111269614836 0.046370967741935484 0.013980028530670471
0 0.6943548387096774 0.9522111269614836 0.03306451612903226 0.013980028530670471
0 0.757258064516129 0.9522111269614836 0.08387096774193549 0.013980028530670471
