0 0.13346774193548386 0.09514978601997147 0.050806451612903224 0.015691868758915834
0 0.43266129032258066 0.1108416547788873 0.03064516129032258 0.0094151212553495
0 0.45463709677419356 0.1115549215406562 0.013306451612903225 0.010841654778887305
0 0.4856854838709677 0.1115549215406562 0.031048387096774193 0.010841654778887305
0 0.5231854838709677 0.1115549215406562 0.031048387096774193 0.010841654778887305
0 0.575 0.1115549215406562 0.05967741935483871 0.010841654778887305
0 0.1461693548387097 0.14793152639087018 0.0907258064516129 0.016833095577746076
0 0.5110887096774194 0.15378031383737517 0.3907258064516129 0.023395149786019972
0 0.14899193548387096 0.1631954350927247 0.07298387096774193 0.010841654778887305
0 0.20504032258064517 0.21626248216833097 0.07943548387096774 0.017118402282453638
0 0.12016129032258065 0.21626248216833097 0.03790322580645161 0.014265335235378032
0 0.12903225806451613 0.23894436519258203 0.05967741935483871 0.015691868758915834
0 0.11915322580645162 0.262339514978602 0.039919354838709675 0.015691868758915834
0 0.1941532258064516 0.262339514978602 0.06169354838709677 0.015691868758915834
0 0.2747983870967742 0.262339514978602 0.08185483870967741 0.015691868758915834
0 0.3465725806451613 0.262339514978602 0.039919354838709675 0.015691868758915834
0 0.4171370967741935 0.262339514978602 0.07943548387096774 0.015691868758915834
0 0.5276209677419355 0.262339514978602 0.12379032258064517 0.015691868758915834
0 0.6181451612903226 0.262339514978602 0.03951612903225806 0.015691868758915834
0 0.15 0.2967189728958631 0.04838709677419355 0.015406562054208274
0 0.29354838709677417 0.2967189728958631 0.2161290322580645 0.015406562054208274
0 0.42701612903225805 0.2967189728958631 0.041935483870967745 0.015406562054208274
0 0.10241935483870968 0.29757489300998574 0.01129032258064516 0.010841654778887305
0 0.23608870967741935 0.31940085592011414 0.07943548387096774 0.017403708987161197
0 0.37600806451612906 0.31997146932952925 0.08185483870967741 0.016833095577746076
0 0.4965725806451613 0.31940085592011414 0.14153225806451614 0.017403708987161197
0 0.6689516129032258 0.31940085592011414 0.03951612903225806 0.017403708987161197
0 0.7495967741935484 0.31940085592011414 0.09919354838709678 0.017403708987161197
0 0.10241935483870968 0.320114122681883 0.01129032258064516 0.012553495007132667
0 0.15443548387096775 0.31940085592011414 0.062096774193548386 0.013980028530670471
0 0.3066532258064516 0.31940085592011414 0.039919354838709675 0.013980028530670471
0 0.6092741935483871 0.3202567760342368 0.062096774193548386 0.015691868758915834
0 0.8421370967741936 0.3202567760342368 0.06411290322580646 0.015691868758915834
0 0.12016129032258065 0.36547788873038517 0.02903225806451613 0.012553495007132667
0 0.16975806451612904 0.36547788873038517 0.0532258064516129 0.015406562054208274
0 0.2284274193548387 0.36476462196861625 0.046370967741935484 0.013980028530670471
0 0.28024193548387094 0.36547788873038517 0.03064516129032258 0.015406562054208274
0 0.33649193548387096 0.36547788873038517 0.06411290322580646 0.015406562054208274
0 0.41169354838709676 0.36547788873038517 0.03306451612903226 0.015406562054208274
0 0.4536290322580645 0.36547788873038517 0.03306451612903226 0.015406562054208274
0 0.4866935483870968 0.36547788873038517 0.041935483870967745 0.015406562054208274
0 0.18850806451612903 0.38730385164051356 0.0907258064516129 0.015691868758915834
0 0.27358870967741933 0.38730385164051356 0.05282258064516129 0.015691868758915834
0 0.3310483870967742 0.38730385164051356 0.0532258064516129 0.015691868758915834
0 0.42701612903225805 0.38815977175463623 0.1435483870967742 0.017403708987161197
0 0.11794354838709678 0.38815977175463623 0.028629032258064516 0.013980028530670471
0 0.11794354838709678 0.41069900142653354 0.024596774193548387 0.015691868758915834
0 0.18649193548387097 0.41069900142653354 0.08185483870967741 0.015691868758915834
0 0.5429435483870968 0.41069900142653354 0.5963709677419354 0.015691868758915834
0 0.1157258064516129 0.45606276747503566 0.03790322580645161 0.015691868758915834
0 0.23508064516129032 0.45606276747503566 0.09919354838709678 0.015691868758915834
0 0.16532258064516128 0.45763195435092724 0.017741935483870968 0.012553495007132667
0 0.3122983870967742 0.4569186875891583 0.03346774193548387 0.013980028530670471
0 0.40725806451612906 0.4787446504992867 0.1217741935483871 0.017118402282453638
0 0.16431451612903225 0.47945791726105563 0.01975806451612903 0.015691868758915834
0 0.21391129032258063 0.47945791726105563 0.06169354838709677 0.015691868758915834
0 0.2957661290322581 0.47945791726105563 0.07943548387096774 0.015691868758915834
0 0.5175403225806452 0.47945791726105563 0.08185483870967741 0.015691868758915834
0 0.648991935483871 0.47945791726105563 0.16330645161290322 0.015691868758915834
0 0.7560483870967742 0.47945791726105563 0.03306451612903226 0.015691868758915834
0 0.40725806451612906 0.5014265335235378 0.1217741935483871 0.015691868758915834
0 0.557258064516129 0.5021398002853067 0.16129032258064516 0.017118402282453638
0 0.16310483870967743 0.5029957203994294 0.013306451612903225 0.012553495007132667
0 0.21391129032258063 0.5022824536376604 0.06169354838709677 0.013980028530670471
0 0.2957661290322581 0.5029957203994294 0.07943548387096774 0.015406562054208274
0 0.665725806451613 0.5029957203994294 0.03306451612903226 0.015406562054208274
0 0.7207661290322581 0.5022824536376604 0.024596774193548387 0.013980028530670471
0 0.8411290322580646 0.7639087018544936 0.03064516129032258 0.0094151212553495
0 0.8887096774193548 0.7639087018544936 0.01532258064516129 0.0094151212553495
0 0.4340725806451613 0.7700427960057061 0.053629032258064514 0.015406562054208274
0 0.6439516129032258 0.769472182596291 0.0532258064516129 0.015406562054208274
0 0.2306451612903226 0.7686162624821683 0.050806451612903224 0.012553495007132667
0 0.5639112903225807 0.769472182596291 0.05524193548387097 0.010841654778887305
0 0.12903225806451613 0.7701854493580599 0.050806451612903224 0.0094151212553495
0 0.3100806451612903 0.7701854493580599 0.01532258064516129 0.0094151212553495
0 0.32983870967741935 0.7701854493580599 0.01532258064516129 0.0094151212553495
0 0.5231854838709677 0.7701854493580599 0.02620967741935484 0.0094151212553495
0 0.7350806451612903 0.7701854493580599 0.02661290322580645 0.0094151212553495
0 0.8512096774193548 0.7771754636233952 0.050806451612903224 0.014265335235378032
0 0.12439516129032258 0.8382310984308131 0.046370967741935484 0.010841654778887305
0 0.18649193548387097 0.8382310984308131 0.05524193548387097 0.010841654778887305
0 0.2814516129032258 0.8380884450784594 0.050806451612903224 0.013980028530670471
0 0.20846774193548387 0.8796005706134095 0.12580645161290321 0.012553495007132667
0 0.11794354838709678 0.8796005706134095 0.03346774193548387 0.012553495007132667
0 0.5473790322580645 0.8803138373751783 0.031048387096774193 0.011126961483594865
0 0.25161290322580643 0.8982881597717546 0.08387096774193549 0.015691868758915834
0 0.3189516129032258 0.897432239657632 0.03306451612903226 0.013980028530670471
0 0.39838709677419354 0.897432239657632 0.11290322580645161 0.013980028530670471
0 0.5034274193548387 0.8982881597717546 0.08830645161290322 0.015691868758915834
0 0.11028225806451612 0.8990014265335236 0.013306451612903225 0.010841654778887305
0 0.15 0.8990014265335236 0.04435483870967742 0.010841654778887305
0 0.6850806451612903 0.8977175463623395 0.04516129032258064 0.013409415121255349
0 0.7143145161290323 0.8982881597717546 0.01975806451612903 0.012268188302425107
0 0.11693548387096774 0.916262482168331 0.035483870967741936 0.013980028530670471
0 0.3342741935483871 0.916262482168331 0.041935483870967745 0.013980028530670471
0 0.8014112903225806 0.9171184022824537 0.09314516129032258 0.015691868758915834
0 0.1566532258064516 0.9169757489300998 0.031048387096774193 0.012553495007132667
0 0.21068548387096775 0.9169757489300998 0.07298387096774193 0.012553495007132667
0 0.39737903225806454 0.9178316690442225 0.06169354838709677 0.010841654778887305
0 0.4491935483870968 0.9169757489300998 0.03790322580645161 0.012553495007132667
