0 0.3276209677419355 0.07788873038516406 0.046370967741935484 0.012553495007132667
0 0.37963709677419355 0.07717546362339515 0.04879032258064516 0.013980028530670471
0 0.4711693548387097 0.07717546362339515 0.13024193548387097 0.013980028530670471
0 0.557258064516129 0.07717546362339515 0.03306451612903226 0.013980028530670471
0 0.5981854838709677 0.07874465049928674 0.03508064516129032 0.010841654778887305
0 0.6413306451612903 0.07788873038516406 0.03346774193548387 0.012553495007132667
0 0.6800403225806452 0.07874465049928674 0.031048387096774193 0.010841654778887305
0 0.13346774193548386 0.09514978601997147 0.050806451612903224 0.015691868758915834
0 0.4669354838709677 0.12253922967189729 0.17903225806451614 0.02653352353780314
0 0.6016129032258064 0.12325249643366619 0.03306451612903226 0.02168330955777461
0 0.8465725806451613 0.12168330955777461 0.046370967741935484 0.015691868758915834
0 0.12903225806451613 0.13352353780313836 0.050806451612903224 0.00456490727532097
0 0.8290322580645161 0.13423680456490727 0.02903225806451613 0.005991440798858773
0 0.8633064516129032 0.13423680456490727 0.035483870967741936 0.005991440798858773
0 0.8487903225806451 0.1427960057061341 0.041935483870967745 0.011126961483594865
0 0.11915322580645162 0.18587731811697575 0.039919354838709675 0.015691868758915834
0 0.1941532258064516 0.18587731811697575 0.07943548387096774 0.015691868758915834
0 0.12560483870967742 0.20927246790299572 0.05766129032258065 0.015691868758915834
0 0.36733870967741933 0.23195435092724678 0.16129032258064516 0.017118402282453638
0 0.11915322580645162 0.231811697574893 0.039919354838709675 0.013980028530670471
0 0.18870967741935485 0.2326676176890157 0.06854838709677419 0.015691868758915834
0 0.25383064516129034 0.2326676176890157 0.04395161290322581 0.015691868758915834
0 0.5463709677419355 0.2326676176890157 0.17903225806451614 0.015691868758915834
0 0.6622983870967742 0.2326676176890157 0.039919354838709675 0.015691868758915834
0 0.1344758064516129 0.2607703281027104 0.07943548387096774 0.015406562054208274
0 0.20846774193548387 0.2607703281027104 0.05967741935483871 0.015406562054208274
0 0.31875 0.262339514978602 0.1439516129032258 0.016262482168330955
0 0.4854838709677419 0.2616262482168331 0.17661290322580644 0.017118402282453638
0 0.663508064516129 0.2607703281027104 0.0375 0.015406562054208274
0 0.7350806451612903 0.2607703281027104 0.09274193548387097 0.015406562054208274
0 0.8169354838709677 0.2607703281027104 0.05725806451612903 0.015406562054208274
0 0.6102822580645161 0.262339514978602 0.05524193548387097 0.015691868758915834
0 0.1870967741935484 0.30841654778887306 0.08870967741935484 0.017118402282453638
0 0.40403225806451615 0.30699001426533523 0.17661290322580644 0.017118402282453638
0 0.27237903225806454 0.30770328102710415 0.06411290322580646 0.015691868758915834
0 0.5209677419354839 0.30770328102710415 0.03951612903225806 0.015691868758915834
0 0.5707661290322581 0.30770328102710415 0.0375 0.015691868758915834
0 0.1743951612903226 0.3326676176890157 0.02217741935483871 0.015406562054208274
0 0.20403225806451614 0.3326676176890157 0.020161290322580645 0.015406562054208274
0 0.23830645161290323 0.3319543509272468 0.02661290322580645 0.013980028530670471
0 0.3532258064516129 0.3326676176890157 0.18548387096774194 0.015406562054208274
0 0.6181451612903226 0.3326676176890157 0.3225806451612903 0.015406562054208274
0 0.8026209677419355 0.3326676176890157 0.028629032258064516 0.015406562054208274
0 0.20846774193548387 0.3583452211126961 0.09032258064516129 0.017118402282453638
0 0.2979838709677419 0.35763195435092726 0.075 0.015691868758915834
0 0.4205645161290323 0.3583452211126961 0.15241935483870966 0.017118402282453638
0 0.1743951612903226 0.3841654778887304 0.02217741935483871 0.015691868758915834
0 0.20504032258064517 0.3841654778887304 0.02217741935483871 0.015691868758915834
0 0.23931451612903226 0.3841654778887304 0.028629032258064516 0.015691868758915834
0 0.28689516129032255 0.3841654778887304 0.05282258064516129 0.015691868758915834
0 0.3961693548387097 0.3841654778887304 0.06814516129032258 0.015691868758915834
0 0.33991935483870966 0.38502139800285307 0.03064516129032258 0.013980028530670471
0 0.20846774193548387 0.4099857346647646 0.09032258064516129 0.017118402282453638
0 0.2903225806451613 0.4092724679029957 0.05967741935483871 0.015691868758915834
0 0.3707661290322581 0.4099857346647646 0.07943548387096774 0.017118402282453638
0 0.2030241935483871 0.43580599144079885 0.07943548387096774 0.015691868758915834
0 0.24616935483870966 0.4607703281027104 0.13911290322580644 0.015406562054208274
0 0.49435483870967745 0.4607703281027104 0.19435483870967743 0.015406562054208274
0 0.7538306451612903 0.4607703281027104 0.15685483870967742 0.015406562054208274
0 0.23830645161290323 0.4865905848787446 0.12338709677419354 0.017403708987161197
0 0.4790322580645161 0.4865905848787446 0.16370967741935483 0.017403708987161197
0 0.7881048387096774 0.4865905848787446 0.22056451612903225 0.017403708987161197
0 0.11471774193548387 0.5342368045649073 0.039919354838709675 0.015691868758915834
0 0.2913306451612903 0.5349500713266762 0.06169354838709677 0.017118402282453638
0 0.40161290322580645 0.5349500713266762 0.13709677419354838 0.017118402282453638
0 0.59375 0.5349500713266762 0.22943548387096774 0.017118402282453638
0 0.16431451612903225 0.5350927246790299 0.01975806451612903 0.013980028530670471
0 0.21512096774193548 0.5350927246790299 0.06814516129032258 0.013980028530670471
0 0.7340725806451613 0.5350927246790299 0.0375 0.013980028530670471
0 0.16431451612903225 0.561626248216833 0.015725806451612902 0.013980028530670471
0 0.2161290322580645 0.5607703281027104 0.06612903225806452 0.015691868758915834
0 0.29012096774193546 0.5607703281027104 0.06411290322580646 0.015691868758915834
0 0.40161290322580645 0.5607703281027104 0.13709677419354838 0.015691868758915834
0 0.5584677419354839 0.5607703281027104 0.1588709677419355 0.015691868758915834
0 0.6645161290322581 0.5607703281027104 0.03951612903225806 0.015691868758915834
0 0.7153225806451613 0.5607703281027104 0.021774193548387097 0.015691868758915834
0 0.3431451612903226 0.7780313837375178 0.0814516129032258 0.012553495007132667
0 0.12116935483870968 0.7834522111269615 0.04395161290322581 0.014265335235378032
0 0.5441532258064516 0.7834522111269615 0.08588709677419355 0.014265335235378032
0 0.722983870967742 0.7825962910128388 0.041935483870967745 0.012553495007132667
0 0.21068548387096775 0.7912981455064194 0.046370967741935484 0.013980028530670471
0 0.3155241935483871 0.7912981455064194 0.031048387096774193 0.013980028530670471
0 0.411491935483871 0.7912981455064194 0.046370967741935484 0.013980028530670471
0 0.6127016129032258 0.7912981455064194 0.046370967741935484 0.013980028530670471
0 0.8125 0.7912981455064194 0.04838709677419355 0.013980028530670471
0 0.21068548387096775 0.8061340941512125 0.03346774193548387 0.0094151212553495
0 0.24173387096774193 0.8061340941512125 0.01975806451612903 0.0094151212553495
0 0.2625 0.8061340941512125 0.017741935483870968 0.0094151212553495
0 0.1157258064516129 0.8131241084165478 0.02903225806451613 0.014265335235378032
0 0.21169354838709678 0.8194008559201141 0.04838709677419355 0.014265335235378032
0 0.18528225806451612 0.8412268188302425 0.05766129032258065 0.013980028530670471
0 0.27237903225806454 0.8412268188302425 0.046370967741935484 0.013980028530670471
0 0.3717741935483871 0.8412268188302425 0.05967741935483871 0.013980028530670471
0 0.45907258064516127 0.8412268188302425 0.04879032258064516 0.013980028530670471
0 0.12439516129032258 0.8427960057061341 0.046370967741935484 0.010841654778887305
0 0.11471774193548387 0.8701854493580599 0.031048387096774193 0.012553495007132667
0 0.1939516129032258 0.8710413694721826 0.10161290322580645 0.010841654778887305
0 0.25806451612903225 0.8710413694721826 0.02661290322580645 0.010841654778887305
0 0.5165322580645161 0.8701854493580599 0.03064516129032258 0.012553495007132667
0 0.11028225806451612 0.8990014265335236 0.013306451612903225 0.010841654778887305
0 0.15100806451612903 0.8990014265335236 0.046370967741935484 0.010841654778887305
0 0.23608870967741935 0.8991440798858773 0.06169354838709677 0.013980028530670471
0 0.298991935483871 0.8990014265335236 0.046370967741935484 0.010841654778887305
0 0.35 0.8991440798858773 0.050806451612903224 0.013980028530670471
0 0.4094758064516129 0.8991440798858773 0.06411290322580646 0.013980028530670471
0 0.760483870967742 0.8998573466476462 0.01532258064516129 0.00912981455064194
0 0.6655241935483871 0.9005706134094151 0.0375 0.007703281027104137
0 0.7064516129032258 0.9014265335235377 0.03951612903225806 0.0094151212553495
0 0.7407258064516129 0.9014265335235377 0.020161290322580645 0.0094151212553495
0 0.12237903225806451 0.9271041369472183 0.046370967741935484 0.013980028530670471
0 0.3377016129032258 0.9279600570613409 0.06169354838709677 0.012268188302425107
0 0.776008064516129 0.9271041369472183 0.08185483870967741 0.013980028530670471
0 0.15423387096774194 0.9279600570613409 0.013306451612903225 0.0094151212553495
0 0.20745967741935484 0.9279600570613409 0.07056451612903226 0.0094151212553495
0 0.26149193548387095 0.9279600570613409 0.0375 0.0094151212553495
0 0.4324596774193548 0.9279600570613409 0.1060483870967742 0.0094151212553495
0 0.540725806451613 0.9279600570613409 0.035483870967741936 0.0094151212553495
0 0.5905241935483871 0.9286733238231099 0.06411290322580646 0.010841654778887305
0 0.6346774193548387 0.9288159771754636 0.01532258064516129 0.007703281027104137
0 0.38971774193548386 0.9522111269614836 0.046370967741935484 0.013980028530670471
0 0.43588709677419357 0.9522111269614836 0.03306451612903226 0.013980028530670471
0 0.48125 0.9522111269614836 0.04879032258064516 0.013980028530670471
0 0.5298387096774193 0.9522111269614836 0.04435483870967742 0.013980028530670471
0 0.5796370967741935 0.9522111269614836 0.028629032258064516 0.011126961483594865
0 0.6159274193548387 0.9530670470756063 0.031048387096774193 0.0094151212553495
