0 0.41592741935483873 0.07717546362339515 0.06411290322580646 0.013980028530670471
0 0.4879032258064516 0.07717546362339515 0.05725806451612903 0.013980028530670471
0 0.5397177419354838 0.07717546362339515 0.0375 0.013980028530670471
0 0.5838709677419355 0.07788873038516406 0.041935483870967745 0.012553495007132667
0 0.13346774193548386 0.09514978601997147 0.050806451612903224 0.015691868758915834
0 0.8653225806451613 0.12239657631954351 0.04838709677419355 0.014835948644793153
0 0.463508064516129 0.12253922967189729 0.19879032258064516 0.02653352353780314
0 0.6193548387096774 0.12253922967189729 0.03306451612903226 0.020256776034236805
0 0.8258064516129032 0.11940085592011412 0.035483870967741936 0.011126961483594865
0 0.864516129032258 0.1303851640513552 0.05967741935483871 0.010841654778887305
0 0.1941532258064516 0.18502139800285305 0.07943548387096774 0.017403708987161197
0 0.11915322580645162 0.18587731811697575 0.039919354838709675 0.015691868758915834
0 0.12681451612903225 0.20927246790299572 0.05524193548387097 0.015691868758915834
0 0.25383064516129034 0.23109843081312412 0.04395161290322581 0.015406562054208274
0 0.3564516129032258 0.23195435092724678 0.1435483870967742 0.017118402282453638
0 0.4778225806451613 0.23195435092724678 0.0814516129032258 0.017118402282453638
0 0.5915322580645161 0.23195435092724678 0.15 0.017118402282453638
0 0.11915322580645162 0.231811697574893 0.039919354838709675 0.013980028530670471
0 0.18870967741935485 0.2326676176890157 0.06854838709677419 0.015691868758915834
0 0.6943548387096774 0.2326676176890157 0.041935483870967745 0.015691868758915834
0 0.18649193548387097 0.2616262482168331 0.18346774193548387 0.017118402282453638
0 0.294758064516129 0.2616262482168331 0.024193548387096774 0.017118402282453638
0 0.3620967741935484 0.2616262482168331 0.10161290322580645 0.017118402282453638
0 0.4504032258064516 0.2607703281027104 0.05725806451612903 0.015406562054208274
0 0.5296370967741936 0.2616262482168331 0.07943548387096774 0.017118402282453638
0 0.6080645161290322 0.2616262482168331 0.05967741935483871 0.017118402282453638
0 0.6689516129032258 0.2607703281027104 0.04435483870967742 0.015406562054208274
0 0.7163306451612903 0.26005706134094153 0.0375 0.013980028530670471
0 0.7870967741935484 0.2616262482168331 0.0814516129032258 0.017118402282453638
0 0.8754032258064516 0.2607703281027104 0.054838709677419356 0.015406562054208274
0 0.15 0.2834522111269615 0.11048387096774194 0.017403708987161197
0 0.2558467741935484 0.2834522111269615 0.07943548387096774 0.017403708987161197
0 0.4381048387096774 0.2834522111269615 0.08185483870967741 0.017403708987161197
0 0.5872983870967742 0.2834522111269615 0.04395161290322581 0.017403708987161197
0 0.6931451612903226 0.2834522111269615 0.14596774193548387 0.017403708987161197
0 0.8366935483870968 0.28416547788873037 0.13225806451612904 0.018830242510699
0 0.3310483870967742 0.28430813124108417 0.04838709677419355 0.015691868758915834
0 0.37641129032258064 0.2834522111269615 0.01975806451612903 0.013980028530670471
0 0.5221774193548387 0.28430813124108417 0.06854838709677419 0.015691868758915834
0 0.1532258064516129 0.30699001426533523 0.11693548387096774 0.017118402282453638
0 0.25161290322580643 0.30699001426533523 0.062096774193548386 0.017118402282453638
0 0.31028225806451615 0.30841654778887306 0.0407258064516129 0.016547788873038517
0 0.392741935483871 0.30699001426533523 0.10161290322580645 0.017118402282453638
0 0.4854838709677419 0.30699001426533523 0.06612903225806452 0.017118402282453638
0 0.13891129032258065 0.3522111269614836 0.05282258064516129 0.017403708987161197
0 0.5683467741935484 0.3522111269614836 0.3995967741935484 0.017403708987161197
0 0.19737903225806452 0.35306704707560627 0.05524193548387097 0.015691868758915834
0 0.3100806451612903 0.35306704707560627 0.1217741935483871 0.015691868758915834
0 0.18306451612903227 0.37475035663338085 0.08387096774193549 0.015691868758915834
0 0.28024193548387094 0.3756062767475036 0.062096774193548386 0.017403708987161197
0 0.3455645161290323 0.37475035663338085 0.050806451612903224 0.015691868758915834
0 0.5298387096774193 0.3756062767475036 0.24274193548387096 0.017403708987161197
0 0.683266129032258 0.3756062767475036 0.04233870967741935 0.017403708987161197
0 0.7639112903225806 0.37475035663338085 0.1060483870967742 0.015691868758915834
0 0.12358870967741936 0.3763195435092725 0.013306451612903225 0.012553495007132667
0 0.3895161290322581 0.37489300998573466 0.020161290322580645 0.012553495007132667
0 0.32883064516129035 0.39743223965763197 0.13266129032258064 0.017118402282453638
0 0.4578629032258065 0.39743223965763197 0.13024193548387097 0.017118402282453638
0 0.7461693548387097 0.39743223965763197 0.13669354838709677 0.017118402282453638
0 0.6082661290322581 0.39828815977175464 0.10362903225806451 0.015406562054208274
0 0.3278225806451613 0.4209700427960057 0.1346774193548387 0.017403708987161197
0 0.4578629032258065 0.42011412268188303 0.13024193548387097 0.015691868758915834
0 0.6191532258064516 0.42011412268188303 0.08588709677419355 0.015691868758915834
0 0.7461693548387097 0.42011412268188303 0.15443548387096775 0.015691868758915834
0 0.5616935483870967 0.4209700427960057 0.03306451612903226 0.013980028530670471
0 0.18306451612903227 0.443509272467903 0.08387096774193549 0.015691868758915834
0 0.2745967741935484 0.443509272467903 0.050806451612903224 0.015691868758915834
0 0.32661290322580644 0.443509272467903 0.03064516129032258 0.015691868758915834
0 0.38629032258064516 0.443509272467903 0.07096774193548387 0.015691868758915834
0 0.12580645161290321 0.4450784593437946 0.017741935483870968 0.012553495007132667
0 0.18205645161290324 0.46619115549215406 0.08185483870967741 0.017118402282453638
0 0.3002016129032258 0.46619115549215406 0.09717741935483871 0.017118402282453638
0 0.40181451612903224 0.46619115549215406 0.09717741935483871 0.017118402282453638
0 0.48346774193548386 0.46547788873038515 0.0532258064516129 0.015691868758915834
0 0.536491935483871 0.46619115549215406 0.05282258064516129 0.017118402282453638
0 0.6092741935483871 0.46619115549215406 0.08387096774193549 0.017118402282453638
0 0.6933467741935484 0.46619115549215406 0.07056451612903226 0.017118402282453638
0 0.777016129032258 0.46619115549215406 0.08387096774193549 0.017118402282453638
0 0.8798387096774194 0.46619115549215406 0.03306451612903226 0.017118402282453638
0 0.12580645161290321 0.46704707560627673 0.017741935483870968 0.012553495007132667
0 0.8421370967741936 0.46633380884450787 0.0375 0.013980028530670471
0 0.18205645161290324 0.4888730385164051 0.08185483870967741 0.015691868758915834
0 0.28024193548387094 0.4888730385164051 0.062096774193548386 0.015691868758915834
0 0.38286290322580646 0.4888730385164051 0.12137096774193548 0.015691868758915834
0 0.5342741935483871 0.4897289586305278 0.08387096774193549 0.017403708987161197
0 0.6048387096774194 0.4888730385164051 0.03951612903225806 0.015691868758915834
0 0.12338709677419354 0.4897289586305278 0.017741935483870968 0.011126961483594865
0 0.4713709677419355 0.4897289586305278 0.03306451612903226 0.013980028530670471
0 0.2945564516129032 0.5115549215406562 0.0907258064516129 0.017118402282453638
0 0.40060483870967745 0.5115549215406562 0.10846774193548388 0.017118402282453638
0 0.5153225806451613 0.5115549215406562 0.10806451612903226 0.017118402282453638
0 0.6127016129032258 0.5115549215406562 0.07298387096774193 0.017118402282453638
0 0.7042338709677419 0.5115549215406562 0.08830645161290322 0.017118402282453638
0 0.8245967741935484 0.5115549215406562 0.13951612903225807 0.017118402282453638
0 0.12358870967741936 0.5124108416547789 0.013306451612903225 0.012553495007132667
0 0.1840725806451613 0.5122681883024252 0.08185483870967741 0.015691868758915834
0 0.3840725806451613 0.5569186875891583 0.14153225806451614 0.017118402282453638
0 0.5377016129032258 0.5569186875891583 0.14798387096774193 0.017118402282453638
0 0.68125 0.5569186875891583 0.13911290322580644 0.017118402282453638
0 0.11471774193548387 0.5576319543509273 0.039919354838709675 0.015691868758915834
0 0.21512096774193548 0.5576319543509273 0.06814516129032258 0.015691868758915834
0 0.28024193548387094 0.5576319543509273 0.04435483870967742 0.015691868758915834
0 0.7782258064516129 0.5576319543509273 0.041935483870967745 0.015691868758915834
0 0.83125 0.5576319543509273 0.046370967741935484 0.015691868758915834
0 0.8764112903225807 0.5576319543509273 0.039919354838709675 0.015691868758915834
0 0.16431451612903225 0.557774607703281 0.01975806451612903 0.012553495007132667
0 0.21512096774193548 0.5803138373751783 0.06814516129032258 0.017118402282453638
0 0.2814516129032258 0.5796005706134094 0.041935483870967745 0.015691868758915834
0 0.3840725806451613 0.5803138373751783 0.14153225806451614 0.017118402282453638
0 0.5034274193548387 0.5803138373751783 0.07943548387096774 0.017118402282453638
0 0.6247983870967742 0.5803138373751783 0.14153225806451614 0.017118402282453638
0 0.776008064516129 0.5803138373751783 0.024596774193548387 0.017118402282453638
0 0.16431451612903225 0.5803138373751783 0.01975806451612903 0.014265335235378032
0 0.7241935483870968 0.5810271041369472 0.03951612903225806 0.015691868758915834
