0 0.3429435483870968 0.7796005706134094 0.08185483870967741 0.012268188302425107
0 0.5451612903225806 0.7787446504992868 0.08387096774193549 0.011126961483594865
0 0.12338709677419354 0.7843081312410841 0.04435483870967742 0.012553495007132667
0 0.7451612903225806 0.7850213980028531 0.08629032258064516 0.011126961483594865
0 0.21169354838709678 0.7920114122681883 0.04435483870967742 0.012553495007132667
0 0.3155241935483871 0.7912981455064194 0.031048387096774193 0.013980028530670471
0 0.411491935483871 0.7912981455064194 0.046370967741935484 0.013980028530670471
0 0.6127016129032258 0.7912981455064194 0.046370967741935484 0.013980028530670471
0 0.8125 0.7912981455064194 0.04838709677419355 0.013980028530670471
0 0.5165322580645161 0.792154065620542 0.03064516129032258 0.0094151212553495
0 0.20181451612903226 0.8061340941512125 0.024596774193548387 0.0094151212553495
0 0.23387096774193547 0.8061340941512125 0.03064516129032258 0.0094151212553495
0 0.26491935483870965 0.8061340941512125 0.017741935483870968 0.0094151212553495
0 0.28689516129032255 0.8061340941512125 0.017338709677419354 0.0094151212553495
0 0.12217741935483871 0.8122681883024251 0.041935483870967745 0.012553495007132667
0 0.21068548387096775 0.8202567760342367 0.046370967741935484 0.012553495007132667
0 0.18528225806451612 0.8412268188302425 0.05766129032258065 0.013980028530670471
0 0.27358870967741933 0.8412268188302425 0.04395161290322581 0.011126961483594865
0 0.3731854838709677 0.8410841654778888 0.05766129032258065 0.011412268188302425
0 0.4586693548387097 0.8429386590584879 0.044758064516129036 0.011697574893009986
0 0.12439516129032258 0.8427960057061341 0.046370967741935484 0.010841654778887305
0 0.11471774193548387 0.8701854493580599 0.031048387096774193 0.012553495007132667
0 0.18951612903225806 0.8710413694721826 0.09274193548387097 0.010841654778887305
0 0.2536290322580645 0.8710413694721826 0.035483870967741936 0.010841654778887305
0 0.5165322580645161 0.8701854493580599 0.03064516129032258 0.012553495007132667
0 0.23830645161290323 0.892867332382311 0.062096774193548386 0.011126961483594865
0 0.2969758064516129 0.892867332382311 0.046370967741935484 0.011126961483594865
0 0.3532258064516129 0.892867332382311 0.04435483870967742 0.011126961483594865
0 0.4104838709677419 0.8921540656205421 0.062096774193548386 0.012553495007132667
0 0.4645161290322581 0.8921540656205421 0.03306451612903226 0.012553495007132667
0 0.5199596774193549 0.8921540656205421 0.06411290322580646 0.012553495007132667
0 0.5695564516129032 0.8921540656205421 0.02620967741935484 0.012553495007132667
0 0.6082661290322581 0.8921540656205421 0.0375 0.012553495007132667
0 0.11028225806451612 0.8990014265335236 0.013306451612903225 0.010841654778887305
0 0.15 0.8990014265335236 0.04435483870967742 0.010841654778887305
0 0.6689516129032258 0.9007132667617689 0.04435483870967742 0.010841654778887305
0 0.713508064516129 0.901997146932953 0.038306451612903226 0.010556348074179742
0 0.22399193548387097 0.9054208273894436 0.0375 0.013980028530670471
0 0.12338709677419354 0.9271041369472183 0.04838709677419355 0.013980028530670471
0 0.3377016129032258 0.9279600570613409 0.06169354838709677 0.012268188302425107
0 0.776008064516129 0.9271041369472183 0.08185483870967741 0.013980028530670471
0 0.15423387096774194 0.9279600570613409 0.013306451612903225 0.0094151212553495
0 0.18971774193548388 0.9279600570613409 0.03508064516129032 0.0094151212553495
0 0.24375 0.9286733238231099 0.07298387096774193 0.010841654778887305
0 0.42379032258064514 0.9286733238231099 0.08870967741935484 0.010841654778887305
0 0.5518145161290322 0.9286733238231099 0.05766129032258065 0.010841654778887305
0 0.6127016129032258 0.9286733238231099 0.06411290322580646 0.010841654778887305
0 0.6556451612903226 0.9288159771754636 0.017741935483870968 0.007703281027104137
0 0.3233870967741935 0.9522111269614836 0.07741935483870968 0.013980028530670471
0 0.3917338709677419 0.9522111269614836 0.046370967741935484 0.013980028530670471
0 0.45241935483870965 0.9522111269614836 0.05725806451612903 0.011126961483594865
0 0.5110887096774194 0.9522111269614836 0.046370967741935484 0.013980028530670471
0 0.5772177419354839 0.9522111269614836 0.07701612903225806 0.013980028530670471
0 0.645766129032258 0.9522111269614836 0.046370967741935484 0.013980028530670471
0 0.7052419354838709 0.9522111269614836 0.05967741935483871 0.013980028530670471
0 0.27157258064516127 0.9530670470756063 0.013306451612903225 0.0094151212553495
