0 0.41330645161290325 0.07717546362339515 0.04516129032258064 0.012268188302425107
0 0.5816532258064516 0.07788873038516406 0.06814516129032258 0.012553495007132667
0 0.45806451612903226 0.07874465049928674 0.03306451612903226 0.010841654778887305
0 0.5108870967741935 0.07874465049928674 0.05967741935483871 0.010841654778887305
0 0.13346774193548386 0.09514978601997147 0.050806451612903224 0.012268188302425107
0 0.40060483870967745 0.12239657631954351 0.07298387096774193 0.023395149786019972
0 0.5165322580645161 0.12325249643366619 0.07096774193548387 0.025106990014265335
0 0.6193548387096774 0.12325249643366619 0.03306451612903226 0.02168330955777461
0 0.8223790322580645 0.14821683309557773 0.024596774193548387 0.015691868758915834
0 0.851008064516129 0.14821683309557773 0.028629032258064516 0.015691868758915834
0 0.8776209677419354 0.14907275320970043 0.024596774193548387 0.013980028530670471
0 0.11915322580645162 0.18587731811697575 0.039919354838709675 0.015691868758915834
0 0.1941532258064516 0.18587731811697575 0.07943548387096774 0.015691868758915834
0 0.12560483870967742 0.20927246790299572 0.05766129032258065 0.015691868758915834
0 0.3774193548387097 0.23195435092724678 0.18548387096774194 0.017118402282453638
0 0.11915322580645162 0.231811697574893 0.039919354838709675 0.013980028530670471
0 0.18870967741935485 0.2326676176890157 0.06854838709677419 0.015691868758915834
0 0.25383064516129034 0.2326676176890157 0.04395161290322581 0.015691868758915834
0 0.5661290322580645 0.2326676176890157 0.17903225806451614 0.015691868758915834
0 0.683266129032258 0.2326676176890157 0.04233870967741935 0.015691868758915834
0 0.18185483870967742 0.2616262482168331 0.17016129032258065 0.017118402282453638
0 0.3816532258064516 0.2616262482168331 0.09717741935483871 0.017118402282453638
0 0.463508064516129 0.2607703281027104 0.04879032258064516 0.015406562054208274
0 0.5453629032258065 0.2616262482168331 0.039919354838709675 0.017118402282453638
0 0.6800403225806452 0.2616262482168331 0.15443548387096775 0.017118402282453638
0 0.7947580645161291 0.2607703281027104 0.05725806451612903 0.015406562054208274
0 0.853225806451613 0.2607703281027104 0.041935483870967745 0.015406562054208274
0 0.3056451612903226 0.2614835948644793 0.05967741935483871 0.013980028530670471
0 0.5066532258064516 0.2614835948644793 0.01975806451612903 0.013980028530670471
0 0.5838709677419355 0.2614835948644793 0.020161290322580645 0.013980028530670471
0 0.8909274193548387 0.2614835948644793 0.01975806451612903 0.013980028530670471
0 0.1344758064516129 0.28430813124108417 0.07943548387096774 0.015691868758915834
0 0.2659274193548387 0.28430813124108417 0.15685483870967742 0.015691868758915834
0 0.41169354838709676 0.28430813124108417 0.10806451612903226 0.015691868758915834
0 0.5064516129032258 0.28430813124108417 0.05967741935483871 0.015691868758915834
0 0.5695564516129032 0.2834522111269615 0.039919354838709675 0.013980028530670471
0 0.630241935483871 0.28430813124108417 0.05967741935483871 0.015691868758915834
0 0.6921370967741935 0.28430813124108417 0.0375 0.015691868758915834
0 0.813508064516129 0.28430813124108417 0.1786290322580645 0.015691868758915834
0 0.1842741935483871 0.30699001426533523 0.17903225806451614 0.017118402282453638
0 0.4038306451612903 0.30699001426533523 0.06169354838709677 0.017118402282453638
0 0.5451612903225806 0.30699001426533523 0.10161290322580645 0.017118402282453638
0 0.3223790322580645 0.30770328102710415 0.07943548387096774 0.015691868758915834
0 0.463508064516129 0.30770328102710415 0.039919354838709675 0.015691868758915834
0 0.6379032258064516 0.3068473609129814 0.06612903225806452 0.013980028530670471
0 0.49556451612903224 0.3522111269614836 0.1217741935483871 0.017403708987161197
0 0.18971774193548388 0.35306704707560627 0.08830645161290322 0.015691868758915834
0 0.2955645161290323 0.35306704707560627 0.10161290322580645 0.015691868758915834
0 0.36532258064516127 0.35306704707560627 0.020161290322580645 0.015691868758915834
0 0.4060483870967742 0.35306704707560627 0.03951612903225806 0.015691868758915834
0 0.5872983870967742 0.35306704707560627 0.039919354838709675 0.015691868758915834
0 0.6381048387096774 0.35306704707560627 0.039919354838709675 0.015691868758915834
0 0.12237903225806451 0.3537803138373752 0.010887096774193548 0.010841654778887305
0 0.17540322580645162 0.37475035663338085 0.05967741935483871 0.015691868758915834
0 0.2701612903225806 0.37475035663338085 0.050806451612903224 0.015691868758915834
0 0.37963709677419355 0.3756062767475036 0.1504032258064516 0.017403708987161197
0 0.645766129032258 0.3756062767475036 0.3818548387096774 0.017403708987161197
0 0.12116935483870968 0.3763195435092725 0.013306451612903225 0.012553495007132667
0 0.225 0.3756062767475036 0.017741935483870968 0.013980028530670471
0 0.7350806451612903 0.39900142653352355 0.0532258064516129 0.013980028530670471
0 0.7893145161290323 0.39900142653352355 0.046370967741935484 0.013980028530670471
0 0.8324596774193549 0.39900142653352355 0.031048387096774193 0.013980028530670471
0 0.8633064516129032 0.39900142653352355 0.02661290322580645 0.013980028530670471
0 0.35524193548387095 0.427246790299572 0.09274193548387097 0.013980028530670471
0 0.5693548387096774 0.42796005706134094 0.09274193548387097 0.012553495007132667
0 0.777016129032258 0.427246790299572 0.09274193548387097 0.011126961483594865
0 0.15987903225806452 0.43808844507845934 0.06411290322580646 0.013980028530670471
0 0.3455645161290323 0.44750356633380883 0.050806451612903224 0.013980028530670471
0 0.2691532258064516 0.4490727532097004 0.06653225806451613 0.014265335235378032
0 0.4314516129032258 0.4490727532097004 0.050806451612903224 0.014265335235378032
0 0.5199596774193549 0.44821683309557775 0.05524193548387097 0.012553495007132667
0 0.6004032258064516 0.4490727532097004 0.0532258064516129 0.014265335235378032
0 0.6810483870967742 0.44821683309557775 0.03790322580645161 0.012553495007132667
0 0.7483870967741936 0.44821683309557775 0.0532258064516129 0.012553495007132667
0 0.8443548387096774 0.4490727532097004 0.050806451612903224 0.014265335235378032
0 0.2691532258064516 0.4708987161198288 0.06653225806451613 0.013980028530670471
0 0.3443548387096774 0.4710413694721826 0.02661290322580645 0.010841654778887305
0 0.43911290322580643 0.4717546362339515 0.08387096774193549 0.012268188302425107
0 0.15221774193548387 0.4825962910128388 0.08830645161290322 0.0282453637660485
0 0.20181451612903226 0.47560627674750355 0.015725806451612902 0.010841654778887305
0 0.589516129032258 0.4827389443651926 0.04838709677419355 0.012553495007132667
0 0.6270161290322581 0.4818830242510699 0.03064516129032258 0.014265335235378032
0 0.6810483870967742 0.4818830242510699 0.02903225806451613 0.014265335235378032
0 0.7483870967741936 0.4818830242510699 0.04435483870967742 0.014265335235378032
0 0.8324596774193549 0.4818830242510699 0.07056451612903226 0.014265335235378032
0 0.8798387096774194 0.4818830242510699 0.02903225806451613 0.014265335235378032
0 0.5199596774193549 0.4825962910128388 0.010887096774193548 0.0094151212553495
0 0.26814516129032256 0.492867332382311 0.06854838709677419 0.013980028530670471
0 0.34334677419354837 0.4921540656205421 0.028629032258064516 0.012553495007132667
0 0.42600806451612905 0.4921540656205421 0.04879032258064516 0.012553495007132667
0 0.4657258064516129 0.4921540656205421 0.03064516129032258 0.012553495007132667
0 0.1941532258064516 0.527960057061341 0.11008064516129032 0.015691868758915834
0 0.6699596774193548 0.527960057061341 0.05524193548387097 0.015691868758915834
0 0.7328629032258065 0.527960057061341 0.05282258064516129 0.015691868758915834
0 0.27580645161290324 0.5288159771754636 0.035483870967741936 0.013980028530670471
0 0.3344758064516129 0.5288159771754636 0.06411290322580646 0.013980028530670471
0 0.42278225806451614 0.5288159771754636 0.0375 0.013980028530670471
0 0.49112903225806454 0.5288159771754636 0.07258064516129033 0.013980028530670471
0 0.5451612903225806 0.5288159771754636 0.017741935483870968 0.013980028530670471
0 0.5981854838709677 0.5288159771754636 0.07056451612903226 0.013980028530670471
0 0.7782258064516129 0.5288159771754636 0.020161290322580645 0.013980028530670471
0 0.813508064516129 0.5288159771754636 0.0375 0.013980028530670471
0 0.867741935483871 0.5288159771754636 0.0532258064516129 0.013980028530670471
0 0.42600806451612905 0.5490727532097004 0.04879032258064516 0.013980028530670471
0 0.4899193548387097 0.5499286733238231 0.06612903225806452 0.015691868758915834
0 0.5618951612903226 0.5499286733238231 0.05524193548387097 0.015691868758915834
0 0.6058467741935484 0.5499286733238231 0.01975806451612903 0.015691868758915834
0 0.6433467741935484 0.5499286733238231 0.0375 0.015691868758915834
0 0.6997983870967742 0.5499286733238231 0.05766129032258065 0.015691868758915834
0 0.7661290322580645 0.5490727532097004 0.06612903225806452 0.013980028530670471
0 0.17076612903225807 0.5701854493580599 0.05524193548387097 0.015691868758915834
0 0.3663306451612903 0.5708987161198288 0.06653225806451613 0.017118402282453638
0 0.12237903225806451 0.5717546362339515 0.015725806451612902 0.012553495007132667
0 0.22056451612903225 0.5710413694721826 0.03064516129032258 0.013980028530670471
0 0.2657258064516129 0.5710413694721826 0.041935483870967745 0.013980028530670471
0 0.31451612903225806 0.5710413694721826 0.02903225806451613 0.013980028530670471
0 0.1907258064516129 0.5935805991440799 0.09032258064516129 0.015691868758915834
0 0.3629032258064516 0.5935805991440799 0.23629032258064517 0.015691868758915834
0 0.5120967741935484 0.5935805991440799 0.03951612903225806 0.015691868758915834
0 0.6004032258064516 0.5935805991440799 0.11935483870967742 0.015691868758915834
0 0.6887096774193548 0.5935805991440799 0.03951612903225806 0.015691868758915834
0 0.7286290322580645 0.5928673323823109 0.017741935483870968 0.014265335235378032
0 0.7683467741935484 0.5935805991440799 0.039919354838709675 0.015691868758915834
0 0.8169354838709677 0.5935805991440799 0.03951612903225806 0.015691868758915834
0 0.12116935483870968 0.5944365192582025 0.013306451612903225 0.011126961483594865
0 0.2691532258064516 0.6162624821683309 0.25201612903225806 0.017118402282453638
0 0.12237903225806451 0.6171184022824536 0.015725806451612902 0.012553495007132667
0 0.4314516129032258 0.6169757489300999 0.050806451612903224 0.015691868758915834
0 0.8092741935483871 0.6398002853067047 0.050806451612903224 0.013980028530670471
0 0.8544354838709678 0.6398002853067047 0.02661290322580645 0.013980028530670471
0 0.19737903225806452 0.6670470756062767 0.12137096774193548 0.012553495007132667
0 0.35766129032258065 0.6670470756062767 0.16774193548387098 0.012553495007132667
0 0.553024193548387 0.6677603423680456 0.1963709677419355 0.013980028530670471
0 0.7350806451612903 0.6670470756062767 0.13709677419354838 0.012553495007132667
0 0.8411290322580646 0.6679029957203995 0.062096774193548386 0.010841654778887305
0 0.12560483870967742 0.6888730385164051 0.013306451612903225 0.0094151212553495
0 0.1875 0.6888730385164051 0.012903225806451613 0.0094151212553495
0 0.7715725806451613 0.6888730385164051 0.015725806451612902 0.0094151212553495
0 0.5209677419354839 0.6944365192582026 0.012903225806451613 0.010841654778887305
0 0.5495967741935484 0.6935805991440799 0.017741935483870968 0.012553495007132667
0 0.26048387096774195 0.6990014265335235 0.04435483870967742 0.010841654778887305
0 0.3431451612903226 0.6982881597717546 0.03306451612903226 0.012268188302425107
0 0.3675403225806452 0.6982881597717546 0.015725806451612902 0.0094151212553495
0 0.42701612903225805 0.6982881597717546 0.03306451612903226 0.012268188302425107
0 0.4504032258064516 0.6982881597717546 0.017741935483870968 0.012268188302425107
0 0.4669354838709677 0.6982881597717546 0.01532258064516129 0.0094151212553495
0 0.6258064516129033 0.6990014265335235 0.05967741935483871 0.010841654778887305
0 0.5209677419354839 0.704564907275321 0.012903225806451613 0.012268188302425107
0 0.5429435483870968 0.7037089871611982 0.031048387096774193 0.013980028530670471
0 0.12217741935483871 0.7092724679029957 0.041935483870967745 0.012553495007132667
0 0.1808467741935484 0.7092724679029957 0.04395161290322581 0.012553495007132667
0 0.6887096774193548 0.7084165477888731 0.02661290322580645 0.010841654778887305
0 0.7252016129032258 0.7084165477888731 0.0375 0.010841654778887305
0 0.7727822580645162 0.7084165477888731 0.039919354838709675 0.014265335235378032
0 0.8665322580645162 0.7092724679029957 0.06854838709677419 0.012553495007132667
0 0.8080645161290323 0.709129814550642 0.03064516129032258 0.0094151212553495
0 0.12217741935483871 0.7333808844507846 0.041935483870967745 0.020256776034236805
0 0.1808467741935484 0.7295292439372325 0.05766129032258065 0.00912981455064194
0 0.23709677419354838 0.7342368045649073 0.03306451612903226 0.0094151212553495
0 0.26713709677419356 0.7342368045649073 0.02217741935483871 0.0094151212553495
0 0.2913306451612903 0.7342368045649073 0.02217741935483871 0.0094151212553495
0 0.33548387096774196 0.7342368045649073 0.021774193548387097 0.0094151212553495
0 0.3598790322580645 0.7342368045649073 0.02217741935483871 0.0094151212553495
0 0.38064516129032255 0.7342368045649073 0.024193548387096774 0.0094151212553495
0 0.4205645161290323 0.7342368045649073 0.03306451612903226 0.0094151212553495
0 0.4502016129032258 0.7342368045649073 0.02217741935483871 0.0094151212553495
0 0.4745967741935484 0.7342368045649073 0.021774193548387097 0.0094151212553495
0 0.5064516129032258 0.7342368045649073 0.024193548387096774 0.0094151212553495
0 0.5362903225806451 0.7349500713266762 0.02661290322580645 0.010841654778887305
0 0.5661290322580645 0.7342368045649073 0.024193548387096774 0.0094151212553495
0 0.6026209677419355 0.7342368045649073 0.031048387096774193 0.0094151212553495
0 0.6445564516129032 0.7349500713266762 0.04395161290322581 0.010841654778887305
0 0.683266129032258 0.7342368045649073 0.024596774193548387 0.0094151212553495
0 0.7118951612903226 0.7349500713266762 0.028629032258064516 0.010841654778887305
0 0.7372983870967742 0.7342368045649073 0.02217741935483871 0.0094151212553495
0 0.7616935483870968 0.7342368045649073 0.017741935483870968 0.0094151212553495
0 0.7860887096774194 0.7342368045649073 0.02217741935483871 0.0094151212553495
0 0.8122983870967742 0.7342368045649073 0.02217741935483871 0.0094151212553495
0 0.8391129032258065 0.7342368045649073 0.017741935483870968 0.0094151212553495
0 0.8631048387096775 0.7342368045649073 0.02217741935483871 0.0094151212553495
0 0.8897177419354839 0.7342368045649073 0.02217741935483871 0.0094151212553495
0 0.1808467741935484 0.7388017118402282 0.039919354838709675 0.0094151212553495
0 0.2747983870967742 0.773323823109843 0.0375 0.015691868758915834
0 0.3961693548387097 0.774037089871612 0.18346774193548387 0.017118402282453638
0 0.5641129032258064 0.774037089871612 0.1346774193548387 0.017118402282453638
0 0.11471774193548387 0.7747503566333809 0.039919354838709675 0.015691868758915834
0 0.16431451612903225 0.774037089871612 0.01975806451612903 0.014265335235378032
0 0.21391129032258063 0.774037089871612 0.06169354838709677 0.014265335235378032
0 0.6544354838709677 0.774037089871612 0.03306451612903226 0.014265335235378032
0 0.1620967741935484 0.7975748930099857 0.01532258064516129 0.013980028530670471
0 0.21391129032258063 0.796718972895863 0.06169354838709677 0.015691868758915834
0 0.2747983870967742 0.796718972895863 0.0375 0.015691868758915834
0 0.36189516129032256 0.796718972895863 0.11491935483870967 0.015691868758915834
0 0.4558467741935484 0.796718972895863 0.05524193548387097 0.015691868758915834
0 0.5288306451612903 0.796718972895863 0.07298387096774193 0.015691868758915834
0 0.6159274193548387 0.796718972895863 0.08830645161290322 0.015691868758915834
0 0.6909274193548387 0.796718972895863 0.02217741935483871 0.015691868758915834
