0 0.13346774193548386 0.09514978601997147 0.050806451612903224 0.015691868758915834
0 0.4435483870967742 0.1115549215406562 0.075 0.010841654778887305
0 0.504233870967742 0.1115549215406562 0.028629032258064516 0.010841654778887305
0 0.5705645161290323 0.1115549215406562 0.09032258064516129 0.010841654778887305
0 0.8709677419354839 0.14907275320970043 0.09032258064516129 0.04821683309557775
0 0.42701612903225805 0.1544935805991441 0.20967741935483872 0.021968616262482168
0 0.6247983870967742 0.1544935805991441 0.1504032258064516 0.021968616262482168
0 0.8862903225806451 0.17631954350927245 0.050806451612903224 0.012553495007132667
0 0.8487903225806451 0.17874465049928673 0.01532258064516129 0.007703281027104137
0 0.20504032258064517 0.21626248216833097 0.07943548387096774 0.017118402282453638
0 0.12016129032258065 0.21626248216833097 0.03790322580645161 0.014265335235378032
0 0.12903225806451613 0.2396576319543509 0.05967741935483871 0.017118402282453638
0 0.11915322580645162 0.262339514978602 0.039919354838709675 0.015691868758915834
0 0.1941532258064516 0.262339514978602 0.06169354838709677 0.015691868758915834
0 0.2657258064516129 0.262339514978602 0.05967741935483871 0.015691868758915834
0 0.3663306451612903 0.262339514978602 0.11895161290322581 0.015691868758915834
0 0.5066532258064516 0.262339514978602 0.08185483870967741 0.015691868758915834
0 0.5784274193548387 0.262339514978602 0.039919354838709675 0.015691868758915834
0 0.629233870967742 0.262339514978602 0.039919354838709675 0.015691868758915834
0 0.6790322580645162 0.262339514978602 0.041935483870967745 0.015691868758915834
0 0.7284274193548387 0.262339514978602 0.039919354838709675 0.015691868758915834
0 0.4469758064516129 0.2631954350927247 0.01975806451612903 0.013980028530670471
0 0.65625 0.2951497860199715 0.07137096774193548 0.016262482168330955
0 0.15120967741935484 0.2967189728958631 0.050806451612903224 0.015406562054208274
0 0.25705645161290325 0.2967189728958631 0.13911290322580644 0.015406562054208274
0 0.4459677419354839 0.2967189728958631 0.2120967741935484 0.015406562054208274
0 0.5806451612903226 0.2967189728958631 0.062096774193548386 0.015406562054208274
0 0.7340725806451613 0.2967189728958631 0.059274193548387095 0.015406562054208274
0 0.8356854838709677 0.2967189728958631 0.12137096774193548 0.015406562054208274
0 0.1034274193548387 0.29757489300998574 0.013306451612903225 0.010841654778887305
0 0.9161290322580645 0.29743223965763194 0.017741935483870968 0.013980028530670471
0 0.25544354838709676 0.3208273894436519 0.08024193548387097 0.016833095577746076
0 0.16653225806451613 0.3202567760342368 0.0814516129032258 0.015691868758915834
0 0.3320564516129032 0.3202567760342368 0.046370967741935484 0.015691868758915834
0 0.14899193548387096 0.3419400855920114 0.046370967741935484 0.015691868758915834
0 0.22056451612903225 0.3419400855920114 0.062096774193548386 0.015691868758915834
0 0.32318548387096774 0.3419400855920114 0.12137096774193548 0.015691868758915834
0 0.46915322580645163 0.3419400855920114 0.08185483870967741 0.015691868758915834
0 0.5409274193548387 0.3419400855920114 0.039919354838709675 0.015691868758915834
0 0.5949596774193548 0.3419400855920114 0.0375 0.015691868758915834
0 0.646774193548387 0.3419400855920114 0.03951612903225806 0.015691868758915834
0 0.7096774193548387 0.3419400855920114 0.05967741935483871 0.015691868758915834
0 0.7836693548387097 0.3419400855920114 0.06169354838709677 0.015691868758915834
0 0.8455645161290323 0.3419400855920114 0.03951612903225806 0.015691868758915834
0 0.8985887096774193 0.3419400855920114 0.039919354838709675 0.015691868758915834
0 0.10241935483870968 0.34350927246790297 0.01532258064516129 0.012553495007132667
0 0.40504032258064515 0.3427960057061341 0.01975806451612903 0.013980028530670471
0 0.15766129032258064 0.36547788873038517 0.06370967741935483 0.015406562054208274
0 0.12782258064516128 0.38730385164051356 0.02661290322580645 0.015691868758915834
0 0.2006048387096774 0.38730385164051356 0.08830645161290322 0.015691868758915834
0 0.27903225806451615 0.38815977175463623 0.050806451612903224 0.013980028530670471
0 0.35766129032258065 0.3890156918687589 0.10161290322580645 0.015691868758915834
0 0.44818548387096774 0.38815977175463623 0.06169354838709677 0.013980028530670471
0 0.4844758064516129 0.38887303851640515 0.010887096774193548 0.012553495007132667
0 0.5088709677419355 0.38815977175463623 0.041935483870967745 0.013980028530670471
0 0.27681451612903224 0.41069900142653354 0.046370967741935484 0.015691868758915834
0 0.33548387096774196 0.41069900142653354 0.062096774193548386 0.015691868758915834
0 0.38629032258064516 0.41069900142653354 0.03951612903225806 0.015691868758915834
0 0.47358870967741934 0.41069900142653354 0.1125 0.015691868758915834
0 0.5673387096774194 0.41069900142653354 0.05725806451612903 0.015691868758915834
0 0.629233870967742 0.41069900142653354 0.05766129032258065 0.015691868758915834
0 0.6877016129032258 0.41069900142653354 0.05524193548387097 0.015691868758915834
0 0.7308467741935484 0.41069900142653354 0.02217741935483871 0.015691868758915834
0 0.7725806451612903 0.41069900142653354 0.05725806451612903 0.015691868758915834
0 0.8235887096774194 0.41069900142653354 0.039919354838709675 0.015691868758915834
0 0.8667338709677419 0.4099857346647646 0.0375 0.014265335235378032
0 0.2306451612903226 0.4333808844507846 0.03306451612903226 0.017118402282453638
0 0.13004032258064516 0.43423680456490726 0.02620967741935484 0.012553495007132667
0 0.17983870967741936 0.43423680456490726 0.050806451612903224 0.015406562054208274
0 0.2846774193548387 0.43423680456490726 0.062096774193548386 0.015406562054208274
0 0.3377016129032258 0.43423680456490726 0.02217741935483871 0.015406562054208274
0 0.3717741935483871 0.43423680456490726 0.03306451612903226 0.015406562054208274
0 0.42701612903225805 0.43423680456490726 0.05967741935483871 0.015406562054208274
0 0.12681451612903225 0.45606276747503566 0.024596774193548387 0.015691868758915834
0 0.20181451612903226 0.45606276747503566 0.0907258064516129 0.015691868758915834
0 0.26814516129032256 0.45606276747503566 0.020161290322580645 0.015691868758915834
0 0.31108870967741936 0.45606276747503566 0.039919354838709675 0.015691868758915834
0 0.35201612903225804 0.45606276747503566 0.020161290322580645 0.015691868758915834
0 0.44576612903225804 0.45606276747503566 0.039919354838709675 0.015691868758915834
0 0.5286290322580646 0.45606276747503566 0.10403225806451613 0.015691868758915834
0 0.6423387096774194 0.45606276747503566 0.11048387096774194 0.015691868758915834
0 0.7518145161290323 0.45606276747503566 0.0907258064516129 0.015691868758915834
0 0.8411290322580646 0.45606276747503566 0.05725806451612903 0.015691868758915834
0 0.3929435483870968 0.4569186875891583 0.039919354838709675 0.013980028530670471
0 0.8941532258064516 0.4569186875891583 0.03508064516129032 0.013980028530670471
0 0.18528225806451612 0.47945791726105563 0.05766129032258065 0.015691868758915834
0 0.24495967741935484 0.47945791726105563 0.04879032258064516 0.015691868758915834
0 0.11471774193548387 0.5248216833095578 0.039919354838709675 0.015691868758915834
0 0.20745967741935484 0.5248216833095578 0.04879032258064516 0.015691868758915834
0 0.27580645161290324 0.5248216833095578 0.062096774193548386 0.015691868758915834
0 0.37641129032258064 0.5248216833095578 0.12137096774193548 0.015691868758915834
0 0.4570564516129032 0.5248216833095578 0.02217741935483871 0.015691868758915834
0 0.5175403225806452 0.5248216833095578 0.08185483870967741 0.015691868758915834
0 0.5883064516129032 0.5248216833095578 0.041935483870967745 0.015691868758915834
0 0.6391129032258065 0.5248216833095578 0.041935483870967745 0.015691868758915834
0 0.6899193548387097 0.5248216833095578 0.041935483870967745 0.015691868758915834
0 0.7360887096774194 0.5248216833095578 0.0375 0.015691868758915834
0 0.16532258064516128 0.5263908701854494 0.017741935483870968 0.012553495007132667
0 0.37641129032258064 0.5475035663338088 0.12137096774193548 0.017118402282453638
0 0.16431451612903225 0.5475035663338088 0.01975806451612903 0.014265335235378032
0 0.20846774193548387 0.5475035663338088 0.050806451612903224 0.014265335235378032
0 0.27580645161290324 0.5482168330955778 0.062096774193548386 0.015691868758915834
0 0.4570564516129032 0.5482168330955778 0.02217741935483871 0.015691868758915834
0 0.5175403225806452 0.5482168330955778 0.08185483870967741 0.015691868758915834
0 0.5872983870967742 0.5482168330955778 0.039919354838709675 0.015691868758915834
0 0.6381048387096774 0.5475035663338088 0.039919354838709675 0.014265335235378032
0 0.6887096774193548 0.5475035663338088 0.03951612903225806 0.014265335235378032
0 0.7362903225806452 0.5482168330955778 0.03306451612903226 0.015691868758915834
0 0.7915322580645161 0.5482168330955778 0.024193548387096774 0.015691868758915834
0 0.42379032258064514 0.8029957203994293 0.03064516129032258 0.0094151212553495
0 0.4612903225806452 0.8029957203994293 0.035483870967741936 0.0094151212553495
0 0.2306451612903226 0.8069900142653352 0.050806451612903224 0.013980028530670471
0 0.13004032258064516 0.8084165477888731 0.05282258064516129 0.011126961483594865
0 0.3157258064516129 0.8092724679029957 0.02661290322580645 0.0094151212553495
0 0.4338709677419355 0.816262482168331 0.050806451612903224 0.014265335235378032
0 0.12439516129032258 0.8427960057061341 0.046370967741935484 0.010841654778887305
0 0.18649193548387097 0.8419400855920114 0.05524193548387097 0.012553495007132667
0 0.2814516129032258 0.8419400855920114 0.050806451612903224 0.012553495007132667
0 0.20181451612903226 0.8639087018544935 0.11733870967741936 0.015406562054208274
0 0.31451612903225806 0.8646219686162625 0.08629032258064516 0.013980028530670471
0 0.11794354838709678 0.8726105563480742 0.03346774193548387 0.013980028530670471
0 0.5463709677419355 0.8717546362339514 0.03306451612903226 0.012268188302425107
0 0.16653225806451613 0.8803138373751783 0.041935483870967745 0.011126961483594865
0 0.3685483870967742 0.8982881597717546 0.0532258064516129 0.015691868758915834
0 0.519758064516129 0.8982881597717546 0.08629032258064516 0.015691868758915834
0 0.11028225806451612 0.8990014265335236 0.013306451612903225 0.010841654778887305
0 0.14899193548387096 0.8982881597717546 0.046370967741935484 0.012268188302425107
0 0.2439516129032258 0.8991440798858773 0.06854838709677419 0.013980028530670471
0 0.3100806451612903 0.8991440798858773 0.050806451612903224 0.013980028530670471
0 0.43588709677419357 0.8991440798858773 0.06854838709677419 0.013980028530670471
0 0.6842741935483871 0.8991440798858773 0.04435483870967742 0.013980028530670471
0 0.7318548387096774 0.8990014265335236 0.03306451612903226 0.010841654778887305
0 0.757258064516129 0.8982881597717546 0.017741935483870968 0.012268188302425107
0 0.8411290322580646 0.8990014265335236 0.017741935483870968 0.010841654778887305
0 0.7868951612903226 0.9007132667617689 0.028629032258064516 0.010841654778887305
0 0.816733870967742 0.9007132667617689 0.02217741935483871 0.010841654778887305
0 0.8014112903225806 0.9171184022824537 0.09314516129032258 0.015691868758915834
0 0.11895161290322581 0.9178316690442225 0.035483870967741936 0.010841654778887305
0 0.15766129032258064 0.9178316690442225 0.02903225806451613 0.010841654778887305
0 0.19536290322580646 0.9169757489300998 0.0375 0.012553495007132667
0 0.33326612903225805 0.9169757489300998 0.04395161290322581 0.012553495007132667
0 0.3784274193548387 0.9169757489300998 0.028629032258064516 0.012553495007132667
0 0.411491935483871 0.9169757489300998 0.028629032258064516 0.012553495007132667
0 0.4491935483870968 0.9169757489300998 0.03790322580645161 0.012553495007132667
0 0.5826612903225806 0.9186875891583453 0.1282258064516129 0.012553495007132667
0 0.6612903225806451 0.9185449358059914 0.01532258064516129 0.0094151212553495
0 0.3651209677419355 0.9382310984308131 0.046370967741935484 0.013980028530670471
0 0.42600806451612905 0.9389443651925821 0.06169354838709677 0.012553495007132667
0 0.5298387096774193 0.9382310984308131 0.03064516129032258 0.013980028530670471
0 0.5752016129032258 0.9382310984308131 0.046370967741935484 0.013980028530670471
0 0.4844758064516129 0.9389443651925821 0.046370967741935484 0.012553495007132667
0 0.6435483870967742 0.9389443651925821 0.07741935483870968 0.012553495007132667
