0 0.3431451612903226 0.8068473609129815 0.0814516129032258 0.010841654778887305
0 0.8036290322580645 0.8061340941512125 0.021774193548387097 0.0094151212553495
0 0.8354838709677419 0.8061340941512125 0.03306451612903226 0.0094151212553495
0 0.8643145161290322 0.8061340941512125 0.015725806451612902 0.0094151212553495
0 0.886491935483871 0.8061340941512125 0.015725806451612902 0.0094151212553495
0 0.12338709677419354 0.8131241084165478 0.04435483870967742 0.010841654778887305
0 0.5451612903225806 0.8131241084165478 0.08387096774193549 0.010841654778887305
0 0.722983870967742 0.8122681883024251 0.041935483870967745 0.012553495007132667
0 0.21068548387096775 0.8194008559201141 0.046370967741935484 0.014265335235378032
0 0.6125 0.8194008559201141 0.050806451612903224 0.014265335235378032
0 0.813508064516129 0.8194008559201141 0.046370967741935484 0.014265335235378032
0 0.3155241935483871 0.8202567760342367 0.031048387096774193 0.012553495007132667
0 0.411491935483871 0.8202567760342367 0.046370967741935484 0.012553495007132667
0 0.18528225806451612 0.8412268188302425 0.05766129032258065 0.013980028530670471
0 0.27358870967741933 0.8412268188302425 0.04879032258064516 0.013980028530670471
0 0.37298387096774194 0.8419400855920114 0.05725806451612903 0.012553495007132667
0 0.45907258064516127 0.8419400855920114 0.04395161290322581 0.012553495007132667
0 0.12439516129032258 0.8427960057061341 0.046370967741935484 0.010841654778887305
0 0.5165322580645161 0.869472182596291 0.03064516129032258 0.013980028530670471
0 0.1157258064516129 0.8710413694721826 0.02903225806451613 0.010841654778887305
0 0.18951612903225806 0.8710413694721826 0.09274193548387097 0.010841654778887305
0 0.25483870967741934 0.8710413694721826 0.03790322580645161 0.010841654778887305
0 0.10907258064516129 0.8990014265335236 0.010887096774193548 0.010841654778887305
0 0.15100806451612903 0.8990014265335236 0.046370967741935484 0.010841654778887305
0 0.23709677419354838 0.8998573466476462 0.05967741935483871 0.012553495007132667
0 0.2969758064516129 0.8991440798858773 0.046370967741935484 0.013980028530670471
0 0.3497983870967742 0.8991440798858773 0.046370967741935484 0.013980028530670471
0 0.40161290322580645 0.8991440798858773 0.04838709677419355 0.013980028530670471
0 0.4491935483870968 0.8990014265335236 0.03306451612903226 0.010841654778887305
0 0.5076612903225807 0.8991440798858773 0.075 0.013980028530670471
0 0.7288306451612904 0.9001426533523538 0.0842741935483871 0.010271041369472182
0 0.6655241935483871 0.9005706134094151 0.0375 0.007703281027104137
0 0.7848790322580645 0.9014265335235377 0.01975806451612903 0.0094151212553495
0 0.8048387096774193 0.9005706134094151 0.01532258064516129 0.007703281027104137
0 0.12237903225806451 0.9271041369472183 0.046370967741935484 0.013980028530670471
0 0.3377016129032258 0.9279600570613409 0.06169354838709677 0.012268188302425107
0 0.776008064516129 0.9271041369472183 0.08185483870967741 0.013980028530670471
0 0.15423387096774194 0.9279600570613409 0.013306451612903225 0.0094151212553495
0 0.18649193548387097 0.9279600570613409 0.028629032258064516 0.0094151212553495
0 0.22600806451612904 0.9279600570613409 0.05524193548387097 0.0094151212553495
0 0.2659274193548387 0.9279600570613409 0.028629032258064516 0.0094151212553495
0 0.4324596774193548 0.9279600570613409 0.1060483870967742 0.0094151212553495
0 0.5872983870967742 0.9286733238231099 0.12379032258064517 0.010841654778887305
0 0.6612903225806451 0.9288159771754636 0.01532258064516129 0.007703281027104137
0 0.3752016129032258 0.9529243937232524 0.05282258064516129 0.012553495007132667
0 0.44576612903225804 0.9522111269614836 0.07943548387096774 0.013980028530670471
0 0.5054435483870968 0.9522111269614836 0.031048387096774193 0.013980028530670471
0 0.5506048387096775 0.9522111269614836 0.046370967741935484 0.013980028530670471
0 0.6149193548387096 0.9522111269614836 0.06854838709677419 0.013980028530670471
