0 0.3939516129032258 0.07717546362339515 0.03306451612903226 0.013980028530670471
0 0.4901209677419355 0.07717546362339515 0.04879032258064516 0.013980028530670471
0 0.5506048387096775 0.07717546362339515 0.06411290322580646 0.013980028530670471
0 0.6026209677419355 0.07717546362339515 0.031048387096774193 0.013980028530670471
0 0.4405241935483871 0.07874465049928674 0.046370967741935484 0.010841654778887305
0 0.13346774193548386 0.09514978601997147 0.050806451612903224 0.015691868758915834
0 0.5199596774193549 0.12325249643366619 0.21411290322580645 0.025106990014265335
0 0.3875 0.12325249643366619 0.03306451612903226 0.02168330955777461
0 0.8620967741935484 0.1209700427960057 0.07258064516129033 0.014265335235378032
0 0.11915322580645162 0.18587731811697575 0.039919354838709675 0.015691868758915834
0 0.1941532258064516 0.18587731811697575 0.07943548387096774 0.015691868758915834
0 0.12560483870967742 0.20927246790299572 0.05766129032258065 0.015691868758915834
0 0.41391129032258067 0.23195435092724678 0.08185483870967741 0.017118402282453638
0 0.11915322580645162 0.2326676176890157 0.039919354838709675 0.015691868758915834
0 0.18870967741935485 0.2326676176890157 0.06854838709677419 0.015691868758915834
0 0.27157258064516127 0.2326676176890157 0.07943548387096774 0.015691868758915834
0 0.3443548387096774 0.2326676176890157 0.03951612903225806 0.015691868758915834
0 0.4846774193548387 0.2326676176890157 0.041935483870967745 0.015691868758915834
0 0.5342741935483871 0.2326676176890157 0.03951612903225806 0.015691868758915834
0 0.17963709677419354 0.2616262482168331 0.1125 0.017118402282453638
0 0.28689516129032255 0.2607703281027104 0.1060483870967742 0.015406562054208274
0 0.555241935483871 0.2607703281027104 0.19193548387096773 0.015406562054208274
0 0.8352822580645162 0.26191155492154067 0.10846774193548388 0.017118402282453638
0 0.10463709677419354 0.262339514978602 0.015725806451612902 0.012268188302425107
0 0.3663306451612903 0.2614835948644793 0.031048387096774193 0.013980028530670471
0 0.4183467741935484 0.2614835948644793 0.05524193548387097 0.013980028530670471
0 0.6743951612903226 0.2614835948644793 0.028629032258064516 0.013980028530670471
0 0.7362903225806452 0.2614835948644793 0.07258064516129033 0.013980028530670471
0 0.10241935483870968 0.2850213980028531 0.01532258064516129 0.014265335235378032
0 0.16431451612903225 0.28430813124108417 0.08588709677419355 0.015691868758915834
0 0.2602822580645161 0.28430813124108417 0.07943548387096774 0.015691868758915834
0 0.3707661290322581 0.28430813124108417 0.11895161290322581 0.015691868758915834
0 0.4602822580645161 0.28430813124108417 0.0375 0.015691868758915834
0 0.519758064516129 0.28430813124108417 0.05967741935483871 0.015691868758915834
0 0.5917338709677419 0.28430813124108417 0.06169354838709677 0.015691868758915834
0 0.6699596774193548 0.28430813124108417 0.07701612903225806 0.015691868758915834
0 0.7417338709677419 0.28430813124108417 0.039919354838709675 0.015691868758915834
0 0.8024193548387096 0.28430813124108417 0.05967741935483871 0.015691868758915834
0 0.8731854838709677 0.28430813124108417 0.059274193548387095 0.015691868758915834
0 0.21391129032258063 0.30699001426533523 0.07943548387096774 0.017118402282453638
0 0.3056451612903226 0.30699001426533523 0.0814516129032258 0.017118402282453638
0 0.5064516129032258 0.30699001426533523 0.05967741935483871 0.017118402282453638
0 0.5872983870967742 0.30613409415121257 0.07943548387096774 0.015406562054208274
0 0.6711693548387097 0.30699001426533523 0.06653225806451613 0.017118402282453638
0 0.14556451612903226 0.30770328102710415 0.03951612903225806 0.015691868758915834
0 0.3752016129032258 0.3068473609129814 0.039919354838709675 0.013980028530670471
0 0.4348790322580645 0.3068473609129814 0.06169354838709677 0.013980028530670471
0 0.12883064516129034 0.3482168330955777 0.028629032258064516 0.015691868758915834
0 0.30786290322580645 0.34907275320970044 0.09959677419354838 0.017403708987161197
0 0.38729838709677417 0.3482168330955777 0.05524193548387097 0.015691868758915834
0 0.5453629032258065 0.34907275320970044 0.2560483870967742 0.017403708987161197
0 0.16108870967741937 0.34907275320970044 0.02217741935483871 0.013980028530670471
0 0.19193548387096773 0.34907275320970044 0.021774193548387097 0.013980028530670471
0 0.22298387096774194 0.34907275320970044 0.017741935483870968 0.011126961483594865
0 0.12560483870967742 0.3710413694721826 0.02217741935483871 0.013980028530670471
0 0.1907258064516129 0.3717546362339515 0.07741935483870968 0.015406562054208274
0 0.20181451612903226 0.39828815977175464 0.05524193548387097 0.015406562054208274
0 0.3774193548387097 0.3975748930099857 0.035483870967741936 0.013980028530670471
0 0.49879032258064515 0.3975748930099857 0.035483870967741936 0.013980028530670471
0 0.6092741935483871 0.3975748930099857 0.07096774193548387 0.013980028530670471
0 0.7417338709677419 0.39828815977175464 0.04879032258064516 0.012553495007132667
0 0.20423387096774193 0.4131241084165478 0.0375 0.014265335235378032
0 0.5098790322580645 0.41398002853067045 0.06653225806451613 0.012553495007132667
0 0.6997983870967742 0.4131241084165478 0.039919354838709675 0.014265335235378032
0 0.7550403225806451 0.41469329529243937 0.07056451612903226 0.011126961483594865
0 0.2028225806451613 0.4295292439372325 0.09274193548387097 0.012268188302425107
0 0.3850806451612903 0.4303851640513552 0.08629032258064516 0.013980028530670471
0 0.4669354838709677 0.4310984308131241 0.01532258064516129 0.012553495007132667
0 0.5020161290322581 0.43024251069900143 0.050806451612903224 0.010841654778887305
0 0.629233870967742 0.4310984308131241 0.05766129032258065 0.012553495007132667
0 0.6933467741935484 0.4310984308131241 0.02217741935483871 0.012553495007132667
0 0.7274193548387097 0.43024251069900143 0.050806451612903224 0.010841654778887305
0 0.7695564516129032 0.43024251069900143 0.0375 0.010841654778887305
0 0.20403225806451614 0.44593437945791725 0.10806451612903226 0.014265335235378032
0 0.3774193548387097 0.44593437945791725 0.09274193548387097 0.014265335235378032
0 0.5088709677419355 0.44593437945791725 0.06854838709677419 0.014265335235378032
0 0.6403225806451613 0.44593437945791725 0.035483870967741936 0.014265335235378032
0 0.6921370967741935 0.44593437945791725 0.024596774193548387 0.014265335235378032
0 0.7274193548387097 0.4467902995720399 0.050806451612903224 0.012553495007132667
0 0.4657258064516129 0.44750356633380883 0.012903225806451613 0.011126961483594865
0 0.6104838709677419 0.44750356633380883 0.024193548387096774 0.011126961483594865
0 0.7705645161290322 0.44750356633380883 0.03951612903225806 0.011126961483594865
0 0.12560483870967742 0.4717546362339515 0.02217741935483871 0.015691868758915834
0 0.19193548387096773 0.4717546362339515 0.07983870967741935 0.015691868758915834
0 0.34758064516129034 0.4717546362339515 0.17419354838709677 0.015691868758915834
0 0.19193548387096773 0.4944365192582026 0.08387096774193549 0.017118402282453638
0 0.12560483870967742 0.4942938659058488 0.02217741935483871 0.013980028530670471
0 0.2881048387096774 0.4942938659058488 0.05524193548387097 0.013980028530670471
0 0.35201612903225804 0.49514978601997145 0.054838709677419356 0.015691868758915834
0 0.40504032258064515 0.49514978601997145 0.0375 0.015691868758915834
0 0.4381048387096774 0.49514978601997145 0.01975806451612903 0.015691868758915834
0 0.47580645161290325 0.49514978601997145 0.041935483870967745 0.015691868758915834
0 0.5594758064516129 0.49514978601997145 0.1125 0.015691868758915834
0 0.6600806451612903 0.49514978601997145 0.075 0.015691868758915834
0 0.7439516129032258 0.49514978601997145 0.075 0.015691868758915834
0 0.8465725806451613 0.49514978601997145 0.1125 0.015691868758915834
0 0.51875 0.5398002853067047 0.11895161290322581 0.017118402282453638
0 0.6737903225806452 0.538944365192582 0.17258064516129032 0.01825962910128388
0 0.11008064516129032 0.5405135520684736 0.017741935483870968 0.015691868758915834
0 0.14012096774193547 0.5405135520684736 0.01975806451612903 0.015691868758915834
0 0.23266129032258065 0.5405135520684736 0.06854838709677419 0.015691868758915834
0 0.27681451612903224 0.5396576319543509 0.01975806451612903 0.013980028530670471
0 0.3278225806451613 0.5405135520684736 0.05967741935483871 0.015691868758915834
0 0.40725806451612906 0.5405135520684736 0.07741935483870968 0.015691868758915834
0 0.1808467741935484 0.5412268188302425 0.017338709677419354 0.010841654778887305
0 0.3167338709677419 0.5631954350927246 0.08185483870967741 0.017118402282453638
0 0.40625 0.5631954350927246 0.07943548387096774 0.017118402282453638
0 0.5032258064516129 0.5631954350927246 0.09274193548387097 0.017118402282453638
0 0.17963709677419354 0.5630527817403709 0.01975806451612903 0.013980028530670471
0 0.23165322580645162 0.5630527817403709 0.06653225806451613 0.013980028530670471
0 0.23830645161290323 0.5865905848787446 0.07983870967741935 0.017118402282453638
0 0.3320564516129032 0.5858773181169757 0.08185483870967741 0.015691868758915834
0 0.4393145161290323 0.5858773181169757 0.11491935483870967 0.015691868758915834
0 0.5342741935483871 0.5858773181169757 0.02661290322580645 0.015691868758915834
0 0.17883064516129032 0.5874465049928673 0.013306451612903225 0.012553495007132667
0 0.12116935483870968 0.7834522111269615 0.04395161290322581 0.014265335235378032
0 0.7318548387096774 0.7843081312410841 0.054838709677419356 0.012553495007132667
0 0.3443548387096774 0.7850213980028531 0.08387096774193549 0.011126961483594865
0 0.5429435483870968 0.7843081312410841 0.08830645161290322 0.012553495007132667
0 0.2127016129032258 0.7912981455064194 0.046370967741935484 0.013980028530670471
0 0.4127016129032258 0.7912981455064194 0.04879032258064516 0.013980028530670471
0 0.6127016129032258 0.7912981455064194 0.046370967741935484 0.013980028530670471
0 0.813508064516129 0.7912981455064194 0.046370967741935484 0.013980028530670471
0 0.41169354838709676 0.8061340941512125 0.03306451612903226 0.0094151212553495
0 0.4415322580645161 0.8061340941512125 0.017741935483870968 0.0094151212553495
0 0.463508064516129 0.8061340941512125 0.017338709677419354 0.0094151212553495
0 0.12217741935483871 0.8122681883024251 0.041935483870967745 0.012553495007132667
0 0.3157258064516129 0.8131241084165478 0.02661290322580645 0.014265335235378032
0 0.21068548387096775 0.8202567760342367 0.046370967741935484 0.012553495007132667
0 0.411491935483871 0.8202567760342367 0.046370967741935484 0.012553495007132667
0 0.19959677419354838 0.8412268188302425 0.08629032258064516 0.013980028530670471
0 0.27237903225806454 0.8412268188302425 0.046370967741935484 0.013980028530670471
0 0.3850806451612903 0.8412268188302425 0.08629032258064516 0.013980028530670471
0 0.45907258064516127 0.8412268188302425 0.04879032258064516 0.013980028530670471
0 0.12439516129032258 0.8427960057061341 0.046370967741935484 0.010841654778887305
0 0.11471774193548387 0.8701854493580599 0.031048387096774193 0.012553495007132667
0 0.20080645161290323 0.8708987161198288 0.11935483870967742 0.013980028530670471
0 0.5165322580645161 0.8701854493580599 0.03064516129032258 0.012553495007132667
0 0.10907258064516129 0.8990014265335236 0.010887096774193548 0.010841654778887305
0 0.15100806451612903 0.8990014265335236 0.046370967741935484 0.010841654778887305
0 0.23608870967741935 0.8991440798858773 0.06169354838709677 0.013980028530670471
0 0.2979838709677419 0.8991440798858773 0.04838709677419355 0.013980028530670471
0 0.3497983870967742 0.8991440798858773 0.046370967741935484 0.013980028530670471
0 0.40826612903225806 0.8991440798858773 0.06169354838709677 0.013980028530670471
0 0.5145161290322581 0.8991440798858773 0.09274193548387097 0.013980028530670471
0 0.6826612903225806 0.9028530670470756 0.07338709677419354 0.011697574893009986
0 0.4558467741935484 0.8998573466476462 0.015725806451612902 0.00912981455064194
0 0.7362903225806452 0.9014265335235377 0.020161290322580645 0.0094151212553495
0 0.7560483870967742 0.9005706134094151 0.01532258064516129 0.007703281027104137
0 0.12237903225806451 0.9271041369472183 0.046370967741935484 0.013980028530670471
0 0.33649193548387096 0.9271041369472183 0.06411290322580646 0.013980028530670471
0 0.757258064516129 0.9271041369472183 0.04838709677419355 0.013980028530670471
0 0.15423387096774194 0.9279600570613409 0.013306451612903225 0.0094151212553495
0 0.2252016129032258 0.9279600570613409 0.1060483870967742 0.0094151212553495
0 0.4149193548387097 0.9279600570613409 0.07096774193548387 0.0094151212553495
0 0.5429435483870968 0.9286733238231099 0.039919354838709675 0.010841654778887305
0 0.5949596774193548 0.9286733238231099 0.06411290322580646 0.010841654778887305
0 0.8046370967741936 0.9286733238231099 0.028629032258064516 0.010841654778887305
0 0.6391129032258065 0.9288159771754636 0.01532258064516129 0.007703281027104137
0 0.34213709677419357 0.9522111269614836 0.04879032258064516 0.013980028530670471
0 0.4183467741935484 0.9522111269614836 0.09475806451612903 0.013980028530670471
0 0.49879032258064515 0.9522111269614836 0.04838709677419355 0.013980028530670471
0 0.5606854838709677 0.9529243937232524 0.06169354838709677 0.012553495007132667
0 0.6356854838709678 0.9522111269614836 0.07943548387096774 0.013980028530670471
