0 0.37298387096774194 0.07788873038516406 0.14112903225806453 0.012553495007132667
0 0.4814516129032258 0.07689015691868759 0.062096774193548386 0.011126961483594865
0 0.5375 0.07788873038516406 0.03790322580645161 0.012553495007132667
0 0.592741935483871 0.07788873038516406 0.05967741935483871 0.012553495007132667
0 0.6633064516129032 0.07874465049928674 0.06854838709677419 0.010841654778887305
0 0.13346774193548386 0.09514978601997147 0.050806451612903224 0.015691868758915834
0 0.3784274193548387 0.12239657631954351 0.12137096774193548 0.023395149786019972
0 0.5584677419354839 0.12325249643366619 0.23870967741935484 0.025106990014265335
0 0.11915322580645162 0.18587731811697575 0.039919354838709675 0.015691868758915834
0 0.1941532258064516 0.18587731811697575 0.07943548387096774 0.015691868758915834
0 0.12560483870967742 0.20927246790299572 0.05766129032258065 0.015691868758915834
0 0.11915322580645162 0.2326676176890157 0.039919354838709675 0.015691868758915834
0 0.1875 0.2326676176890157 0.06612903225806452 0.015691868758915834
0 0.2627016129032258 0.2326676176890157 0.06169354838709677 0.015691868758915834
0 0.3631048387096774 0.2326676176890157 0.12137096774193548 0.015691868758915834
0 0.4723790322580645 0.2326676176890157 0.07943548387096774 0.015691868758915834
0 0.5429435483870968 0.2326676176890157 0.039919354838709675 0.015691868758915834
0 0.59375 0.2326676176890157 0.039919354838709675 0.015691868758915834
0 0.2602822580645161 0.2607703281027104 0.1060483870967742 0.015406562054208274
0 0.4570564516129032 0.2607703281027104 0.1060483870967742 0.015406562054208274
0 0.10463709677419354 0.262339514978602 0.015725806451612902 0.012268188302425107
0 0.16108870967741937 0.2614835948644793 0.07056451612903226 0.013980028530670471
0 0.20181451612903226 0.2616262482168331 0.010887096774193548 0.010841654778887305
0 0.32661290322580644 0.2614835948644793 0.021774193548387097 0.013980028530670471
0 0.36532258064516127 0.2614835948644793 0.05967741935483871 0.013980028530670471
0 0.15645161290322582 0.30613409415121257 0.06612903225806452 0.015406562054208274
0 0.23266129032258065 0.30613409415121257 0.05967741935483871 0.015406562054208274
0 0.33548387096774196 0.30699001426533523 0.12338709677419354 0.017118402282453638
0 0.42600806451612905 0.30613409415121257 0.039919354838709675 0.015406562054208274
0 0.5088709677419355 0.30699001426533523 0.09919354838709678 0.017118402282453638
0 0.6645161290322581 0.30699001426533523 0.03951612903225806 0.017118402282453638
0 0.7358870967741935 0.30756062767475034 0.08225806451612903 0.016547788873038517
0 0.8201612903225807 0.30613409415121257 0.06370967741935483 0.015406562054208274
0 0.10241935483870968 0.30756062767475034 0.01129032258064516 0.012553495007132667
0 0.6026209677419355 0.30770328102710415 0.06169354838709677 0.015691868758915834
0 0.8842741935483871 0.3068473609129814 0.041935483870967745 0.013980028530670471
0 0.12459677419354839 0.32952924393723254 0.05967741935483871 0.015406562054208274
0 0.18528225806451612 0.32952924393723254 0.039919354838709675 0.015406562054208274
0 0.2879032258064516 0.32952924393723254 0.1435483870967742 0.015406562054208274
0 0.39838709677419354 0.32952924393723254 0.05967741935483871 0.015406562054208274
0 0.4502016129032258 0.32952924393723254 0.02217741935483871 0.015406562054208274
0 0.5 0.32952924393723254 0.05967741935483871 0.015406562054208274
0 0.5717741935483871 0.32952924393723254 0.062096774193548386 0.015406562054208274
0 0.645766129032258 0.32952924393723254 0.06411290322580646 0.015406562054208274
0 0.15645161290322582 0.3778887303851641 0.06612903225806452 0.015691868758915834
0 0.23165322580645162 0.3778887303851641 0.06169354838709677 0.015691868758915834
0 0.3320564516129032 0.37874465049928674 0.12137096774193548 0.017403708987161197
0 0.4215725806451613 0.3778887303851641 0.039919354838709675 0.015691868758915834
0 0.49213709677419354 0.37874465049928674 0.07943548387096774 0.017403708987161197
0 0.10564516129032259 0.37874465049928674 0.017741935483870968 0.013980028530670471
0 0.15544354838709679 0.40456490727532096 0.01975806451612903 0.012553495007132667
0 0.21733870967741936 0.40385164051355205 0.024193548387096774 0.013980028530670471
0 0.27358870967741933 0.40385164051355205 0.031048387096774193 0.013980028530670471
0 0.30786290322580645 0.40385164051355205 0.01975806451612903 0.013980028530670471
0 0.3443548387096774 0.40385164051355205 0.035483870967741936 0.013980028530670471
0 0.3895161290322581 0.40385164051355205 0.041935483870967745 0.013980028530670471
0 0.42600806451612905 0.40385164051355205 0.017338709677419354 0.013980028530670471
0 0.45907258064516127 0.40385164051355205 0.02620967741935484 0.013980028530670471
0 0.15544354838709679 0.42867332382310985 0.01975806451612903 0.013980028530670471
0 0.21633064516129033 0.42867332382310985 0.02217741935483871 0.013980028530670471
0 0.31129032258064515 0.4295292439372325 0.11935483870967742 0.015691868758915834
0 0.4104838709677419 0.4295292439372325 0.062096774193548386 0.015691868758915834
0 0.1810483870967742 0.45534950071326674 0.09274193548387097 0.017118402282453638
0 0.3024193548387097 0.4546362339514979 0.03951612903225806 0.015691868758915834
0 0.2558467741935484 0.45606276747503566 0.039919354838709675 0.015691868758915834
0 0.1157258064516129 0.5061340941512126 0.03790322580645161 0.015406562054208274
0 0.1752016129032258 0.5061340941512126 0.06411290322580646 0.015406562054208274
0 0.24838709677419354 0.5061340941512126 0.05967741935483871 0.015406562054208274
0 0.3463709677419355 0.5069900142653352 0.11935483870967742 0.017118402282453638
0 0.44475806451612904 0.5061340941512126 0.05967741935483871 0.015406562054208274
0 0.553024193548387 0.5061340941512126 0.024596774193548387 0.015406562054208274
0 0.501008064516129 0.5068473609129814 0.03508064516129032 0.013980028530670471
0 0.7439516129032258 0.8052781740370899 0.08387096774193549 0.013980028530670471
0 0.8036290322580645 0.8061340941512125 0.021774193548387097 0.0094151212553495
0 0.8354838709677419 0.8061340941512125 0.03306451612903226 0.0094151212553495
0 0.8643145161290322 0.8061340941512125 0.015725806451612902 0.0094151212553495
0 0.8885080645161291 0.8061340941512125 0.01975806451612903 0.0094151212553495
0 0.12338709677419354 0.8122681883024251 0.04435483870967742 0.012553495007132667
0 0.3431451612903226 0.8131241084165478 0.08629032258064516 0.014265335235378032
0 0.5441532258064516 0.8122681883024251 0.08588709677419355 0.012553495007132667
0 0.6114919354838709 0.8194008559201141 0.04879032258064516 0.014265335235378032
0 0.21169354838709678 0.8209700427960057 0.04435483870967742 0.011126961483594865
0 0.41391129032258067 0.8209700427960057 0.046370967741935484 0.011126961483594865
0 0.7163306451612903 0.8202567760342367 0.028629032258064516 0.012553495007132667
0 0.811491935483871 0.8202567760342367 0.046370967741935484 0.012553495007132667
0 0.12439516129032258 0.8427960057061341 0.046370967741935484 0.010841654778887305
0 0.17983870967741936 0.869472182596291 0.07741935483870968 0.013980028530670471
0 0.1157258064516129 0.8710413694721826 0.02903225806451613 0.010841654778887305
0 0.25483870967741934 0.8710413694721826 0.03790322580645161 0.010841654778887305
0 0.5165322580645161 0.8701854493580599 0.03064516129032258 0.012553495007132667
0 0.22620967741935483 0.8701854493580599 0.01532258064516129 0.006276747503566334
0 0.10907258064516129 0.8990014265335236 0.010887096774193548 0.010841654778887305
0 0.15100806451612903 0.8990014265335236 0.046370967741935484 0.010841654778887305
0 0.2439516129032258 0.8991440798858773 0.07741935483870968 0.013980028530670471
0 0.3122983870967742 0.8982881597717546 0.046370967741935484 0.012268188302425107
0 0.3719758064516129 0.8991440798858773 0.06411290322580646 0.013980028530670471
0 0.4282258064516129 0.8982881597717546 0.03951612903225806 0.012268188302425107
0 0.4866935483870968 0.8991440798858773 0.05967741935483871 0.013980028530670471
0 0.7086693548387096 0.8998573466476462 0.04395161290322581 0.00912981455064194
0 0.7649193548387097 0.8998573466476462 0.01532258064516129 0.00912981455064194
0 0.6655241935483871 0.9005706134094151 0.0375 0.007703281027104137
0 0.7449596774193549 0.9014265335235377 0.01975806451612903 0.0094151212553495
0 0.12338709677419354 0.9271041369472183 0.04838709677419355 0.013980028530670471
0 0.3377016129032258 0.9279600570613409 0.06169354838709677 0.012268188302425107
0 0.776008064516129 0.9271041369472183 0.08185483870967741 0.013980028530670471
0 0.15423387096774194 0.9279600570613409 0.013306451612903225 0.0094151212553495
0 0.2252016129032258 0.9286733238231099 0.1060483870967742 0.010841654778887305
0 0.4324596774193548 0.9279600570613409 0.1060483870967742 0.0094151212553495
0 0.5848790322580645 0.9286733238231099 0.12379032258064517 0.010841654778887305
0 0.6588709677419354 0.9288159771754636 0.01532258064516129 0.007703281027104137
0 0.4171370967741935 0.9529243937232524 0.04395161290322581 0.012553495007132667
0 0.46915322580645163 0.9522111269614836 0.046370967741935484 0.013980028530670471
0 0.5133064516129032 0.9522111269614836 0.03306451612903226 0.013980028530670471
0 0.553024193548387 0.9529243937232524 0.028629032258064516 0.012553495007132667
0 0.5905241935483871 0.9522111269614836 0.028629032258064516 0.011126961483594865
