0 0.13346774193548386 0.09514978601997147 0.050806451612903224 0.015691868758915834
0 0.4215725806451613 0.1115549215406562 0.031048387096774193 0.010841654778887305
0 0.45463709677419356 0.1115549215406562 0.039919354838709675 0.010841654778887305
0 0.49556451612903224 0.1115549215406562 0.02903225806451613 0.010841654778887305
0 0.5175403225806452 0.1108416547788873 0.010887096774193548 0.0094151212553495
0 0.5485887096774194 0.1115549215406562 0.028629032258064516 0.010841654778887305
0 0.5917338709677419 0.1115549215406562 0.05282258064516129 0.010841654778887305
0 0.5112903225806451 0.1536376604850214 0.4483870967741935 0.02425106990014265
0 0.8756048387096774 0.1486447931526391 0.07782258064516129 0.011982881597717546
0 0.8754032258064516 0.1631954350927247 0.06370967741935483 0.010841654778887305
0 0.20504032258064517 0.21626248216833097 0.07943548387096774 0.017118402282453638
0 0.12016129032258065 0.21626248216833097 0.03790322580645161 0.014265335235378032
0 0.12903225806451613 0.23894436519258203 0.05967741935483871 0.015691868758915834
0 0.11915322580645162 0.262339514978602 0.039919354838709675 0.015691868758915834
0 0.18528225806451612 0.262339514978602 0.039919354838709675 0.015691868758915834
0 0.24495967741935484 0.262339514978602 0.06169354838709677 0.015691868758915834
0 0.34536290322580643 0.2630527817403709 0.12137096774193548 0.017118402282453638
0 0.4348790322580645 0.262339514978602 0.039919354838709675 0.015691868758915834
0 0.3133064516129032 0.3427960057061341 0.06612903225806452 0.02653352353780314
0 0.40665322580645163 0.3436519258202568 0.09959677419354838 0.029386590584878743
0 0.5629032258064516 0.34293865905848786 0.19435483870967743 0.029671897289586305
0 0.7042338709677419 0.3427960057061341 0.06653225806451613 0.02653352353780314
0 0.425 0.5865905848787446 0.05967741935483871 0.017118402282453638
0 0.4889112903225806 0.5865905848787446 0.03346774193548387 0.017118402282453638
0 0.538508064516129 0.5865905848787446 0.031048387096774193 0.017118402282453638
0 0.5991935483870968 0.5865905848787446 0.050806451612903224 0.017118402282453638
0 0.6346774193548387 0.8186875891583452 0.02903225806451613 0.0094151212553495
0 0.6622983870967742 0.8186875891583452 0.017338709677419354 0.0094151212553495
0 0.682258064516129 0.8186875891583452 0.017741935483870968 0.0094151212553495
0 0.2306451612903226 0.8225392296718973 0.050806451612903224 0.014265335235378032
0 0.4338709677419355 0.8225392296718973 0.050806451612903224 0.014265335235378032
0 0.12782258064516128 0.8241084165477889 0.0532258064516129 0.011126961483594865
0 0.3310483870967742 0.8241084165477889 0.0532258064516129 0.011126961483594865
0 0.5231854838709677 0.8241084165477889 0.02620967741935484 0.011126961483594865
0 0.646774193548387 0.8319543509272468 0.04838709677419355 0.010841654778887305
0 0.12237903225806451 0.8576319543509272 0.046370967741935484 0.012553495007132667
0 0.19959677419354838 0.8584878744650499 0.0814516129032258 0.010841654778887305
0 0.2814516129032258 0.8576319543509272 0.050806451612903224 0.012553495007132667
0 0.11794354838709678 0.8796005706134095 0.03346774193548387 0.012553495007132667
0 0.19193548387096773 0.8803138373751783 0.09274193548387097 0.011126961483594865
0 0.5473790322580645 0.8803138373751783 0.031048387096774193 0.011126961483594865
0 0.4469758064516129 0.8982881597717546 0.09475806451612903 0.015691868758915834
0 0.11028225806451612 0.8990014265335236 0.013306451612903225 0.010841654778887305
0 0.14899193548387096 0.8982881597717546 0.046370967741935484 0.012268188302425107
0 0.25161290322580643 0.8991440798858773 0.08387096774193549 0.013980028530670471
0 0.3199596774193548 0.8982881597717546 0.03508064516129032 0.012268188302425107
0 0.3685483870967742 0.8991440798858773 0.0532258064516129 0.013980028530670471
0 0.6842741935483871 0.8991440798858773 0.04435483870967742 0.013980028530670471
0 0.7143145161290323 0.8982881597717546 0.01975806451612903 0.012268188302425107
0 0.11895161290322581 0.9169757489300998 0.035483870967741936 0.012553495007132667
0 0.33326612903225805 0.916262482168331 0.04395161290322581 0.013980028530670471
0 0.8014112903225806 0.9171184022824537 0.09314516129032258 0.015691868758915834
0 0.1566532258064516 0.9169757489300998 0.031048387096774193 0.012553495007132667
0 0.18971774193548388 0.9169757489300998 0.031048387096774193 0.012553495007132667
0 0.2284274193548387 0.9178316690442225 0.0375 0.010841654778887305
0 0.38064516129032255 0.9169757489300998 0.03306451612903226 0.012553495007132667
0 0.4127016129032258 0.9169757489300998 0.031048387096774193 0.012553495007132667
0 0.4504032258064516 0.9169757489300998 0.035483870967741936 0.012553495007132667
0 0.5352822580645161 0.9178316690442225 0.03346774193548387 0.010841654778887305
0 0.5673387096774194 0.9178316690442225 0.02661290322580645 0.010841654778887305
0 0.5949596774193548 0.9169757489300998 0.0375 0.012553495007132667
0 0.6247983870967742 0.9178316690442225 0.02620967741935484 0.010841654778887305
0 0.6778225806451613 0.9178316690442225 0.017741935483870968 0.010841654778887305
0 0.7493951612903226 0.9178316690442225 0.010887096774193548 0.010841654778887305
0 0.6578629032258064 0.9194008559201141 0.02620967741935484 0.011126961483594865
