0 0.13346774193548386 0.09514978601997147 0.050806451612903224 0.015691868758915834
0 0.4381048387096774 0.1115549215406562 0.046370967741935484 0.010841654778887305
0 0.4965725806451613 0.1108416547788873 0.04395161290322581 0.0094151212553495
0 0.5495967741935484 0.1115549215406562 0.04435483870967742 0.010841654778887305
0 0.59375 0.11069900142653352 0.031048387096774193 0.012553495007132667
0 0.14778225806451614 0.150641940085592 0.07943548387096774 0.014265335235378032
0 0.3596774193548387 0.15378031383737517 0.11935483870967742 0.023395149786019972
0 0.5717741935483871 0.15378031383737517 0.3 0.023395149786019972
0 0.14778225806451614 0.1631954350927247 0.06653225806451613 0.010841654778887305
0 0.3056451612903226 0.21626248216833097 0.2806451612903226 0.017118402282453638
0 0.12016129032258065 0.21626248216833097 0.03790322580645161 0.014265335235378032
0 0.12903225806451613 0.23894436519258203 0.05967741935483871 0.015691868758915834
0 0.11915322580645162 0.262339514978602 0.039919354838709675 0.015691868758915834
0 0.225 0.262339514978602 0.11935483870967742 0.015691868758915834
0 0.33548387096774196 0.262339514978602 0.07983870967741935 0.015691868758915834
0 0.5032258064516129 0.262339514978602 0.23387096774193547 0.015691868758915834
0 0.6743951612903226 0.262339514978602 0.0907258064516129 0.015691868758915834
0 0.7693548387096775 0.2630527817403709 0.07741935483870968 0.017118402282453638
0 0.8598790322580645 0.2630527817403709 0.08185483870967741 0.017118402282453638
0 0.15120967741935484 0.2967189728958631 0.050806451612903224 0.015406562054208274
0 0.32560483870967744 0.2967189728958631 0.28024193548387094 0.015406562054208274
0 0.1034274193548387 0.29757489300998574 0.013306451612903225 0.010841654778887305
0 0.18649193548387097 0.31940085592011414 0.12137096774193548 0.017403708987161197
0 0.2957661290322581 0.31940085592011414 0.07943548387096774 0.017403708987161197
0 0.3858870967741935 0.31997146932952925 0.07983870967741935 0.016833095577746076
0 0.5254032258064516 0.31940085592011414 0.15 0.017403708987161197
0 0.6495967741935483 0.3208273894436519 0.08225806451612903 0.016833095577746076
0 0.7693548387096775 0.31940085592011414 0.05967741935483871 0.017403708987161197
0 0.85 0.31940085592011414 0.07983870967741935 0.017403708987161197
0 0.10241935483870968 0.320114122681883 0.01532258064516129 0.012553495007132667
0 0.7185483870967742 0.31940085592011414 0.020161290322580645 0.013980028530670471
0 0.15564516129032258 0.3419400855920114 0.05967741935483871 0.015691868758915834
0 0.21391129032258063 0.3419400855920114 0.039919354838709675 0.015691868758915834
0 0.3024193548387097 0.3419400855920114 0.11935483870967742 0.015691868758915834
0 0.4405241935483871 0.3419400855920114 0.13911290322580644 0.015691868758915834
0 0.5584677419354839 0.3419400855920114 0.07983870967741935 0.015691868758915834
0 0.6368951612903225 0.3419400855920114 0.059274193548387095 0.015691868758915834
0 0.7163306451612903 0.3419400855920114 0.07701612903225806 0.015691868758915834
0 0.7947580645161291 0.3419400855920114 0.062096774193548386 0.015691868758915834
0 0.8776209677419354 0.3419400855920114 0.08588709677419355 0.015691868758915834
0 0.19899193548387098 0.38673323823109845 0.08911290322580645 0.016833095577746076
0 0.32318548387096774 0.38815977175463623 0.13911290322580644 0.017403708987161197
0 0.43870967741935485 0.38958630527817406 0.07983870967741935 0.016833095577746076
0 0.12883064516129034 0.38815977175463623 0.028629032258064516 0.013980028530670471
0 0.12681451612903225 0.4099857346647646 0.024596774193548387 0.014265335235378032
0 0.19959677419354838 0.41069900142653354 0.08629032258064516 0.015691868758915834
0 0.27580645161290324 0.41069900142653354 0.04838709677419355 0.015691868758915834
0 0.35423387096774195 0.41069900142653354 0.03346774193548387 0.015691868758915834
0 0.3995967741935484 0.41069900142653354 0.04435483870967742 0.015691868758915834
0 0.5243951612903226 0.41069900142653354 0.0375 0.015691868758915834
0 0.575 0.41069900142653354 0.041935483870967745 0.015691868758915834
0 0.6336693548387097 0.41069900142653354 0.06169354838709677 0.015691868758915834
0 0.6963709677419355 0.41069900142653354 0.050806451612903224 0.015691868758915834
0 0.3189516129032258 0.4122681883024251 0.01532258064516129 0.012553495007132667
0 0.45241935483870965 0.4122681883024251 0.02661290322580645 0.012553495007132667
0 0.4832661290322581 0.4115549215406562 0.02217741935483871 0.013980028530670471
0 0.2006048387096774 0.4333808844507846 0.08830645161290322 0.017118402282453638
0 0.12681451612903225 0.43352353780313835 0.024596774193548387 0.013980028530670471
0 0.28588709677419355 0.43423680456490726 0.05967741935483871 0.015406562054208274
0 0.35745967741935486 0.43423680456490726 0.06169354838709677 0.015406562054208274
0 0.42701612903225805 0.43423680456490726 0.05967741935483871 0.015406562054208274
0 0.12883064516129034 0.45606276747503566 0.028629032258064516 0.015691868758915834
0 0.2006048387096774 0.45606276747503566 0.08830645161290322 0.015691868758915834
0 0.27580645161290324 0.45606276747503566 0.03951612903225806 0.015691868758915834
0 0.32661290322580644 0.45606276747503566 0.03951612903225806 0.015691868758915834
0 0.12681451612903225 0.4787446504992867 0.024596774193548387 0.014265335235378032
0 0.20080645161290323 0.47945791726105563 0.09274193548387097 0.015691868758915834
0 0.33649193548387096 0.47945791726105563 0.1657258064516129 0.015691868758915834
0 0.49435483870967745 0.47945791726105563 0.13709677419354838 0.015691868758915834
0 0.5991935483870968 0.47945791726105563 0.041935483870967745 0.015691868758915834
0 0.6588709677419354 0.47945791726105563 0.041935483870967745 0.015691868758915834
0 0.28568548387096776 0.5475035663338088 0.12137096774193548 0.017118402282453638
0 0.3961693548387097 0.5475035663338088 0.08185483870967741 0.017118402282453638
0 0.5772177419354839 0.5475035663338088 0.08185483870967741 0.017118402282453638
0 0.1157258064516129 0.5482168330955778 0.03790322580645161 0.015691868758915834
0 0.1842741935483871 0.5475035663338088 0.05967741935483871 0.014265335235378032
0 0.4877016129032258 0.5482168330955778 0.07943548387096774 0.015691868758915834
0 0.6788306451612903 0.5482168330955778 0.09959677419354838 0.015691868758915834
0 0.7560483870967742 0.5482168330955778 0.03306451612903226 0.015691868758915834
0 0.8112903225806452 0.5482168330955778 0.024193548387096774 0.015691868758915834
0 0.5243951612903226 0.7412268188302426 0.4528225806451613 0.023395149786019972
0 0.35080645161290325 0.8178316690442226 0.09274193548387097 0.011126961483594865
0 0.6346774193548387 0.8178316690442226 0.02903225806451613 0.011126961483594865
0 0.6622983870967742 0.8186875891583452 0.017338709677419354 0.0094151212553495
0 0.6820564516129032 0.8186875891583452 0.013306451612903225 0.0094151212553495
0 0.21512096774193548 0.8225392296718973 0.015725806451612902 0.010841654778887305
0 0.23830645161290323 0.8225392296718973 0.035483870967741936 0.014265335235378032
0 0.43266129032258066 0.8225392296718973 0.04838709677419355 0.014265335235378032
0 0.12782258064516128 0.8241084165477889 0.0532258064516129 0.011126961483594865
0 0.5231854838709677 0.8249643366619116 0.02620967741935484 0.0094151212553495
0 0.32217741935483873 0.8295292439372325 0.035483870967741936 0.0094151212553495
0 0.6455645161290322 0.831811697574893 0.050806451612903224 0.013980028530670471
0 0.12338709677419354 0.8584878744650499 0.04435483870967742 0.010841654778887305
0 0.20846774193548387 0.8796005706134095 0.12580645161290321 0.012553495007132667
0 0.11794354838709678 0.8796005706134095 0.03346774193548387 0.012553495007132667
0 0.5463709677419355 0.8796005706134095 0.03306451612903226 0.012553495007132667
0 0.4657258064516129 0.8982881597717546 0.09274193548387097 0.015691868758915834
0 0.11028225806451612 0.8990014265335236 0.013306451612903225 0.010841654778887305
0 0.15 0.8990014265335236 0.04435483870967742 0.010841654778887305
0 0.25161290322580643 0.8991440798858773 0.08387096774193549 0.013980028530670471
0 0.3189516129032258 0.8991440798858773 0.03306451612903226 0.013980028530670471
0 0.37620967741935485 0.8982881597717546 0.06854838709677419 0.012268188302425107
0 0.6721774193548387 0.8982881597717546 0.020161290322580645 0.012268188302425107
0 0.7417338709677419 0.8990014265335236 0.03508064516129032 0.010841654778887305
0 0.7794354838709677 0.8990014265335236 0.02661290322580645 0.010841654778887305
0 0.832258064516129 0.8990014265335236 0.017741935483870968 0.010841654778887305
0 0.8703629032258065 0.8984308131241084 0.05766129032258065 0.011982881597717546
0 0.9084677419354839 0.8982881597717546 0.020161290322580645 0.012268188302425107
0 0.6987903225806451 0.9007132667617689 0.03306451612903226 0.010841654778887305
0 0.8125 0.9007132667617689 0.02661290322580645 0.010841654778887305
0 0.8014112903225806 0.9171184022824537 0.09314516129032258 0.015691868758915834
0 0.11693548387096774 0.9169757489300998 0.035483870967741936 0.012553495007132667
0 0.17419354838709677 0.9178316690442225 0.062096774193548386 0.010841654778887305
0 0.33326612903225805 0.9169757489300998 0.04395161290322581 0.012553495007132667
0 0.5741935483870968 0.9172610556348074 0.11048387096774194 0.011982881597717546
0 0.644758064516129 0.9178316690442225 0.017741935483870968 0.010841654778887305
