0 0.13346774193548386 0.09514978601997147 0.050806451612903224 0.015691868758915834
0 0.5905241935483871 0.11069900142653352 0.059274193548387095 0.012553495007132667
0 0.41592741935483873 0.1115549215406562 0.028629032258064516 0.010841654778887305
0 0.4403225806451613 0.1108416547788873 0.01532258064516129 0.0094151212553495
0 0.47016129032258064 0.1115549215406562 0.03064516129032258 0.010841654778887305
0 0.5209677419354839 0.11069900142653352 0.062096774193548386 0.012553495007132667
0 0.14778225806451614 0.14978601997146934 0.07943548387096774 0.012553495007132667
0 0.5100806451612904 0.15378031383737517 0.38870967741935486 0.023395149786019972
0 0.14778225806451614 0.162339514978602 0.06653225806451613 0.00912981455064194
0 0.20504032258064517 0.21626248216833097 0.07943548387096774 0.017118402282453638
0 0.11915322580645162 0.21626248216833097 0.039919354838709675 0.014265335235378032
0 0.12903225806451613 0.2396576319543509 0.05967741935483871 0.017118402282453638
0 0.11915322580645162 0.262339514978602 0.039919354838709675 0.015691868758915834
0 0.21955645161290321 0.2630527817403709 0.0907258064516129 0.017118402282453638
0 0.3056451612903226 0.262339514978602 0.05967741935483871 0.015691868758915834
0 0.3860887096774194 0.262339514978602 0.07943548387096774 0.015691868758915834
0 0.4854838709677419 0.2630527817403709 0.10161290322580645 0.017118402282453638
0 0.5673387096774194 0.262339514978602 0.03951612903225806 0.015691868758915834
0 0.6296370967741935 0.26176890156918686 0.0625 0.016833095577746076
0 0.6985887096774194 0.262339514978602 0.0375 0.015691868758915834
0 0.7495967741935484 0.262339514978602 0.041935483870967745 0.015691868758915834
0 0.7991935483870968 0.262339514978602 0.03951612903225806 0.015691868758915834
0 0.15120967741935484 0.2967189728958631 0.050806451612903224 0.015406562054208274
0 0.2846774193548387 0.2967189728958631 0.19838709677419356 0.015406562054208274
0 0.4127016129032258 0.2967189728958631 0.031048387096774193 0.015406562054208274
0 0.45141129032258065 0.2967189728958631 0.03346774193548387 0.015406562054208274
0 0.1034274193548387 0.29757489300998574 0.013306451612903225 0.010841654778887305
0 0.1719758064516129 0.31940085592011414 0.07943548387096774 0.017403708987161197
0 0.24939516129032258 0.31940085592011414 0.05766129032258065 0.017403708987161197
0 0.3278225806451613 0.31940085592011414 0.07741935483870968 0.017403708987161197
0 0.42379032258064514 0.31940085592011414 0.10161290322580645 0.017403708987161197
0 0.8709677419354839 0.31940085592011414 0.0814516129032258 0.017403708987161197
0 0.1034274193548387 0.320114122681883 0.013306451612903225 0.012553495007132667
0 0.5022177419354839 0.31940085592011414 0.0375 0.013980028530670471
0 0.5606854838709677 0.3202567760342368 0.05766129032258065 0.015691868758915834
0 0.6191532258064516 0.3202567760342368 0.0375 0.015691868758915834
0 0.6756048387096775 0.3202567760342368 0.05766129032258065 0.015691868758915834
0 0.742741935483871 0.3202567760342368 0.05967741935483871 0.015691868758915834
0 0.8014112903225806 0.3202567760342368 0.039919354838709675 0.015691868758915834
0 0.14556451612903226 0.3427960057061341 0.03951612903225806 0.013980028530670471
0 0.22620967741935483 0.3436519258202568 0.09919354838709678 0.015691868758915834
0 0.33548387096774196 0.3436519258202568 0.10161290322580645 0.015691868758915834
0 0.42923387096774196 0.3436519258202568 0.06411290322580646 0.015691868758915834
0 0.12883064516129034 0.38273894436519257 0.028629032258064516 0.015691868758915834
0 0.18971774193548388 0.38273894436519257 0.07056451612903226 0.015691868758915834
0 0.2846774193548387 0.38273894436519257 0.07983870967741935 0.015691868758915834
0 0.3663306451612903 0.38273894436519257 0.05766129032258065 0.015691868758915834
0 0.4469758064516129 0.38273894436519257 0.07701612903225806 0.015691868758915834
0 0.5475806451612903 0.38273894436519257 0.10161290322580645 0.015691868758915834
0 0.6280241935483871 0.38273894436519257 0.0375 0.015691868758915834
0 0.6909274193548387 0.38273894436519257 0.06169354838709677 0.015691868758915834
0 0.12681451612903225 0.40613409415121254 0.024596774193548387 0.015691868758915834
0 0.17983870967741936 0.40613409415121254 0.050806451612903224 0.015691868758915834
0 0.23951612903225805 0.40613409415121254 0.050806451612903224 0.015691868758915834
0 0.3663306451612903 0.40613409415121254 0.04395161290322581 0.015691868758915834
0 0.42379032258064514 0.40613409415121254 0.0532258064516129 0.015691868758915834
0 0.5032258064516129 0.40613409415121254 0.0532258064516129 0.015691868758915834
0 0.573991935483871 0.40613409415121254 0.07056451612903226 0.015691868758915834
0 0.2913306451612903 0.4069900142653352 0.031048387096774193 0.013980028530670471
0 0.3310483870967742 0.4069900142653352 0.03064516129032258 0.013980028530670471
0 0.5276209677419355 0.43024251069900143 0.06169354838709677 0.017118402282453638
0 0.12681451612903225 0.4303851640513552 0.024596774193548387 0.013980028530670471
0 0.17983870967741936 0.4310984308131241 0.050806451612903224 0.015406562054208274
0 0.24596774193548387 0.4310984308131241 0.05967741935483871 0.015406562054208274
0 0.30685483870967745 0.4310984308131241 0.04435483870967742 0.015406562054208274
0 0.37641129032258064 0.4310984308131241 0.08185483870967741 0.015406562054208274
0 0.4568548387096774 0.4310984308131241 0.062096774193548386 0.015406562054208274
0 0.6070564516129032 0.4310984308131241 0.07943548387096774 0.015406562054208274
0 0.12681451612903225 0.4546362339514979 0.024596774193548387 0.015691868758915834
0 0.19959677419354838 0.4546362339514979 0.09032258064516129 0.015691868758915834
0 0.3056451612903226 0.4546362339514979 0.09919354838709678 0.015691868758915834
0 0.37641129032258064 0.4546362339514979 0.01975806451612903 0.015691868758915834
0 0.4778225806451613 0.4546362339514979 0.16129032258064516 0.015691868758915834
0 0.592741935483871 0.4546362339514979 0.050806451612903224 0.015691868758915834
0 0.11471774193548387 0.5029957203994294 0.039919354838709675 0.015406562054208274
0 0.23266129032258065 0.5029957203994294 0.07741935483870968 0.015406562054208274
0 0.31129032258064515 0.5029957203994294 0.05725806451612903 0.015406562054208274
0 0.3895161290322581 0.5029957203994294 0.07741935483870968 0.015406562054208274
0 0.4879032258064516 0.5029957203994294 0.10161290322580645 0.015406562054208274
0 0.5673387096774194 0.5029957203994294 0.03951612903225806 0.015406562054208274
0 0.6270161290322581 0.503851640513552 0.062096774193548386 0.017118402282453638
0 0.6844758064516129 0.5029957203994294 0.039919354838709675 0.015406562054208274
0 0.7338709677419355 0.5029957203994294 0.041935483870967745 0.015406562054208274
0 0.7826612903225807 0.5029957203994294 0.03306451612903226 0.015406562054208274
0 0.16431451612903225 0.503851640513552 0.015725806451612902 0.010841654778887305
0 0.2284274193548387 0.527246790299572 0.0907258064516129 0.017118402282453638
0 0.31129032258064515 0.527246790299572 0.05725806451612903 0.017118402282453638
0 0.4879032258064516 0.527246790299572 0.10161290322580645 0.017118402282453638
0 0.5673387096774194 0.5263908701854494 0.03951612903225806 0.015406562054208274
0 0.6270161290322581 0.527246790299572 0.062096774193548386 0.017118402282453638
0 0.7054435483870968 0.527246790299572 0.08185483870967741 0.017118402282453638
0 0.776008064516129 0.527246790299572 0.04233870967741935 0.017118402282453638
0 0.16310483870967743 0.527960057061341 0.013306451612903225 0.012268188302425107
0 0.3895161290322581 0.527960057061341 0.07741935483870968 0.015691868758915834
0 0.8233870967741935 0.527960057061341 0.035483870967741936 0.015691868758915834
0 0.2276209677419355 0.5500713266761769 0.08911290322580645 0.016547788873038517
0 0.16431451612903225 0.5522111269614836 0.015725806451612902 0.013980028530670471
0 0.3122983870967742 0.551355206847361 0.059274193548387095 0.015691868758915834
0 0.3895161290322581 0.551355206847361 0.07741935483870968 0.015691868758915834
0 0.4879032258064516 0.551355206847361 0.10161290322580645 0.015691868758915834
0 0.5673387096774194 0.551355206847361 0.03951612903225806 0.015691868758915834
0 0.6270161290322581 0.551355206847361 0.062096774193548386 0.015691868758915834
0 0.7054435483870968 0.551355206847361 0.08185483870967741 0.015691868758915834
0 0.7725806451612903 0.551355206847361 0.035483870967741936 0.015691868758915834
0 0.8268145161290322 0.551355206847361 0.024596774193548387 0.015691868758915834
0 0.8411290322580646 0.8029957203994293 0.03064516129032258 0.0094151212553495
0 0.8709677419354839 0.8029957203994293 0.020161290322580645 0.0094151212553495
0 0.8887096774193548 0.8029957203994293 0.01532258064516129 0.0094151212553495
0 0.2306451612903226 0.8069900142653352 0.050806451612903224 0.013980028530670471
0 0.4338709677419355 0.8069900142653352 0.050806451612903224 0.013980028530670471
0 0.6435483870967742 0.8069900142653352 0.050806451612903224 0.013980028530670471
0 0.12217741935483871 0.8084165477888731 0.041935483870967745 0.011126961483594865
0 0.3431451612903226 0.8084165477888731 0.0814516129032258 0.011126961483594865
0 0.5497983870967742 0.8084165477888731 0.07943548387096774 0.011126961483594865
0 0.7350806451612903 0.8084165477888731 0.02661290322580645 0.011126961483594865
0 0.8512096774193548 0.816262482168331 0.050806451612903224 0.014265335235378032
0 0.12439516129032258 0.8427960057061341 0.046370967741935484 0.010841654778887305
0 0.11794354838709678 0.8646219686162625 0.03346774193548387 0.013980028530670471
0 0.20403225806451614 0.8654778887303851 0.11693548387096774 0.012268188302425107
0 0.5473790322580645 0.8647646219686163 0.031048387096774193 0.010841654778887305
0 0.25221774193548385 0.8841654778887303 0.08669354838709678 0.015406562054208274
0 0.3209677419354839 0.8825962910128388 0.03306451612903226 0.015691868758915834
0 0.4127016129032258 0.8825962910128388 0.12782258064516128 0.015691868758915834
0 0.5397177419354838 0.8825962910128388 0.10846774193548388 0.015691868758915834
0 0.6247983870967742 0.8834522111269615 0.03508064516129032 0.013980028530670471
0 0.14899193548387096 0.8904422253922967 0.046370967741935484 0.012553495007132667
0 0.6943548387096774 0.8921540656205421 0.05967741935483871 0.012553495007132667
0 0.27681451612903224 0.8988587731811698 0.1350806451612903 0.015121255349500713
0 0.8036290322580645 0.9171184022824537 0.12338709677419354 0.015691868758915834
0 0.11895161290322581 0.9178316690442225 0.035483870967741936 0.010841654778887305
0 0.1566532258064516 0.9169757489300998 0.031048387096774193 0.012553495007132667
0 0.21189516129032257 0.9178316690442225 0.07056451612903226 0.010841654778887305
0 0.33326612903225805 0.9169757489300998 0.04395161290322581 0.012553495007132667
0 0.38064516129032255 0.9169757489300998 0.03306451612903226 0.012553495007132667
0 0.4161290322580645 0.9178316690442225 0.03306451612903226 0.010841654778887305
0 0.4502016129032258 0.9169757489300998 0.039919354838709675 0.012553495007132667
0 0.553024193548387 0.9186875891583453 0.08588709677419355 0.012553495007132667
0 0.6247983870967742 0.9178316690442225 0.04395161290322581 0.010841654778887305
0 0.6737903225806452 0.9195435092724679 0.042741935483870966 0.011412268188302425
