0 0.13346774193548386 0.09514978601997147 0.050806451612903224 0.015691868758915834
0 0.38064516129032255 0.11069900142653352 0.024193548387096774 0.012553495007132667
0 0.4215725806451613 0.11069900142653352 0.04879032258064516 0.012553495007132667
0 0.4756048387096774 0.11069900142653352 0.046370967741935484 0.012553495007132667
0 0.5375 0.1115549215406562 0.05967741935483871 0.010841654778887305
0 0.6159274193548387 0.1115549215406562 0.0842741935483871 0.010841654778887305
0 0.86875 0.14750356633380884 0.046370967741935484 0.017118402282453638
0 0.5131048387096774 0.15378031383737517 0.2979838709677419 0.023395149786019972
0 0.20504032258064517 0.21626248216833097 0.07943548387096774 0.017118402282453638
0 0.11915322580645162 0.21626248216833097 0.039919354838709675 0.014265335235378032
0 0.12903225806451613 0.23894436519258203 0.05967741935483871 0.015691868758915834
0 0.11915322580645162 0.262339514978602 0.039919354838709675 0.015691868758915834
0 0.19516129032258064 0.262339514978602 0.05967741935483871 0.015691868758915834
0 0.34536290322580643 0.262339514978602 0.12137096774193548 0.015691868758915834
0 0.4570564516129032 0.262339514978602 0.07943548387096774 0.015691868758915834
0 0.5772177419354839 0.2630527817403709 0.08185483870967741 0.017118402282453638
0 0.6588709677419354 0.262339514978602 0.05967741935483871 0.015691868758915834
0 0.7185483870967742 0.262339514978602 0.041935483870967745 0.015691868758915834
0 0.7683467741935484 0.262339514978602 0.039919354838709675 0.015691868758915834
0 0.2560483870967742 0.2631954350927247 0.04435483870967742 0.013980028530670471
0 0.5175403225806452 0.2631954350927247 0.01975806451612903 0.013980028530670471
0 0.15120967741935484 0.2967189728958631 0.050806451612903224 0.015406562054208274
0 0.3157258064516129 0.2967189728958631 0.26048387096774195 0.015406562054208274
0 0.4723790322580645 0.2967189728958631 0.031048387096774193 0.015406562054208274
0 0.5266129032258065 0.2967189728958631 0.05967741935483871 0.015406562054208274
0 0.10463709677419354 0.29757489300998574 0.015725806451612902 0.010841654778887305
0 0.18508064516129033 0.3302425106990014 0.1153225806451613 0.016833095577746076
0 0.2923387096774194 0.32796005706134096 0.07741935483870968 0.015691868758915834
0 0.48951612903225805 0.32724679029957204 0.05967741935483871 0.017118402282453638
0 0.5473790322580645 0.3286733238231098 0.039919354838709675 0.017118402282453638
0 0.6060483870967742 0.3286733238231098 0.05967741935483871 0.017118402282453638
0 0.7814516129032258 0.3286733238231098 0.03951612903225806 0.017118402282453638
0 0.8399193548387097 0.3286733238231098 0.05967741935483871 0.017118402282453638
0 0.10241935483870968 0.32952924393723254 0.01532258064516129 0.012553495007132667
0 0.35201612903225804 0.32952924393723254 0.020161290322580645 0.015406562054208274
0 0.4094758064516129 0.32952924393723254 0.07701612903225806 0.015406562054208274
0 0.6645161290322581 0.3288159771754636 0.03951612903225806 0.013980028530670471
0 0.722983870967742 0.32952924393723254 0.05967741935483871 0.015406562054208274
0 0.8985887096774193 0.3288159771754636 0.039919354838709675 0.013980028530670471
0 0.1566532258064516 0.35135520684736093 0.05766129032258065 0.015691868758915834
0 0.22600806451612904 0.35135520684736093 0.06411290322580646 0.015691868758915834
0 0.31794354838709676 0.374037089871612 0.20766129032258066 0.017118402282453638
0 0.12883064516129034 0.374037089871612 0.028629032258064516 0.014265335235378032
0 0.17983870967741936 0.37475035663338085 0.050806451612903224 0.015691868758915834
0 0.43588709677419357 0.37475035663338085 0.020161290322580645 0.015691868758915834
0 0.47681451612903225 0.37475035663338085 0.039919354838709675 0.015691868758915834
0 0.12681451612903225 0.39671897289586305 0.024596774193548387 0.015691868758915834
0 0.18185483870967742 0.39671897289586305 0.050806451612903224 0.015691868758915834
0 0.2693548387096774 0.39743223965763197 0.10161290322580645 0.017118402282453638
0 0.3917338709677419 0.39743223965763197 0.12137096774193548 0.017118402282453638
0 0.48346774193548386 0.39743223965763197 0.03951612903225806 0.017118402282453638
0 0.536491935483871 0.39671897289586305 0.039919354838709675 0.015691868758915834
0 0.5981854838709677 0.39671897289586305 0.06169354838709677 0.015691868758915834
0 0.6806451612903226 0.3980028530670471 0.08225806451612903 0.017118402282453638
0 0.7629032258064516 0.39743223965763197 0.05967741935483871 0.017118402282453638
0 0.8366935483870968 0.39671897289586305 0.062096774193548386 0.015691868758915834
0 0.8985887096774193 0.39828815977175464 0.039919354838709675 0.015406562054208274
0 0.17762096774193548 0.42011412268188303 0.0375 0.015691868758915834
0 0.21733870967741936 0.42011412268188303 0.020161290322580645 0.015691868758915834
0 0.2669354838709677 0.42011412268188303 0.062096774193548386 0.015691868758915834
0 0.32883064516129035 0.42011412268188303 0.039919354838709675 0.015691868758915834
0 0.39737903225806454 0.42011412268188303 0.07943548387096774 0.015691868758915834
0 0.4901209677419355 0.42011412268188303 0.07943548387096774 0.015691868758915834
0 0.5495967741935484 0.42011412268188303 0.017741935483870968 0.015691868758915834
0 0.6092741935483871 0.42011412268188303 0.07983870967741935 0.015691868758915834
0 0.6800403225806452 0.42011412268188303 0.039919354838709675 0.015691868758915834
0 0.1808467741935484 0.4427960057061341 0.04879032258064516 0.017118402282453638
0 0.27580645161290324 0.4427960057061341 0.11935483870967742 0.017118402282453638
0 0.4127016129032258 0.4427960057061341 0.13266129032258064 0.017118402282453638
0 0.12883064516129034 0.4427960057061341 0.028629032258064516 0.014265335235378032
0 0.49778225806451615 0.443509272467903 0.01975806451612903 0.015691868758915834
0 0.5838709677419355 0.443509272467903 0.13064516129032258 0.015691868758915834
0 0.12883064516129034 0.46547788873038515 0.028629032258064516 0.015691868758915834
0 0.27580645161290324 0.46547788873038515 0.11935483870967742 0.015691868758915834
0 0.1808467741935484 0.46633380884450787 0.04879032258064516 0.013980028530670471
0 0.12782258064516128 0.4881597717546362 0.02661290322580645 0.014265335235378032
0 0.19959677419354838 0.4888730385164051 0.09032258064516129 0.015691868758915834
0 0.2780241935483871 0.4888730385164051 0.04879032258064516 0.015691868758915834
0 0.3310483870967742 0.4888730385164051 0.03064516129032258 0.015691868758915834
0 0.3707661290322581 0.4888730385164051 0.031048387096774193 0.015691868758915834
0 0.40725806451612906 0.4888730385164051 0.041935483870967745 0.015691868758915834
0 0.482258064516129 0.4888730385164051 0.09032258064516129 0.015691868758915834
0 0.11471774193548387 0.5342368045649073 0.039919354838709675 0.015691868758915834
0 0.20524193548387096 0.5342368045649073 0.04435483870967742 0.015691868758915834
0 0.2955645161290323 0.5342368045649073 0.11935483870967742 0.015691868758915834
0 0.40725806451612906 0.5342368045649073 0.0814516129032258 0.015691868758915834
0 0.46673387096774194 0.5342368045649073 0.01975806451612903 0.015691868758915834
0 0.5276209677419355 0.5349500713266762 0.07943548387096774 0.017118402282453638
0 0.6080645161290322 0.5342368045649073 0.05967741935483871 0.015691868758915834
0 0.6689516129032258 0.5342368045649073 0.03951612903225806 0.015691868758915834
0 0.7185483870967742 0.5342368045649073 0.041935483870967745 0.015691868758915834
0 0.7661290322580645 0.5342368045649073 0.035483870967741936 0.015691868758915834
0 0.16431451612903225 0.5349500713266762 0.010887096774193548 0.010841654778887305
0 0.22681451612903225 0.5553495007132667 0.08185483870967741 0.016833095577746076
0 0.32661290322580644 0.5569186875891583 0.10161290322580645 0.017118402282453638
0 0.16310483870967743 0.557774607703281 0.013306451612903225 0.012553495007132667
0 0.4060483870967742 0.5576319543509273 0.03951612903225806 0.015691868758915834
0 0.4568548387096774 0.5576319543509273 0.03951612903225806 0.015691868758915834
0 0.5044354838709677 0.5576319543509273 0.03306451612903226 0.015691868758915834
0 0.5596774193548387 0.5576319543509273 0.024193548387096774 0.015691868758915834
0 0.5574596774193549 0.7490727532097005 0.09475806451612903 0.011126961483594865
0 0.8433467741935484 0.7482168330955777 0.031048387096774193 0.0094151212553495
0 0.8709677419354839 0.7482168330955777 0.01532258064516129 0.0094151212553495
0 0.8897177419354839 0.7482168330955777 0.017338709677419354 0.0094151212553495
0 0.2282258064516129 0.7537803138373752 0.050806451612903224 0.014265335235378032
0 0.43266129032258066 0.7537803138373752 0.0532258064516129 0.014265335235378032
0 0.6455645161290322 0.7537803138373752 0.050806451612903224 0.014265335235378032
0 0.12782258064516128 0.7544935805991441 0.0532258064516129 0.0094151212553495
0 0.3233870967741935 0.7553495007132668 0.041935483870967745 0.011126961483594865
0 0.742741935483871 0.7544935805991441 0.041935483870967745 0.0094151212553495
0 0.853225806451613 0.7616262482168331 0.050806451612903224 0.013980028530670471
0 0.5165322580645161 0.7616262482168331 0.012903225806451613 0.007703281027104137
0 0.12338709677419354 0.8225392296718973 0.04435483870967742 0.010841654778887305
0 0.1157258064516129 0.8646219686162625 0.03306451612903226 0.013980028530670471
0 0.22620967741935483 0.8646219686162625 0.17016129032258065 0.013980028530670471
0 0.5473790322580645 0.8647646219686163 0.031048387096774193 0.010841654778887305
0 0.2929435483870968 0.8834522111269615 0.053629032258064514 0.015121255349500713
0 0.35423387096774195 0.8825962910128388 0.05040322580645161 0.015691868758915834
0 0.43024193548387096 0.8825962910128388 0.08387096774193549 0.015691868758915834
0 0.5641129032258064 0.8825962910128388 0.16129032258064516 0.015691868758915834
0 0.23387096774193547 0.8834522111269615 0.0532258064516129 0.013980028530670471
0 0.14778225806451614 0.8904422253922967 0.04395161290322581 0.012553495007132667
0 0.686491935483871 0.8921540656205421 0.04395161290322581 0.012553495007132667
0 0.7350806451612903 0.8920114122681883 0.035483870967741936 0.0094151212553495
0 0.7792338709677419 0.892867332382311 0.04395161290322581 0.011126961483594865
0 0.8213709677419355 0.8920114122681883 0.02661290322580645 0.0094151212553495
0 0.24717741935483872 0.8991440798858773 0.075 0.013980028530670471
0 0.8024193548387096 0.9171184022824537 0.09516129032258064 0.015691868758915834
0 0.10786290322580645 0.9178316690442225 0.013306451612903225 0.010841654778887305
0 0.12580645161290321 0.9178316690442225 0.017741935483870968 0.010841654778887305
0 0.19294354838709676 0.9178316690442225 0.10362903225806451 0.010841654778887305
0 0.33326612903225805 0.9169757489300998 0.04395161290322581 0.012553495007132667
0 0.39495967741935484 0.9178316690442225 0.06169354838709677 0.010841654778887305
0 0.4491935483870968 0.9169757489300998 0.03790322580645161 0.012553495007132667
0 0.5243951612903226 0.9186875891583453 0.028629032258064516 0.012553495007132667
0 0.5695564516129032 0.9178316690442225 0.06653225806451613 0.010841654778887305
0 0.6127016129032258 0.9185449358059914 0.01975806451612903 0.0094151212553495
0 0.6358870967741935 0.9185449358059914 0.017741935483870968 0.0094151212553495
0 0.4657258064516129 0.9382310984308131 0.04838709677419355 0.013980028530670471
0 0.5264112903225806 0.9389443651925821 0.046370967741935484 0.012553495007132667
0 0.5961693548387097 0.9382310984308131 0.07943548387096774 0.013980028530670471
0 0.39838709677419354 0.9389443651925821 0.03306451612903226 0.012553495007132667
0 0.42923387096774196 0.9389443651925821 0.01975806451612903 0.012553495007132667
