0 0.13346774193548386 0.09514978601997147 0.050806451612903224 0.015691868758915834
0 0.43266129032258066 0.1108416547788873 0.03064516129032258 0.0094151212553495
0 0.45463709677419356 0.1115549215406562 0.013306451612903225 0.010841654778887305
0 0.4856854838709677 0.1115549215406562 0.031048387096774193 0.010841654778887305
0 0.5231854838709677 0.1115549215406562 0.031048387096774193 0.010841654778887305
0 0.575 0.1115549215406562 0.05967741935483871 0.010841654778887305
0 0.1461693548387097 0.14793152639087018 0.0907258064516129 0.016833095577746076
0 0.5110887096774194 0.15378031383737517 0.3907258064516129 0.023395149786019972
0 0.14899193548387096 0.1631954350927247 0.07298387096774193 0.010841654778887305
0 0.20504032258064517 0.21626248216833097 0.07943548387096774 0.017118402282453638
0 0.12016129032258065 0.21626248216833097 0.03790322580645161 0.014265335235378032
0 0.12903225806451613 0.23894436519258203 0.05967741935483871 0.015691868758915834
0 0.11915322580645162 0.262339514978602 0.039919354838709675 0.015691868758915834
0 0.1941532258064516 0.262339514978602 0.06169354838709677 0.015691868758915834
0 0.27580645161290324 0.2630527817403709 0.07983870967741935 0.017118402282453638
0 0.3663306451612903 0.262339514978602 0.07943548387096774 0.015691868758915834
0 0.43709677419354837 0.262339514978602 0.03951612903225806 0.015691868758915834
0 0.5483870967741935 0.262339514978602 0.05967741935483871 0.015691868758915834
0 0.6280241935483871 0.262339514978602 0.07701612903225806 0.015691868758915834
0 0.4879032258064516 0.2631954350927247 0.04435483870967742 0.013980028530670471
0 0.24052419354838708 0.31940085592011414 0.05282258064516129 0.017403708987161197
0 0.10907258064516129 0.31940085592011414 0.028629032258064516 0.013980028530670471
0 0.15443548387096775 0.3202567760342368 0.03951612903225806 0.015691868758915834
0 0.19536290322580646 0.3202567760342368 0.01975806451612903 0.015691868758915834
0 0.2957661290322581 0.31940085592011414 0.039919354838709675 0.013980028530670471
0 0.3409274193548387 0.31940085592011414 0.028629032258064516 0.013980028530670471
0 0.10685483870967742 0.3419400855920114 0.024193548387096774 0.015691868758915834
0 0.16008064516129034 0.3419400855920114 0.050806451612903224 0.015691868758915834
0 0.25040322580645163 0.3419400855920114 0.050806451612903224 0.015691868758915834
0 0.20625 0.3427960057061341 0.024596774193548387 0.013980028530670471
0 0.6346774193548387 0.7482168330955777 0.02903225806451613 0.0094151212553495
0 0.6612903225806451 0.7482168330955777 0.01532258064516129 0.0094151212553495
0 0.6810483870967742 0.7482168330955777 0.01532258064516129 0.0094151212553495
0 0.2306451612903226 0.7537803138373752 0.050806451612903224 0.014265335235378032
0 0.4338709677419355 0.7537803138373752 0.050806451612903224 0.014265335235378032
0 0.14334677419354838 0.7553495007132668 0.07943548387096774 0.011126961483594865
0 0.32883064516129035 0.7553495007132668 0.05282258064516129 0.011126961483594865
0 0.5231854838709677 0.7544935805991441 0.02620967741935484 0.0094151212553495
0 0.6445564516129032 0.7616262482168331 0.05282258064516129 0.013980028530670471
0 0.12560483870967742 0.8225392296718973 0.04395161290322581 0.010841654778887305
0 0.11794354838709678 0.8646219686162625 0.03346774193548387 0.013980028530670471
0 0.19193548387096773 0.8647646219686163 0.09274193548387097 0.010841654778887305
0 0.5473790322580645 0.8647646219686163 0.031048387096774193 0.010841654778887305
0 0.25161290322580643 0.8825962910128388 0.08387096774193549 0.015691868758915834
0 0.3233870967741935 0.8818830242510699 0.03306451612903226 0.014265335235378032
0 0.40846774193548385 0.8818830242510699 0.11048387096774194 0.014265335235378032
0 0.5157258064516129 0.8813124108416548 0.08225806451612903 0.014835948644793153
0 0.6080645161290322 0.8818830242510699 0.06854838709677419 0.014265335235378032
0 0.15 0.8912981455064194 0.04435483870967742 0.010841654778887305
0 0.6862903225806452 0.890870185449358 0.042741935483870966 0.011697574893009986
0 0.7153225806451613 0.8912981455064194 0.017741935483870968 0.010841654778887305
0 0.22399193548387097 0.8982881597717546 0.028629032258064516 0.012268188302425107
0 0.8014112903225806 0.9171184022824537 0.09314516129032258 0.015691868758915834
0 0.11895161290322581 0.9178316690442225 0.035483870967741936 0.010841654778887305
0 0.1566532258064516 0.9169757489300998 0.031048387096774193 0.012553495007132667
0 0.21068548387096775 0.9169757489300998 0.07298387096774193 0.012553495007132667
0 0.3342741935483871 0.9169757489300998 0.041935483870967745 0.012553495007132667
0 0.39737903225806454 0.9178316690442225 0.06169354838709677 0.010841654778887305
0 0.4491935483870968 0.9169757489300998 0.03790322580645161 0.012553495007132667
0 0.5663306451612903 0.9178316690442225 0.1125 0.010841654778887305
0 0.6733870967741935 0.9198288159771755 0.042741935483870966 0.011412268188302425
0 0.6379032258064516 0.9185449358059914 0.017741935483870968 0.0094151212553495
