0 0.13346774193548386 0.09514978601997147 0.050806451612903224 0.015691868758915834
0 0.43266129032258066 0.1108416547788873 0.03064516129032258 0.0094151212553495
0 0.45463709677419356 0.1115549215406562 0.013306451612903225 0.010841654778887305
0 0.4856854838709677 0.1115549215406562 0.031048387096774193 0.010841654778887305
0 0.5231854838709677 0.1115549215406562 0.031048387096774193 0.010841654778887305
0 0.575 0.1115549215406562 0.05967741935483871 0.010841654778887305
0 0.14778225806451614 0.14907275320970043 0.08830645161290322 0.013980028530670471
0 0.5110887096774194 0.15378031383737517 0.3907258064516129 0.023395149786019972
0 0.14677419354838708 0.1630527817403709 0.07741935483870968 0.013980028530670471
0 0.20504032258064517 0.21626248216833097 0.07943548387096774 0.017118402282453638
0 0.12016129032258065 0.21626248216833097 0.03790322580645161 0.014265335235378032
0 0.12903225806451613 0.23894436519258203 0.05967741935483871 0.015691868758915834
0 0.11915322580645162 0.262339514978602 0.039919354838709675 0.015691868758915834
0 0.225 0.2630527817403709 0.11935483870967742 0.017118402282453638
0 0.3564516129032258 0.2630527817403709 0.1217741935483871 0.017118402282453638
0 0.4469758064516129 0.2630527817403709 0.0375 0.017118402282453638
0 0.5064516129032258 0.262339514978602 0.05967741935483871 0.015691868758915834
0 0.5673387096774194 0.262339514978602 0.03951612903225806 0.015691868758915834
0 0.13004032258064516 0.2967189728958631 0.07056451612903226 0.015406562054208274
0 0.20403225806451614 0.2967189728958631 0.05967741935483871 0.015406562054208274
0 0.3056451612903226 0.2967189728958631 0.1217741935483871 0.015406562054208274
0 0.40161290322580645 0.2967189728958631 0.04838709677419355 0.015406562054208274
0 0.47681451612903225 0.2967189728958631 0.07943548387096774 0.015406562054208274
0 0.5473790322580645 0.2967189728958631 0.039919354838709675 0.015406562054208274
0 0.13870967741935483 0.3209700427960057 0.05161290322580645 0.016547788873038517
0 0.23044354838709677 0.31940085592011414 0.1125 0.017403708987161197
0 0.10362903225806451 0.31940085592011414 0.021774193548387097 0.013980028530670471
0 0.3066532258064516 0.3202567760342368 0.02217741935483871 0.015691868758915834
0 0.3465725806451613 0.3202567760342368 0.039919354838709675 0.015691868758915834
0 0.3907258064516129 0.3202567760342368 0.03064516129032258 0.015691868758915834
0 0.13548387096774195 0.3427960057061341 0.041935483870967745 0.017403708987161197
0 0.2030241935483871 0.3419400855920114 0.05282258064516129 0.015691868758915834
0 0.2602822580645161 0.3419400855920114 0.05282258064516129 0.015691868758915834
0 0.3564516129032258 0.3427960057061341 0.1435483870967742 0.017403708987161197
0 0.10362903225806451 0.3427960057061341 0.021774193548387097 0.013980028530670471
0 0.11471774193548387 0.38730385164051356 0.039919354838709675 0.015691868758915834
0 0.2560483870967742 0.38815977175463623 0.14112903225806453 0.017403708987161197
0 0.16774193548387098 0.38887303851640515 0.017741935483870968 0.012553495007132667
0 0.3532258064516129 0.38815977175463623 0.035483870967741936 0.013980028530670471
0 0.16330645161290322 0.41069900142653354 0.017741935483870968 0.015691868758915834
0 0.24616935483870966 0.41069900142653354 0.12137096774193548 0.015691868758915834
0 0.3411290322580645 0.41069900142653354 0.050806451612903224 0.015691868758915834
0 0.4171370967741935 0.41069900142653354 0.07943548387096774 0.015691868758915834
0 0.48689516129032256 0.41069900142653354 0.0375 0.015691868758915834
0 0.5584677419354839 0.41069900142653354 0.07983870967741935 0.015691868758915834
0 0.6247983870967742 0.41069900142653354 0.03508064516129032 0.015691868758915834
0 0.6810483870967742 0.41069900142653354 0.024193548387096774 0.015691868758915834
0 0.6346774193548387 0.7639087018544936 0.02903225806451613 0.0094151212553495
0 0.6820564516129032 0.7639087018544936 0.013306451612903225 0.0094151212553495
0 0.6612903225806451 0.7654778887303851 0.01532258064516129 0.00912981455064194
0 0.2306451612903226 0.7679029957203994 0.050806451612903224 0.013980028530670471
0 0.4348790322580645 0.7686162624821683 0.05282258064516129 0.012553495007132667
0 0.12903225806451613 0.7701854493580599 0.050806451612903224 0.0094151212553495
0 0.3167338709677419 0.7701854493580599 0.024596774193548387 0.0094151212553495
0 0.34334677419354837 0.7701854493580599 0.028629032258064516 0.0094151212553495
0 0.5231854838709677 0.7701854493580599 0.02620967741935484 0.0094151212553495
0 0.6358870967741935 0.7771754636233952 0.035483870967741936 0.014265335235378032
0 0.6622983870967742 0.7771754636233952 0.017338709677419354 0.010841654778887305
0 0.12439516129032258 0.8373751783166904 0.046370967741935484 0.012553495007132667
0 0.11794354838709678 0.8796005706134095 0.03346774193548387 0.012553495007132667
0 0.15866935483870967 0.8796005706134095 0.031048387096774193 0.012553495007132667
0 0.20967741935483872 0.8803138373751783 0.05725806451612903 0.011126961483594865
0 0.5473790322580645 0.8803138373751783 0.031048387096774193 0.011126961483594865
0 0.3939516129032258 0.897432239657632 0.06854838709677419 0.013980028530670471
0 0.47358870967741934 0.8982881597717546 0.08185483870967741 0.015691868758915834
0 0.11028225806451612 0.8990014265335236 0.013306451612903225 0.010841654778887305
0 0.14899193548387096 0.8982881597717546 0.046370967741935484 0.012268188302425107
0 0.25161290322580643 0.8991440798858773 0.08387096774193549 0.013980028530670471
0 0.3189516129032258 0.8991440798858773 0.03306451612903226 0.013980028530670471
0 0.5762096774193548 0.8982881597717546 0.09274193548387097 0.012268188302425107
0 0.6721774193548387 0.8982881597717546 0.020161290322580645 0.012268188302425107
0 0.7286290322580645 0.8990014265335236 0.02661290322580645 0.010841654778887305
0 0.7493951612903226 0.8990014265335236 0.01975806451612903 0.010841654778887305
0 0.7794354838709677 0.8990014265335236 0.02661290322580645 0.010841654778887305
0 0.8193548387096774 0.9007132667617689 0.042741935483870966 0.011412268188302425
0 0.8681451612903226 0.8987161198288159 0.0532258064516129 0.011412268188302425
0 0.6987903225806451 0.9007132667617689 0.03306451612903226 0.010841654778887305
0 0.4491935483870968 0.916262482168331 0.03790322580645161 0.013980028530670471
0 0.8014112903225806 0.9171184022824537 0.09314516129032258 0.015691868758915834
0 0.11895161290322581 0.9178316690442225 0.035483870967741936 0.010841654778887305
0 0.1566532258064516 0.9169757489300998 0.031048387096774193 0.012553495007132667
0 0.1909274193548387 0.9178316690442225 0.028629032258064516 0.010841654778887305
0 0.2284274193548387 0.9178316690442225 0.0375 0.010841654778887305
0 0.33326612903225805 0.9169757489300998 0.04395161290322581 0.012553495007132667
0 0.3784274193548387 0.9169757489300998 0.028629032258064516 0.012553495007132667
0 0.411491935483871 0.9169757489300998 0.028629032258064516 0.012553495007132667
0 0.5298387096774193 0.9169757489300998 0.02661290322580645 0.012553495007132667
0 0.5794354838709678 0.9178316690442225 0.06854838709677419 0.010841654778887305
0 0.8544354838709678 0.9169757489300998 0.017741935483870968 0.012553495007132667
0 0.629233870967742 0.9194008559201141 0.02217741935483871 0.011126961483594865
0 0.6534274193548387 0.9185449358059914 0.017338709677419354 0.0094151212553495
0 0.43366935483870966 0.9389443651925821 0.046370967741935484 0.012553495007132667
0 0.4844758064516129 0.9382310984308131 0.046370967741935484 0.013980028530670471
0 0.5387096774193548 0.9382310984308131 0.04838709677419355 0.013980028530670471
0 0.5915322580645161 0.9396576319543509 0.04435483870967742 0.011126961483594865
