0 0.13346774193548386 0.09514978601997147 0.050806451612903224 0.015691868758915834
0 0.43266129032258066 0.1108416547788873 0.03064516129032258 0.0094151212553495
0 0.45463709677419356 0.1115549215406562 0.013306451612903225 0.010841654778887305
0 0.4856854838709677 0.1115549215406562 0.031048387096774193 0.010841654778887305
0 0.5231854838709677 0.1115549215406562 0.031048387096774193 0.010841654778887305
0 0.575 0.1115549215406562 0.05967741935483871 0.010841654778887305
0 0.14758064516129032 0.14950071326676176 0.08870967741935484 0.01369472182596291
0 0.5110887096774194 0.15378031383737517 0.3907258064516129 0.023395149786019972
0 0.14677419354838708 0.1630527817403709 0.07741935483870968 0.013980028530670471
0 0.20504032258064517 0.21626248216833097 0.07943548387096774 0.017118402282453638
0 0.12016129032258065 0.21626248216833097 0.03790322580645161 0.014265335235378032
0 0.12903225806451613 0.2396576319543509 0.05967741935483871 0.017118402282453638
0 0.11915322580645162 0.262339514978602 0.039919354838709675 0.015691868758915834
0 0.1941532258064516 0.262339514978602 0.06169354838709677 0.015691868758915834
0 0.2657258064516129 0.262339514978602 0.05967741935483871 0.015691868758915834
0 0.3465725806451613 0.262339514978602 0.07943548387096774 0.015691868758915834
0 0.46673387096774194 0.262339514978602 0.08185483870967741 0.015691868758915834
0 0.5375 0.262339514978602 0.041935483870967745 0.015691868758915834
0 0.6092741935483871 0.262339514978602 0.07983870967741935 0.015691868758915834
0 0.40725806451612906 0.26390870185449355 0.020161290322580645 0.015406562054208274
0 0.15120967741935484 0.2967189728958631 0.050806451612903224 0.015406562054208274
0 0.21512096774193548 0.2967189728958631 0.059274193548387095 0.015406562054208274
0 0.3157258064516129 0.2967189728958631 0.11935483870967742 0.015406562054208274
0 0.42600806451612905 0.2967189728958631 0.07943548387096774 0.015406562054208274
0 0.5584677419354839 0.2967189728958631 0.16370967741935483 0.015406562054208274
0 0.10463709677419354 0.29757489300998574 0.015725806451612902 0.010841654778887305
0 0.2659274193548387 0.31940085592011414 0.16088709677419355 0.017403708987161197
0 0.39737903225806454 0.31940085592011414 0.07943548387096774 0.017403708987161197
0 0.5879032258064516 0.3208273894436519 0.1 0.016833095577746076
0 0.4856854838709677 0.3202567760342368 0.07943548387096774 0.015691868758915834
0 0.6590725806451613 0.3202567760342368 0.01975806451612903 0.015691868758915834
0 0.7042338709677419 0.3202567760342368 0.05282258064516129 0.015691868758915834
0 0.15443548387096775 0.3419400855920114 0.062096774193548386 0.015691868758915834
0 0.22620967741935483 0.3419400855920114 0.05967741935483871 0.015691868758915834
0 0.3066532258064516 0.3419400855920114 0.07943548387096774 0.015691868758915834
0 0.4272177419354839 0.3419400855920114 0.08185483870967741 0.015691868758915834
0 0.5076612903225807 0.3419400855920114 0.05725806451612903 0.015691868758915834
0 0.5784274193548387 0.3419400855920114 0.06169354838709677 0.015691868758915834
0 0.6381048387096774 0.3419400855920114 0.039919354838709675 0.015691868758915834
0 0.719758064516129 0.3419400855920114 0.10161290322580645 0.015691868758915834
0 0.811491935483871 0.3419400855920114 0.06411290322580646 0.015691868758915834
0 0.10241935483870968 0.34350927246790297 0.01532258064516129 0.012553495007132667
0 0.3665322580645161 0.3427960057061341 0.017741935483870968 0.013980028530670471
0 0.12681451612903225 0.36476462196861625 0.024596774193548387 0.013980028530670471
0 0.1808467741935484 0.36547788873038517 0.04879032258064516 0.015406562054208274
0 0.2372983870967742 0.36476462196861625 0.046370967741935484 0.013980028530670471
0 0.3497983870967742 0.36547788873038517 0.07298387096774193 0.015406562054208274
0 0.42379032258064514 0.36476462196861625 0.0532258064516129 0.013980028530670471
0 0.2913306451612903 0.3661911554921541 0.031048387096774193 0.013980028530670471
0 0.17983870967741936 0.38815977175463623 0.050806451612903224 0.017403708987161197
0 0.2659274193548387 0.38730385164051356 0.09959677419354838 0.015691868758915834
0 0.3564516129032258 0.38730385164051356 0.05967741935483871 0.015691868758915834
0 0.12782258064516128 0.38815977175463623 0.02661290322580645 0.013980028530670471
0 0.12681451612903225 0.41069900142653354 0.024596774193548387 0.015691868758915834
0 0.17419354838709677 0.41069900142653354 0.03951612903225806 0.015691868758915834
0 0.25483870967741934 0.4326676176890157 0.05967741935483871 0.015691868758915834
0 0.3350806451612903 0.4345221112696148 0.07983870967741935 0.015977175463623396
0 0.1842741935483871 0.43352353780313835 0.05967741935483871 0.013980028530670471
0 0.4060483870967742 0.43352353780313835 0.03951612903225806 0.013980028530670471
0 0.21512096774193548 0.4569186875891583 0.12137096774193548 0.017403708987161197
0 0.32661290322580644 0.45606276747503566 0.07983870967741935 0.015691868758915834
0 0.28568548387096776 0.4787446504992867 0.13911290322580644 0.017118402282453638
0 0.12681451612903225 0.4787446504992867 0.024596774193548387 0.014265335235378032
0 0.1808467741935484 0.47945791726105563 0.04879032258064516 0.015691868758915834
0 0.3961693548387097 0.47945791726105563 0.059274193548387095 0.015691868758915834
0 0.4568548387096774 0.4787446504992867 0.03951612903225806 0.014265335235378032
0 0.25161290322580643 0.5014265335235378 0.09274193548387097 0.015691868758915834
0 0.35524193548387095 0.5021398002853067 0.10161290322580645 0.017118402282453638
0 0.4469758064516129 0.5014265335235378 0.059274193548387095 0.015691868758915834
0 0.5276209677419355 0.5014265335235378 0.07943548387096774 0.015691868758915834
0 0.6137096774193549 0.5014265335235378 0.07096774193548387 0.015691868758915834
0 0.3659274193548387 0.5487874465049929 0.08024193548387097 0.016262482168330955
0 0.1157258064516129 0.5482168330955778 0.03790322580645161 0.015691868758915834
0 0.21391129032258063 0.5475035663338088 0.06169354838709677 0.014265335235378032
0 0.28588709677419355 0.5482168330955778 0.05967741935483871 0.015691868758915834
0 0.43709677419354837 0.5482168330955778 0.03951612903225806 0.015691868758915834
0 0.4846774193548387 0.5475035663338088 0.03306451612903226 0.014265335235378032
0 0.16653225806451613 0.5490727532097004 0.01532258064516129 0.011126961483594865
0 0.24495967741935484 0.5708987161198288 0.11895161290322581 0.017118402282453638
0 0.35745967741935486 0.5701854493580599 0.07943548387096774 0.015691868758915834
0 0.42379032258064514 0.5701854493580599 0.035483870967741936 0.015691868758915834
0 0.16310483870967743 0.5717546362339515 0.013306451612903225 0.012553495007132667
0 0.4790322580645161 0.5710413694721826 0.021774193548387097 0.013980028530670471
0 0.6346774193548387 0.8186875891583452 0.02903225806451613 0.0094151212553495
0 0.6622983870967742 0.8186875891583452 0.017338709677419354 0.0094151212553495
0 0.6820564516129032 0.8186875891583452 0.013306451612903225 0.0094151212553495
0 0.2306451612903226 0.8225392296718973 0.050806451612903224 0.014265335235378032
0 0.4338709677419355 0.8225392296718973 0.050806451612903224 0.014265335235378032
0 0.12782258064516128 0.8241084165477889 0.0532258064516129 0.011126961483594865
0 0.3167338709677419 0.8241084165477889 0.028629032258064516 0.011126961483594865
0 0.5231854838709677 0.8249643366619116 0.02620967741935484 0.0094151212553495
0 0.6358870967741935 0.831811697574893 0.035483870967741936 0.013980028530670471
0 0.6622983870967742 0.8319543509272468 0.017338709677419354 0.010841654778887305
0 0.12338709677419354 0.8584878744650499 0.04435483870967742 0.010841654778887305
0 0.11794354838709678 0.8796005706134095 0.03346774193548387 0.012553495007132667
0 0.19193548387096773 0.8803138373751783 0.09274193548387097 0.011126961483594865
0 0.5473790322580645 0.8803138373751783 0.031048387096774193 0.011126961483594865
0 0.3939516129032258 0.897432239657632 0.06854838709677419 0.013980028530670471
0 0.47358870967741934 0.8982881597717546 0.08185483870967741 0.015691868758915834
0 0.11028225806451612 0.8990014265335236 0.013306451612903225 0.010841654778887305
0 0.14899193548387096 0.8982881597717546 0.046370967741935484 0.012268188302425107
0 0.25161290322580643 0.8991440798858773 0.08387096774193549 0.013980028530670471
0 0.3278225806451613 0.8991440798858773 0.050806451612903224 0.013980028530670471
0 0.5762096774193548 0.8982881597717546 0.09274193548387097 0.012268188302425107
0 0.6721774193548387 0.8982881597717546 0.020161290322580645 0.012268188302425107
0 0.7372983870967742 0.8990014265335236 0.04395161290322581 0.010841654778887305
0 0.7794354838709677 0.8990014265335236 0.02661290322580645 0.010841654778887305
0 0.832258064516129 0.8990014265335236 0.017741935483870968 0.010841654778887305
0 0.8681451612903226 0.8987161198288159 0.0532258064516129 0.011412268188302425
0 0.6987903225806451 0.9007132667617689 0.03306451612903226 0.010841654778887305
0 0.8090725806451613 0.9007132667617689 0.01975806451612903 0.010841654778887305
0 0.4491935483870968 0.916262482168331 0.03790322580645161 0.013980028530670471
0 0.7715725806451613 0.9171184022824537 0.03346774193548387 0.015691868758915834
0 0.11895161290322581 0.9178316690442225 0.035483870967741936 0.010841654778887305
0 0.1566532258064516 0.9169757489300998 0.031048387096774193 0.012553495007132667
0 0.1909274193548387 0.9169757489300998 0.028629032258064516 0.012553495007132667
0 0.2284274193548387 0.9169757489300998 0.0375 0.012553495007132667
0 0.33326612903225805 0.9169757489300998 0.04395161290322581 0.012553495007132667
0 0.3784274193548387 0.9169757489300998 0.028629032258064516 0.012553495007132667
0 0.411491935483871 0.9169757489300998 0.028629032258064516 0.012553495007132667
0 0.5320564516129033 0.9178316690442225 0.04395161290322581 0.010841654778887305
0 0.5872983870967742 0.9178316690442225 0.05282258064516129 0.010841654778887305
0 0.6534274193548387 0.9178316690442225 0.017338709677419354 0.010841654778887305
0 0.6280241935483871 0.9194008559201141 0.01975806451612903 0.011126961483594865
0 0.43366935483870966 0.9389443651925821 0.046370967741935484 0.012553495007132667
0 0.4844758064516129 0.9382310984308131 0.046370967741935484 0.013980028530670471
0 0.5387096774193548 0.9382310984308131 0.04838709677419355 0.013980028530670471
0 0.5915322580645161 0.9396576319543509 0.04435483870967742 0.011126961483594865
