0 0.3818548387096774 0.07646219686162625 0.03064516129032258 0.012553495007132667
0 0.41169354838709676 0.07646219686162625 0.03306451612903226 0.012553495007132667
0 0.4657258064516129 0.07717546362339515 0.062096774193548386 0.013980028530670471
0 0.5320564516129033 0.07646219686162625 0.06169354838709677 0.012553495007132667
0 0.6004032258064516 0.07717546362339515 0.062096774193548386 0.013980028530670471
0 0.13346774193548386 0.09514978601997147 0.050806451612903224 0.015691868758915834
0 0.49879032258064515 0.1209700427960057 0.2693548387096774 0.023395149786019972
0 0.11915322580645162 0.1818830242510699 0.039919354838709675 0.013980028530670471
0 0.20504032258064517 0.18273894436519258 0.07943548387096774 0.015691868758915834
0 0.12883064516129034 0.20613409415121256 0.06411290322580646 0.015691868758915834
0 0.27580645161290324 0.22881597717546362 0.07983870967741935 0.017118402282453638
0 0.11915322580645162 0.22952924393723254 0.039919354838709675 0.015691868758915834
0 0.19516129032258064 0.22952924393723254 0.05967741935483871 0.015691868758915834
0 0.38729838709677417 0.22952924393723254 0.12137096774193548 0.015691868758915834
0 0.1344758064516129 0.262339514978602 0.07943548387096774 0.015691868758915834
0 0.21512096774193548 0.262339514978602 0.059274193548387095 0.015691868758915834
0 0.28689516129032255 0.262339514978602 0.06169354838709677 0.015691868758915834
0 0.35745967741935486 0.262339514978602 0.06169354838709677 0.015691868758915834
0 0.4393145161290323 0.262339514978602 0.039919354838709675 0.015691868758915834
0 0.5078629032258064 0.262339514978602 0.07943548387096774 0.015691868758915834
0 0.6092741935483871 0.262339514978602 0.10161290322580645 0.015691868758915834
0 0.6909274193548387 0.262339514978602 0.039919354838709675 0.015691868758915834
0 0.7528225806451613 0.262339514978602 0.062096774193548386 0.015691868758915834
0 0.8125 0.262339514978602 0.03951612903225806 0.015691868758915834
0 0.39737903225806454 0.2631954350927247 0.02217741935483871 0.013980028530670471
0 0.8721774193548387 0.2631954350927247 0.05725806451612903 0.013980028530670471
0 0.16431451612903225 0.2850213980028531 0.13911290322580644 0.017118402282453638
0 0.2836693548387097 0.28573466476462195 0.05524193548387097 0.015691868758915834
0 0.35201612903225804 0.28573466476462195 0.06854838709677419 0.015691868758915834
0 0.43266129032258066 0.28573466476462195 0.08387096774193549 0.015691868758915834
0 0.49112903225806454 0.28573466476462195 0.020161290322580645 0.015691868758915834
0 0.5508064516129032 0.28573466476462195 0.07258064516129033 0.015691868758915834
0 0.6403225806451613 0.28573466476462195 0.09274193548387097 0.015691868758915834
0 0.7219758064516129 0.28573466476462195 0.06169354838709677 0.015691868758915834
0 0.2780241935483871 0.31940085592011414 0.06653225806451613 0.017403708987161197
0 0.12883064516129034 0.3202567760342368 0.028629032258064516 0.015691868758915834
0 0.1907258064516129 0.3202567760342368 0.06854838709677419 0.015691868758915834
0 0.35201612903225804 0.3202567760342368 0.06854838709677419 0.015691868758915834
0 0.43044354838709675 0.3202567760342368 0.07540322580645162 0.015691868758915834
0 0.17983870967741936 0.3427960057061341 0.050806451612903224 0.017403708987161197
0 0.43044354838709675 0.3427960057061341 0.05766129032258065 0.017403708987161197
0 0.7608870967741935 0.34393723252496433 0.05403225806451613 0.016262482168330955
0 0.12681451612903225 0.3427960057061341 0.024596774193548387 0.013980028530670471
0 0.2526209677419355 0.3436519258202568 0.07298387096774193 0.015691868758915834
0 0.3143145161290323 0.3436519258202568 0.0375 0.015691868758915834
0 0.3685483870967742 0.3436519258202568 0.05725806451612903 0.015691868758915834
0 0.5022177419354839 0.3427960057061341 0.07298387096774193 0.013980028530670471
0 0.5639112903225807 0.3427960057061341 0.0375 0.013980028530670471
0 0.5971774193548387 0.3436519258202568 0.020161290322580645 0.015691868758915834
0 0.6401209677419355 0.3427960057061341 0.05282258064516129 0.013980028530670471
0 0.7010080645161291 0.3436519258202568 0.05524193548387097 0.015691868758915834
0 0.8223790322580645 0.3436519258202568 0.05524193548387097 0.015691868758915834
0 0.8731854838709677 0.3436519258202568 0.0375 0.015691868758915834
0 0.12883064516129034 0.36547788873038517 0.028629032258064516 0.015406562054208274
0 0.19959677419354838 0.36547788873038517 0.09032258064516129 0.015406562054208274
0 0.2747983870967742 0.36547788873038517 0.0375 0.015406562054208274
0 0.32661290322580644 0.36547788873038517 0.03951612903225806 0.015406562054208274
0 0.38629032258064516 0.36547788873038517 0.05725806451612903 0.015406562054208274
0 0.4612903225806452 0.36547788873038517 0.07096774193548387 0.015406562054208274
0 0.5276209677419355 0.36547788873038517 0.039919354838709675 0.015406562054208274
0 0.5663306451612903 0.36547788873038517 0.01975806451612903 0.015406562054208274
0 0.6368951612903225 0.36547788873038517 0.09959677419354838 0.015406562054208274
0 0.7308467741935484 0.36547788873038517 0.07056451612903226 0.015406562054208274
0 0.3465725806451613 0.38815977175463623 0.1810483870967742 0.017403708987161197
0 0.7296370967741935 0.38815977175463623 0.04233870967741935 0.017403708987161197
0 0.12883064516129034 0.38815977175463623 0.028629032258064516 0.013980028530670471
0 0.19959677419354838 0.3890156918687589 0.09032258064516129 0.015691868758915834
0 0.4877016129032258 0.3890156918687589 0.07943548387096774 0.015691868758915834
0 0.5872983870967742 0.3890156918687589 0.09717741935483871 0.015691868758915834
0 0.6788306451612903 0.3890156918687589 0.059274193548387095 0.015691868758915834
0 0.79375 0.3890156918687589 0.07298387096774193 0.015691868758915834
0 0.11693548387096774 0.43423680456490726 0.04435483870967742 0.015406562054208274
0 0.21512096774193548 0.43423680456490726 0.09959677419354838 0.015406562054208274
0 0.2967741935483871 0.43423680456490726 0.041935483870967745 0.015406562054208274
0 0.3907258064516129 0.43423680456490726 0.11048387096774194 0.015406562054208274
0 0.4965725806451613 0.43423680456490726 0.07943548387096774 0.015406562054208274
0 0.5673387096774194 0.43423680456490726 0.03951612903225806 0.015406562054208274
0 0.6181451612903226 0.43423680456490726 0.03951612903225806 0.015406562054208274
0 0.6844758064516129 0.43423680456490726 0.07056451612903226 0.015406562054208274
0 0.7792338709677419 0.43423680456490726 0.07943548387096774 0.015406562054208274
0 0.8455645161290323 0.43423680456490726 0.035483870967741936 0.015406562054208274
0 0.4625 0.83509272467903 0.01532258064516129 0.010841654778887305
0 0.4149193548387097 0.8358059914407988 0.03064516129032258 0.0094151212553495
0 0.4425403225806452 0.8358059914407988 0.015725806451612902 0.0094151212553495
0 0.22620967741935483 0.8398002853067047 0.050806451612903224 0.013980028530670471
0 0.14112903225806453 0.8412268188302425 0.07983870967741935 0.011126961483594865
0 0.31129032258064515 0.8412268188302425 0.02661290322580645 0.011126961483594865
0 0.425 0.8475035663338089 0.050806451612903224 0.013980028530670471
0 0.12560483870967742 0.8756062767475036 0.04395161290322581 0.010841654778887305
0 0.20625 0.8960057061340941 0.12620967741935485 0.013980028530670471
0 0.5320564516129033 0.8960057061340941 0.03508064516129032 0.013980028530670471
0 0.11794354838709678 0.896718972895863 0.03346774193548387 0.012553495007132667
0 0.14899193548387096 0.9146932952924394 0.046370967741935484 0.014265335235378032
0 0.24818548387096775 0.9146932952924394 0.08588709677419355 0.014265335235378032
0 0.3155241935483871 0.9146932952924394 0.03508064516129032 0.014265335235378032
0 0.3907258064516129 0.9146932952924394 0.10161290322580645 0.014265335235378032
0 0.49112903225806454 0.9146932952924394 0.08629032258064516 0.014265335235378032
0 0.11028225806451612 0.9154065620542082 0.013306451612903225 0.0094151212553495
0 0.6689516129032258 0.916262482168331 0.04435483870967742 0.013980028530670471
0 0.7175403225806452 0.916262482168331 0.03508064516129032 0.011126961483594865
0 0.7616935483870968 0.9169757489300998 0.04435483870967742 0.012553495007132667
0 0.8245967741935484 0.916262482168331 0.020161290322580645 0.011126961483594865
0 0.8002016129032258 0.9178316690442225 0.01975806451612903 0.010841654778887305
0 0.1939516129032258 0.9342368045649073 0.10161290322580645 0.012268188302425107
0 0.5330645161290323 0.9342368045649073 0.06854838709677419 0.012268188302425107
0 0.5959677419354839 0.9342368045649073 0.05725806451612903 0.012268188302425107
0 0.11895161290322581 0.9349500713266762 0.035483870967741936 0.010841654778887305
0 0.32661290322580644 0.9342368045649073 0.04435483870967742 0.012268188302425107
0 0.6403225806451613 0.9349500713266762 0.017741935483870968 0.010841654778887305
0 0.7461693548387097 0.9342368045649073 0.04879032258064516 0.012268188302425107
