0 0.13346774193548386 0.09514978601997147 0.050806451612903224 0.015691868758915834
0 0.4215725806451613 0.1115549215406562 0.031048387096774193 0.010841654778887305
0 0.45463709677419356 0.1115549215406562 0.039919354838709675 0.010841654778887305
0 0.49556451612903224 0.1115549215406562 0.02903225806451613 0.010841654778887305
0 0.5175403225806452 0.1108416547788873 0.010887096774193548 0.0094151212553495
0 0.5485887096774194 0.1115549215406562 0.028629032258064516 0.010841654778887305
0 0.5917338709677419 0.1115549215406562 0.05282258064516129 0.010841654778887305
0 0.3463709677419355 0.15378031383737517 0.11935483870967742 0.023395149786019972
0 0.8754032258064516 0.14978601997146934 0.07741935483870968 0.012553495007132667
0 0.5705645161290323 0.15520684736091298 0.32903225806451614 0.023395149786019972
0 0.8754032258064516 0.1631954350927247 0.06370967741935483 0.010841654778887305
0 0.20504032258064517 0.21626248216833097 0.07943548387096774 0.017118402282453638
0 0.12016129032258065 0.21626248216833097 0.03790322580645161 0.014265335235378032
0 0.12903225806451613 0.23894436519258203 0.05967741935483871 0.015691868758915834
0 0.11915322580645162 0.262339514978602 0.039919354838709675 0.015691868758915834
0 0.1941532258064516 0.262339514978602 0.06169354838709677 0.015691868758915834
0 0.2558467741935484 0.262339514978602 0.039919354838709675 0.015691868758915834
0 0.3002016129032258 0.262339514978602 0.031048387096774193 0.015691868758915834
0 0.4171370967741935 0.262339514978602 0.1810483870967742 0.015691868758915834
0 0.538508064516129 0.262339514978602 0.039919354838709675 0.015691868758915834
0 0.5883064516129032 0.262339514978602 0.041935483870967745 0.015691868758915834
0 0.648991935483871 0.262339514978602 0.06169354838709677 0.015691868758915834
0 0.7086693548387096 0.262339514978602 0.039919354838709675 0.015691868758915834
0 0.1377016129032258 0.29600570613409416 0.028629032258064516 0.013980028530670471
0 0.1907258064516129 0.2967189728958631 0.050806451612903224 0.015406562054208274
0 0.25383064516129034 0.2967189728958631 0.06169354838709677 0.015406562054208274
0 0.3155241935483871 0.2967189728958631 0.039919354838709675 0.015406562054208274
0 0.36088709677419356 0.2967189728958631 0.03306451612903226 0.015406562054208274
0 0.42701612903225805 0.2967189728958631 0.07741935483870968 0.015406562054208274
0 0.4965725806451613 0.2967189728958631 0.039919354838709675 0.015406562054208274
0 0.5473790322580645 0.29600570613409416 0.039919354838709675 0.013980028530670471
0 0.6080645161290322 0.2967189728958631 0.05967741935483871 0.015406562054208274
0 0.14012096774193547 0.3185449358059914 0.028629032258064516 0.015691868758915834
0 0.1963709677419355 0.31940085592011414 0.062096774193548386 0.017403708987161197
0 0.37620967741935485 0.31940085592011414 0.041935483870967745 0.017403708987161197
0 0.2701612903225806 0.31940085592011414 0.050806451612903224 0.013980028530670471
0 0.32661290322580644 0.31940085592011414 0.062096774193548386 0.013980028530670471
0 0.13669354838709677 0.3419400855920114 0.021774193548387097 0.015691868758915834
0 0.18971774193548388 0.3419400855920114 0.04879032258064516 0.015691868758915834
0 0.2659274193548387 0.3419400855920114 0.08185483870967741 0.015691868758915834
0 0.3377016129032258 0.3427960057061341 0.039919354838709675 0.013980028530670471
0 0.13790322580645162 0.36476462196861625 0.024193548387096774 0.013980028530670471
0 0.2006048387096774 0.36547788873038517 0.07056451612903226 0.015406562054208274
0 0.2602822580645161 0.36547788873038517 0.031048387096774193 0.015406562054208274
0 0.3002016129032258 0.36547788873038517 0.05282258064516129 0.015406562054208274
0 0.3443548387096774 0.36547788873038517 0.035483870967741936 0.015406562054208274
0 0.42600806451612905 0.36547788873038517 0.12379032258064517 0.015406562054208274
0 0.6346774193548387 0.7639087018544936 0.02903225806451613 0.0094151212553495
0 0.6622983870967742 0.7639087018544936 0.017338709677419354 0.0094151212553495
0 0.6800403225806452 0.7646219686162625 0.02217741935483871 0.010841654778887305
0 0.2306451612903226 0.7693295292439373 0.050806451612903224 0.013980028530670471
0 0.4338709677419355 0.7693295292439373 0.050806451612903224 0.013980028530670471
0 0.12903225806451613 0.7701854493580599 0.050806451612903224 0.0094151212553495
0 0.3167338709677419 0.7701854493580599 0.024596774193548387 0.0094151212553495
0 0.34334677419354837 0.7701854493580599 0.028629032258064516 0.0094151212553495
0 0.5231854838709677 0.7701854493580599 0.02620967741935484 0.0094151212553495
0 0.6455645161290322 0.7771754636233952 0.050806451612903224 0.014265335235378032
0 0.12560483870967742 0.8382310984308131 0.04395161290322581 0.010841654778887305
0 0.11794354838709678 0.8796005706134095 0.03346774193548387 0.012553495007132667
0 0.16088709677419355 0.8796005706134095 0.035483870967741936 0.012553495007132667
0 0.20846774193548387 0.8803138373751783 0.05967741935483871 0.011126961483594865
0 0.5473790322580645 0.8803138373751783 0.031048387096774193 0.011126961483594865
0 0.3685483870967742 0.8982881597717546 0.0532258064516129 0.015691868758915834
0 0.4491935483870968 0.8982881597717546 0.09516129032258064 0.015691868758915834
0 0.11028225806451612 0.8990014265335236 0.013306451612903225 0.010841654778887305
0 0.14899193548387096 0.8982881597717546 0.046370967741935484 0.012268188302425107
0 0.25161290322580643 0.8991440798858773 0.08387096774193549 0.013980028530670471
0 0.3189516129032258 0.8982881597717546 0.03306451612903226 0.012268188302425107
0 0.6850806451612903 0.8977175463623395 0.04516129032258064 0.013409415121255349
0 0.7143145161290323 0.8982881597717546 0.01975806451612903 0.012268188302425107
0 0.3342741935483871 0.916262482168331 0.041935483870967745 0.013980028530670471
0 0.8014112903225806 0.9171184022824537 0.09314516129032258 0.015691868758915834
0 0.12016129032258065 0.9178316690442225 0.03306451612903226 0.010841654778887305
0 0.17318548387096774 0.9178316690442225 0.06411290322580646 0.014265335235378032
0 0.2284274193548387 0.9169757489300998 0.0375 0.012553495007132667
0 0.38064516129032255 0.9169757489300998 0.03306451612903226 0.012553495007132667
0 0.4149193548387097 0.9178316690442225 0.03064516129032258 0.010841654778887305
0 0.45141129032258065 0.9178316690442225 0.0375 0.010841654778887305
0 0.5574596774193549 0.9178316690442225 0.028629032258064516 0.010841654778887305
0 0.5915322580645161 0.9178316690442225 0.04435483870967742 0.010841654778887305
0 0.6534274193548387 0.9178316690442225 0.017338709677419354 0.010841654778887305
0 0.5318548387096774 0.9194008559201141 0.02661290322580645 0.011126961483594865
0 0.6280241935483871 0.9194008559201141 0.01975806451612903 0.011126961483594865
