0 0.13346774193548386 0.09514978601997147 0.050806451612903224 0.015691868758915834
0 0.36733870967741933 0.1115549215406562 0.05967741935483871 0.010841654778887305
0 0.41935483870967744 0.11069900142653352 0.03064516129032258 0.012553495007132667
0 0.49556451612903224 0.1115549215406562 0.09032258064516129 0.010841654778887305
0 0.5705645161290323 0.1115549215406562 0.041935483870967745 0.010841654778887305
0 0.6016129032258064 0.1115549215406562 0.01532258064516129 0.010841654778887305
0 0.6477822580645162 0.11069900142653352 0.06411290322580646 0.012553495007132667
0 0.14334677419354838 0.15378031383737517 0.07943548387096774 0.029671897289586305
0 0.43608870967741936 0.15378031383737517 0.2407258064516129 0.023395149786019972
0 0.6314516129032258 0.15378031383737517 0.15 0.023395149786019972
0 0.8985887096774193 0.150641940085592 0.02620967741935484 0.014265335235378032
0 0.8544354838709678 0.15763195435092725 0.05725806451612903 0.021968616262482168
0 0.8975806451612903 0.162339514978602 0.024193548387096774 0.012553495007132667
0 0.20504032258064517 0.21626248216833097 0.07943548387096774 0.017118402282453638
0 0.12016129032258065 0.21626248216833097 0.03790322580645161 0.014265335235378032
0 0.12903225806451613 0.2396576319543509 0.05967741935483871 0.017118402282453638
0 0.11915322580645162 0.262339514978602 0.039919354838709675 0.015691868758915834
0 0.225 0.2630527817403709 0.11935483870967742 0.017118402282453638
0 0.4171370967741935 0.2630527817403709 0.23830645161290323 0.017118402282453638
0 0.16532258064516128 0.2967189728958631 0.14112903225806453 0.015406562054208274
0 0.2955645161290323 0.2967189728958631 0.10161290322580645 0.015406562054208274
0 0.3875 0.29600570613409416 0.05967741935483871 0.013980028530670471
0 0.4723790322580645 0.2967189728958631 0.08830645161290322 0.015406562054208274
0 0.2318548387096774 0.31940085592011414 0.19435483870967743 0.017403708987161197
0 0.1122983870967742 0.3209700427960057 0.013306451612903225 0.010841654778887305
0 0.1941532258064516 0.3419400855920114 0.11895161290322581 0.015691868758915834
0 0.1122983870967742 0.34350927246790297 0.013306451612903225 0.012553495007132667
0 0.1122983870967742 0.36547788873038517 0.013306451612903225 0.012553495007132667
0 0.18649193548387097 0.36547788873038517 0.10362903225806451 0.015406562054208274
0 0.2625 0.36547788873038517 0.035483870967741936 0.015406562054208274
0 0.3100806451612903 0.36476462196861625 0.050806451612903224 0.013980028530670471
0 0.12439516129032258 0.38730385164051356 0.0375 0.015691868758915834
0 0.22600806451612904 0.38730385164051356 0.13911290322580644 0.015691868758915834
0 0.34758064516129034 0.38730385164051356 0.08629032258064516 0.015691868758915834
0 0.42943548387096775 0.38730385164051356 0.024193548387096774 0.015691868758915834
0 0.8411290322580646 0.7482168330955777 0.03064516129032258 0.0094151212553495
0 0.867741935483871 0.7482168330955777 0.017741935483870968 0.0094151212553495
0 0.8887096774193548 0.7482168330955777 0.01532258064516129 0.0094151212553495
0 0.2306451612903226 0.7537803138373752 0.050806451612903224 0.014265335235378032
0 0.4338709677419355 0.7537803138373752 0.050806451612903224 0.014265335235378032
0 0.6445564516129032 0.7537803138373752 0.05282258064516129 0.014265335235378032
0 0.12782258064516128 0.7544935805991441 0.04838709677419355 0.0094151212553495
0 0.33004032258064514 0.7553495007132668 0.05524193548387097 0.011126961483594865
0 0.536491935483871 0.7553495007132668 0.05282258064516129 0.011126961483594865
0 0.7350806451612903 0.7544935805991441 0.02661290322580645 0.0094151212553495
0 0.8512096774193548 0.7616262482168331 0.050806451612903224 0.013980028530670471
0 0.12560483870967742 0.8225392296718973 0.04395161290322581 0.010841654778887305
0 0.11794354838709678 0.8646219686162625 0.03346774193548387 0.013980028530670471
0 0.1907258064516129 0.8646219686162625 0.09516129032258064 0.013980028530670471
0 0.5473790322580645 0.8647646219686163 0.031048387096774193 0.010841654778887305
0 0.25161290322580643 0.8825962910128388 0.08387096774193549 0.015691868758915834
0 0.3199596774193548 0.8818830242510699 0.03508064516129032 0.014265335235378032
0 0.3786290322580645 0.8825962910128388 0.06854838709677419 0.015691868758915834
0 0.5352822580645161 0.8825962910128388 0.10846774193548388 0.015691868758915834
0 0.6203629032258065 0.8818830242510699 0.04395161290322581 0.014265335235378032
0 0.44798387096774195 0.8834522111269615 0.04838709677419355 0.011126961483594865
0 0.14899193548387096 0.8904422253922967 0.046370967741935484 0.012553495007132667
0 0.6850806451612903 0.8900142653352354 0.04516129032258064 0.013409415121255349
0 0.7153225806451613 0.8912981455064194 0.017741935483870968 0.010841654778887305
0 0.21955645161290321 0.8991440798858773 0.01975806451612903 0.013980028530670471
0 0.28588709677419355 0.8991440798858773 0.08629032258064516 0.013980028530670471
0 0.40725806451612906 0.8991440798858773 0.1435483870967742 0.013980028530670471
0 0.18528225806451612 0.916262482168331 0.08830645161290322 0.013980028530670471
0 0.33326612903225805 0.916262482168331 0.04395161290322581 0.013980028530670471
0 0.8014112903225806 0.9171184022824537 0.09314516129032258 0.015691868758915834
0 0.11895161290322581 0.9178316690442225 0.035483870967741936 0.010841654778887305
0 0.3784274193548387 0.9169757489300998 0.028629032258064516 0.012553495007132667
0 0.41592741935483873 0.9169757489300998 0.0375 0.012553495007132667
0 0.45463709677419356 0.9169757489300998 0.031048387096774193 0.012553495007132667
0 0.5737903225806451 0.9186875891583453 0.11048387096774194 0.012553495007132667
0 0.644758064516129 0.9185449358059914 0.017741935483870968 0.0094151212553495
0 0.32036290322580646 0.9385164051355207 0.07137096774193548 0.012268188302425107
0 0.5120967741935484 0.9389443651925821 0.13225806451612904 0.012553495007132667
0 0.6899193548387097 0.9382310984308131 0.08629032258064516 0.013980028530670471
0 0.37641129032258064 0.9388017118402282 0.028629032258064516 0.0094151212553495
0 0.4137096774193548 0.9389443651925821 0.03306451612903226 0.012553495007132667
0 0.6038306451612904 0.9396576319543509 0.046370967741935484 0.011126961483594865
0 0.6336693548387097 0.9388017118402282 0.013306451612903225 0.0094151212553495
