0 0.13346774193548386 0.09514978601997147 0.050806451612903224 0.015691868758915834
0 0.4435483870967742 0.1115549215406562 0.075 0.010841654778887305
0 0.504233870967742 0.1115549215406562 0.028629032258064516 0.010841654778887305
0 0.5705645161290323 0.1115549215406562 0.09032258064516129 0.010841654778887305
0 0.8953629032258065 0.1398002853067047 0.05524193548387097 0.035948644793152636
0 0.5098790322580645 0.15378031383737517 0.3310483870967742 0.023395149786019972
0 0.8798387096774194 0.1614835948644793 0.01129032258064516 0.010841654778887305
0 0.8544354838709678 0.17417974322396576 0.04435483870967742 0.02653352353780314
0 0.8975806451612903 0.17403708987161198 0.041935483870967745 0.014265335235378032
0 0.1963709677419355 0.21554921540656205 0.062096774193548386 0.015691868758915834
0 0.2558467741935484 0.21554921540656205 0.039919354838709675 0.015691868758915834
0 0.11915322580645162 0.21626248216833097 0.039919354838709675 0.014265335235378032
0 0.12903225806451613 0.23894436519258203 0.05967741935483871 0.015691868758915834
0 0.11915322580645162 0.262339514978602 0.039919354838709675 0.015691868758915834
0 0.1941532258064516 0.262339514978602 0.06169354838709677 0.015691868758915834
0 0.3463709677419355 0.2630527817403709 0.22096774193548388 0.017118402282453638
0 0.4965725806451613 0.262339514978602 0.06169354838709677 0.015691868758915834
0 0.5584677419354839 0.262339514978602 0.03951612903225806 0.015691868758915834
0 0.6092741935483871 0.2631954350927247 0.03951612903225806 0.013980028530670471
0 0.14455645161290323 0.2967189728958631 0.0375 0.015406562054208274
0 0.10463709677419354 0.29757489300998574 0.015725806451612902 0.010841654778887305
0 0.27580645161290324 0.31940085592011414 0.22096774193548388 0.017403708987161197
0 0.553024193548387 0.31940085592011414 0.2713709677419355 0.017403708987161197
0 0.12883064516129034 0.31940085592011414 0.028629032258064516 0.013980028530670471
0 0.7254032258064516 0.3202567760342368 0.050806451612903224 0.015691868758915834
0 0.2747983870967742 0.3419400855920114 0.22298387096774194 0.015691868758915834
0 0.4171370967741935 0.3419400855920114 0.039919354838709675 0.015691868758915834
0 0.4723790322580645 0.3419400855920114 0.05282258064516129 0.015691868758915834
0 0.12681451612903225 0.3420827389443652 0.024596774193548387 0.012553495007132667
0 0.3310483870967742 0.3646219686162625 0.2032258064516129 0.017118402282453638
0 0.12459677419354839 0.36476462196861625 0.024193548387096774 0.013980028530670471
0 0.19536290322580646 0.36547788873038517 0.05524193548387097 0.015406562054208274
0 0.4600806451612903 0.36547788873038517 0.041935483870967745 0.015406562054208274
0 0.5143145161290322 0.36547788873038517 0.03508064516129032 0.015406562054208274
0 0.5606854838709677 0.36476462196861625 0.039919354838709675 0.013980028530670471
0 0.5993951612903226 0.36547788873038517 0.01975806451612903 0.015406562054208274
0 0.6381048387096774 0.36547788873038517 0.039919354838709675 0.015406562054208274
0 0.6909274193548387 0.36547788873038517 0.04879032258064516 0.015406562054208274
0 0.7947580645161291 0.36547788873038517 0.14596774193548387 0.015406562054208274
0 0.8985887096774193 0.36547788873038517 0.039919354838709675 0.015406562054208274
0 0.20504032258064517 0.38815977175463623 0.07056451612903226 0.013980028530670471
0 0.2669354838709677 0.38815977175463623 0.05725806451612903 0.013980028530670471
0 0.3342741935483871 0.38815977175463623 0.050806451612903224 0.013980028530670471
0 0.38629032258064516 0.38815977175463623 0.03064516129032258 0.013980028530670471
0 0.43044354838709675 0.38815977175463623 0.039919354838709675 0.013980028530670471
0 0.10241935483870968 0.4115549215406562 0.01129032258064516 0.013980028530670471
0 0.15443548387096775 0.41069900142653354 0.062096774193548386 0.015691868758915834
0 0.30786290322580645 0.41069900142653354 0.21895161290322582 0.015691868758915834
0 0.47016129032258064 0.41069900142653354 0.07983870967741935 0.015691868758915834
0 0.5518145161290322 0.41069900142653354 0.06169354838709677 0.015691868758915834
0 0.6137096774193549 0.41069900142653354 0.03951612903225806 0.015691868758915834
0 0.6955645161290323 0.41069900142653354 0.10161290322580645 0.015691868758915834
0 0.8014112903225806 0.41069900142653354 0.08830645161290322 0.015691868758915834
0 0.8887096774193548 0.41069900142653354 0.05967741935483871 0.015691868758915834
0 0.3707661290322581 0.4333808844507846 0.06169354838709677 0.017118402282453638
0 0.49112903225806454 0.4333808844507846 0.05967741935483871 0.017118402282453638
0 0.5816532258064516 0.4333808844507846 0.09959677419354838 0.017118402282453638
0 0.13891129032258065 0.43352353780313835 0.017338709677419354 0.013980028530670471
0 0.20181451612903226 0.43352353780313835 0.08185483870967741 0.013980028530670471
0 0.28911290322580646 0.43423680456490726 0.07983870967741935 0.015406562054208274
0 0.43044354838709675 0.43423680456490726 0.039919354838709675 0.015406562054208274
0 0.6743951612903226 0.43423680456490726 0.06411290322580646 0.015406562054208274
0 0.4149193548387097 0.46476462196861623 0.07096774193548387 0.017118402282453638
0 0.6600806451612903 0.46476462196861623 0.07096774193548387 0.017118402282453638
0 0.8633064516129032 0.4646219686162625 0.03951612903225806 0.013980028530670471
0 0.20524193548387096 0.49358059914407987 0.1588709677419355 0.015406562054208274
0 0.575 0.49358059914407987 0.09919354838709678 0.015406562054208274
0 0.6556451612903226 0.4944365192582026 0.03951612903225806 0.017118402282453638
0 0.7153225806451613 0.4944365192582026 0.062096774193548386 0.017118402282453638
0 0.7772177419354839 0.49358059914407987 0.039919354838709675 0.015406562054208274
0 0.48125 0.5052781740370899 0.04395161290322581 0.017118402282453638
0 0.3522177419354839 0.5054208273894436 0.046370967741935484 0.013980028530670471
0 0.40504032258064515 0.5054208273894436 0.03346774193548387 0.013980028530670471
0 0.44475806451612904 0.5054208273894436 0.03306451612903226 0.013980028530670471
0 0.18185483870967742 0.5171184022824536 0.05967741935483871 0.015691868758915834
0 0.24052419354838708 0.5171184022824536 0.039919354838709675 0.015691868758915834
0 0.6356854838709678 0.5171184022824536 0.06169354838709677 0.015691868758915834
0 0.6953629032258064 0.5171184022824536 0.039919354838709675 0.015691868758915834
0 0.12560483870967742 0.5412268188302425 0.02217741935483871 0.014265335235378032
0 0.5231854838709677 0.7349500713266762 0.42379032258064514 0.023395149786019972
0 0.6193548387096774 0.7573466476462197 0.24516129032258063 0.015691868758915834
0 0.2282258064516129 0.757774607703281 0.10806451612903226 0.012553495007132667
0 0.392741935483871 0.757774607703281 0.2120967741935484 0.012553495007132667
0 0.8278225806451613 0.757774607703281 0.17661290322580644 0.012553495007132667
0 0.12560483870967742 0.7724679029957204 0.04395161290322581 0.011126961483594865
0 0.29012096774193546 0.7724679029957204 0.2318548387096774 0.011126961483594865
0 0.4491935483870968 0.7724679029957204 0.05967741935483871 0.011126961483594865
0 0.4866935483870968 0.7716119828815977 0.01532258064516129 0.0094151212553495
0 0.5397177419354838 0.7724679029957204 0.07298387096774193 0.011126961483594865
0 0.6290322580645161 0.7724679029957204 0.08387096774193549 0.011126961483594865
0 0.6997983870967742 0.7717546362339515 0.06169354838709677 0.012553495007132667
0 0.7836693548387097 0.7724679029957204 0.1060483870967742 0.011126961483594865
0 0.8897177419354839 0.7717546362339515 0.05766129032258065 0.012553495007132667
0 0.8443548387096774 0.773323823109843 0.01532258064516129 0.0094151212553495
0 0.18306451612903227 0.7865905848787447 0.012903225806451613 0.010841654778887305
0 0.8411290322580646 0.8186875891583452 0.03064516129032258 0.0094151212553495
0 0.86875 0.8186875891583452 0.015725806451612902 0.0094151212553495
0 0.8887096774193548 0.8186875891583452 0.01532258064516129 0.0094151212553495
0 0.2306451612903226 0.8225392296718973 0.050806451612903224 0.014265335235378032
0 0.42600806451612905 0.8225392296718973 0.03508064516129032 0.014265335235378032
0 0.6445564516129032 0.8225392296718973 0.04879032258064516 0.014265335235378032
0 0.12903225806451613 0.8241084165477889 0.050806451612903224 0.011126961483594865
0 0.3431451612903226 0.8241084165477889 0.0814516129032258 0.011126961483594865
0 0.5508064516129032 0.8241084165477889 0.0814516129032258 0.011126961483594865
0 0.7425403225806452 0.822681883024251 0.039919354838709675 0.010556348074179742
0 0.8512096774193548 0.8303851640513552 0.050806451612903224 0.013980028530670471
0 0.12338709677419354 0.8584878744650499 0.04435483870967742 0.010841654778887305
0 0.21169354838709678 0.8800285306704707 0.13709677419354838 0.015691868758915834
0 0.11794354838709678 0.8796005706134095 0.03346774193548387 0.012553495007132667
0 0.5473790322580645 0.8803138373751783 0.031048387096774193 0.011126961483594865
0 0.3094758064516129 0.8997146932952924 0.052016129032258066 0.015121255349500713
0 0.3685483870967742 0.8982881597717546 0.0532258064516129 0.015691868758915834
0 0.4282258064516129 0.8982881597717546 0.0532258064516129 0.015691868758915834
0 0.11028225806451612 0.8990014265335236 0.013306451612903225 0.010841654778887305
0 0.14899193548387096 0.8982881597717546 0.046370967741935484 0.012268188302425107
0 0.2439516129032258 0.8991440798858773 0.06854838709677419 0.013980028530670471
0 0.4745967741935484 0.8982881597717546 0.02661290322580645 0.012268188302425107
0 0.6842741935483871 0.8991440798858773 0.04435483870967742 0.013980028530670471
0 0.7407258064516129 0.8990014265335236 0.050806451612903224 0.010841654778887305
0 0.7868951612903226 0.9007132667617689 0.028629032258064516 0.010841654778887305
0 0.8157258064516129 0.9007132667617689 0.020161290322580645 0.010841654778887305
0 0.8411290322580646 0.8998573466476462 0.017741935483870968 0.00912981455064194
0 0.33326612903225805 0.916262482168331 0.04395161290322581 0.013980028530670471
0 0.7715725806451613 0.9171184022824537 0.03346774193548387 0.015691868758915834
0 0.11693548387096774 0.9169757489300998 0.035483870967741936 0.012553495007132667
0 0.1566532258064516 0.9169757489300998 0.031048387096774193 0.012553495007132667
0 0.1941532258064516 0.9178316690442225 0.03508064516129032 0.010841654778887305
0 0.2284274193548387 0.9169757489300998 0.0375 0.012553495007132667
0 0.3784274193548387 0.9169757489300998 0.028629032258064516 0.012553495007132667
0 0.4171370967741935 0.9178316690442225 0.03508064516129032 0.010841654778887305
0 0.4491935483870968 0.9169757489300998 0.03790322580645161 0.012553495007132667
0 0.5961693548387097 0.9171184022824537 0.10201612903225807 0.012268188302425107
0 0.5318548387096774 0.9194008559201141 0.02661290322580645 0.011126961483594865
0 0.6612903225806451 0.9185449358059914 0.01532258064516129 0.0094151212553495
