0 0.13346774193548386 0.09514978601997147 0.050806451612903224 0.015691868758915834
0 0.49778225806451615 0.11069900142653352 0.0907258064516129 0.012553495007132667
0 0.6502016129032258 0.10998573466476462 0.06411290322580646 0.013980028530670471
0 0.3707661290322581 0.1115549215406562 0.05766129032258065 0.010841654778887305
0 0.4272177419354839 0.1115549215406562 0.0375 0.010841654778887305
0 0.5818548387096775 0.1115549215406562 0.05967741935483871 0.010841654778887305
0 0.42338709677419356 0.15534950071326675 0.11935483870967742 0.02310984308131241
0 0.5737903225806451 0.15378031383737517 0.17661290322580644 0.023395149786019972
0 0.9040322580645161 0.150641940085592 0.024193548387096774 0.014265335235378032
0 0.8588709677419355 0.15691868758915833 0.05725806451612903 0.023395149786019972
0 0.9030241935483871 0.1631954350927247 0.02217741935483871 0.010841654778887305
0 0.20504032258064517 0.21626248216833097 0.07943548387096774 0.017118402282453638
0 0.12016129032258065 0.21626248216833097 0.03790322580645161 0.014265335235378032
0 0.12903225806451613 0.23894436519258203 0.05967741935483871 0.015691868758915834
0 0.11915322580645162 0.262339514978602 0.039919354838709675 0.015691868758915834
0 0.1941532258064516 0.262339514978602 0.06169354838709677 0.015691868758915834
0 0.28568548387096776 0.262339514978602 0.09959677419354838 0.015691868758915834
0 0.3971774193548387 0.262339514978602 0.10161290322580645 0.015691868758915834
0 0.4778225806451613 0.262339514978602 0.041935483870967745 0.015691868758915834
0 0.5276209677419355 0.262339514978602 0.039919354838709675 0.015691868758915834
0 0.15120967741935484 0.2967189728958631 0.050806451612903224 0.015406562054208274
0 0.3100806451612903 0.2967189728958631 0.2540322580645161 0.015406562054208274
0 0.10241935483870968 0.29757489300998574 0.01129032258064516 0.010841654778887305
0 0.24495967741935484 0.31940085592011414 0.09717741935483871 0.017403708987161197
0 0.35766129032258065 0.3185449358059914 0.10161290322580645 0.015691868758915834
0 0.4469758064516129 0.31940085592011414 0.059274193548387095 0.017403708987161197
0 0.5784274193548387 0.31940085592011414 0.039919354838709675 0.017403708987161197
0 0.6610887096774194 0.3185449358059914 0.10362903225806451 0.015691868758915834
0 0.10241935483870968 0.320114122681883 0.01129032258064516 0.012553495007132667
0 0.15443548387096775 0.31940085592011414 0.062096774193548386 0.013980028530670471
0 0.51875 0.3202567760342368 0.06169354838709677 0.015691868758915834
0 0.1157258064516129 0.36547788873038517 0.03790322580645161 0.015406562054208274
0 0.1842741935483871 0.36547788873038517 0.05967741935483871 0.015406562054208274
0 0.276008064516129 0.36547788873038517 0.09717741935483871 0.015406562054208274
0 0.38629032258064516 0.36547788873038517 0.10161290322580645 0.015406562054208274
0 0.4679435483870968 0.36547788873038517 0.04395161290322581 0.015406562054208274
0 0.5133064516129032 0.36547788873038517 0.03306451612903226 0.015406562054208274
0 0.5705645161290323 0.36547788873038517 0.024193548387096774 0.015406562054208274
0 0.3487903225806452 0.8178316690442226 0.09274193548387097 0.011126961483594865
0 0.5629032258064516 0.8178316690442226 0.07983870967741935 0.011126961483594865
0 0.5165322580645161 0.8178316690442226 0.012903225806451613 0.007703281027104137
0 0.8433467741935484 0.8186875891583452 0.031048387096774193 0.0094151212553495
0 0.8709677419354839 0.8186875891583452 0.01532258064516129 0.0094151212553495
0 0.8929435483870968 0.8186875891583452 0.01975806451612903 0.0094151212553495
0 0.2282258064516129 0.8225392296718973 0.050806451612903224 0.014265335235378032
0 0.43266129032258066 0.8225392296718973 0.04838709677419355 0.014265335235378032
0 0.6455645161290322 0.8225392296718973 0.050806451612903224 0.014265335235378032
0 0.12661290322580646 0.8241084165477889 0.050806451612903224 0.011126961483594865
0 0.16653225806451613 0.8232524964336662 0.02903225806451613 0.0094151212553495
0 0.7362903225806452 0.8241084165477889 0.02903225806451613 0.011126961483594865
0 0.853225806451613 0.8303851640513552 0.050806451612903224 0.013980028530670471
0 0.12116935483870968 0.8584878744650499 0.04395161290322581 0.010841654778887305
0 0.2183467741935484 0.8794579172610556 0.15443548387096775 0.015691868758915834
0 0.5463709677419355 0.8787446504992867 0.03306451612903226 0.014265335235378032
0 0.1157258064516129 0.8796005706134095 0.03306451612903226 0.012553495007132667
0 0.4965725806451613 0.8982881597717546 0.09717741935483871 0.015691868758915834
0 0.10786290322580645 0.8982881597717546 0.013306451612903225 0.0094151212553495
0 0.1465725806451613 0.8982881597717546 0.046370967741935484 0.012268188302425107
0 0.25040322580645163 0.8991440798858773 0.08629032258064516 0.013980028530670471
0 0.33326612903225805 0.8982881597717546 0.06653225806451613 0.012268188302425107
0 0.4094758064516129 0.8991440798858773 0.06814516129032258 0.013980028530670471
0 0.686491935483871 0.8990014265335236 0.04395161290322581 0.010841654778887305
0 0.7925403225806451 0.8990014265335236 0.07056451612903226 0.010841654778887305
0 0.7340725806451613 0.8998573466476462 0.0375 0.00912981455064194
0 0.8455645161290323 0.8998573466476462 0.02661290322580645 0.00912981455064194
0 0.11794354838709678 0.9169757489300998 0.03346774193548387 0.012553495007132667
0 0.33326612903225805 0.916262482168331 0.04395161290322581 0.013980028530670471
0 0.5618951612903226 0.9169757489300998 0.10362903225806451 0.012553495007132667
0 0.8024193548387096 0.9171184022824537 0.09516129032258064 0.015691868758915834
0 0.15342741935483872 0.9169757489300998 0.028629032258064516 0.012553495007132667
0 0.19314516129032258 0.9178316690442225 0.03306451612903226 0.010841654778887305
0 0.225 0.9169757489300998 0.03951612903225806 0.012553495007132667
0 0.37641129032258064 0.9169757489300998 0.028629032258064516 0.012553495007132667
0 0.4137096774193548 0.9169757489300998 0.03306451612903226 0.012553495007132667
0 0.44818548387096774 0.9169757489300998 0.039919354838709675 0.012553495007132667
0 0.6270161290322581 0.9178316690442225 0.017741935483870968 0.010841654778887305
0 0.3199596774193548 0.9389443651925821 0.07056451612903226 0.012553495007132667
0 0.5120967741935484 0.9389443651925821 0.13225806451612904 0.012553495007132667
0 0.6899193548387097 0.9382310984308131 0.08629032258064516 0.013980028530670471
0 0.37641129032258064 0.9388017118402282 0.028629032258064516 0.0094151212553495
0 0.4137096774193548 0.9389443651925821 0.03306451612903226 0.012553495007132667
0 0.6038306451612904 0.9396576319543509 0.046370967741935484 0.011126961483594865
0 0.6336693548387097 0.9388017118402282 0.013306451612903225 0.0094151212553495
