0 0.13346774193548386 0.09514978601997147 0.050806451612903224 0.015691868758915834
0 0.36733870967741933 0.1115549215406562 0.05967741935483871 0.010841654778887305
0 0.42036290322580644 0.1115549215406562 0.028629032258064516 0.010841654778887305
0 0.49556451612903224 0.1115549215406562 0.09032258064516129 0.010841654778887305
0 0.5705645161290323 0.1115549215406562 0.041935483870967745 0.010841654778887305
0 0.6016129032258064 0.1115549215406562 0.01532258064516129 0.010841654778887305
0 0.6477822580645162 0.11069900142653352 0.06411290322580646 0.012553495007132667
0 0.4381048387096774 0.1544935805991441 0.21411290322580645 0.021968616262482168
0 0.6171370967741936 0.1544935805991441 0.14798387096774193 0.021968616262482168
0 0.8985887096774193 0.150641940085592 0.02620967741935484 0.014265335235378032
0 0.8544354838709678 0.15763195435092725 0.05725806451612903 0.021968616262482168
0 0.8975806451612903 0.162339514978602 0.024193548387096774 0.012553495007132667
0 0.20504032258064517 0.21626248216833097 0.07943548387096774 0.017118402282453638
0 0.12016129032258065 0.21626248216833097 0.03790322580645161 0.014265335235378032
0 0.12903225806451613 0.23894436519258203 0.05967741935483871 0.015691868758915834
0 0.11915322580645162 0.262339514978602 0.039919354838709675 0.015691868758915834
0 0.225 0.2630527817403709 0.11935483870967742 0.017118402282453638
0 0.4171370967741935 0.2630527817403709 0.23830645161290323 0.017118402282453638
0 0.16532258064516128 0.2967189728958631 0.14112903225806453 0.015406562054208274
0 0.2955645161290323 0.2967189728958631 0.10161290322580645 0.015406562054208274
0 0.3875 0.2967189728958631 0.05967741935483871 0.015406562054208274
0 0.4689516129032258 0.2967189728958631 0.08629032258064516 0.015406562054208274
0 0.2318548387096774 0.31940085592011414 0.19435483870967743 0.017403708987161197
0 0.1122983870967742 0.3209700427960057 0.013306451612903225 0.010841654778887305
0 0.1941532258064516 0.3419400855920114 0.11895161290322581 0.015691868758915834
0 0.1122983870967742 0.34350927246790297 0.013306451612903225 0.012553495007132667
0 0.1122983870967742 0.36547788873038517 0.013306451612903225 0.012553495007132667
0 0.19314516129032258 0.36547788873038517 0.11693548387096774 0.015406562054208274
0 0.27903225806451615 0.36547788873038517 0.050806451612903224 0.015406562054208274
0 0.12439516129032258 0.38730385164051356 0.0375 0.015691868758915834
0 0.22600806451612904 0.38730385164051356 0.13911290322580644 0.015691868758915834
0 0.34758064516129034 0.38730385164051356 0.08629032258064516 0.015691868758915834
0 0.42943548387096775 0.38730385164051356 0.024193548387096774 0.015691868758915834
0 0.8401209677419355 0.7639087018544936 0.028629032258064516 0.0094151212553495
0 0.8887096774193548 0.7639087018544936 0.01532258064516129 0.0094151212553495
0 0.2306451612903226 0.7686162624821683 0.050806451612903224 0.015406562054208274
0 0.4342741935483871 0.7671897289586305 0.05161290322580645 0.015406562054208274
0 0.6455645161290322 0.7679029957203994 0.050806451612903224 0.013980028530670471
0 0.5377016129032258 0.769472182596291 0.05524193548387097 0.010841654778887305
0 0.12116935483870968 0.7701854493580599 0.039919354838709675 0.0094151212553495
0 0.32217741935483873 0.7701854493580599 0.03951612903225806 0.0094151212553495
0 0.7350806451612903 0.7701854493580599 0.02661290322580645 0.0094151212553495
0 0.8443548387096774 0.7771754636233952 0.03306451612903226 0.010841654778887305
0 0.869758064516129 0.7771754636233952 0.017741935483870968 0.010841654778887305
0 0.12560483870967742 0.8382310984308131 0.04395161290322581 0.010841654778887305
0 0.1907258064516129 0.8794579172610556 0.09516129032258064 0.015691868758915834
0 0.5463709677419355 0.8787446504992867 0.03306451612903226 0.014265335235378032
0 0.11794354838709678 0.8796005706134095 0.03346774193548387 0.012553495007132667
0 0.3199596774193548 0.897432239657632 0.03508064516129032 0.013980028530670471
0 0.4149193548387097 0.8982881597717546 0.11048387096774194 0.015691868758915834
0 0.11028225806451612 0.8990014265335236 0.013306451612903225 0.010841654778887305
0 0.14899193548387096 0.8982881597717546 0.046370967741935484 0.012268188302425107
0 0.25161290322580643 0.8991440798858773 0.08387096774193549 0.013980028530670471
0 0.4879032258064516 0.8990014265335236 0.017741935483870968 0.010841654778887305
0 0.6842741935483871 0.8991440798858773 0.04435483870967742 0.013980028530670471
0 0.7306451612903225 0.8982881597717546 0.035483870967741936 0.012268188302425107
0 0.757258064516129 0.8990014265335236 0.017741935483870968 0.010841654778887305
0 0.7868951612903226 0.9007132667617689 0.028629032258064516 0.010841654778887305
0 0.816733870967742 0.9007132667617689 0.02217741935483871 0.010841654778887305
0 0.8411290322580646 0.8998573466476462 0.017741935483870968 0.00912981455064194
0 0.8014112903225806 0.9171184022824537 0.09314516129032258 0.015691868758915834
0 0.11693548387096774 0.9169757489300998 0.035483870967741936 0.012553495007132667
0 0.1566532258064516 0.9169757489300998 0.031048387096774193 0.012553495007132667
0 0.1909274193548387 0.9178316690442225 0.028629032258064516 0.010841654778887305
0 0.2284274193548387 0.9169757489300998 0.0375 0.012553495007132667
0 0.33326612903225805 0.9169757489300998 0.04395161290322581 0.012553495007132667
0 0.40826612903225806 0.9169757489300998 0.08830645161290322 0.012553495007132667
0 0.5826612903225806 0.9186875891583453 0.11048387096774194 0.012553495007132667
0 0.648991935483871 0.9185449358059914 0.02620967741935484 0.0094151212553495
0 0.6689516129032258 0.9185449358059914 0.017741935483870968 0.0094151212553495
0 0.32036290322580646 0.9385164051355207 0.07137096774193548 0.012268188302425107
0 0.5120967741935484 0.9389443651925821 0.13225806451612904 0.012553495007132667
0 0.6899193548387097 0.9382310984308131 0.08629032258064516 0.013980028530670471
0 0.37641129032258064 0.9388017118402282 0.028629032258064516 0.0094151212553495
0 0.4137096774193548 0.9389443651925821 0.03306451612903226 0.012553495007132667
0 0.6038306451612904 0.9396576319543509 0.046370967741935484 0.011126961483594865
0 0.6336693548387097 0.9388017118402282 0.013306451612903225 0.0094151212553495
