0 0.13346774193548386 0.09514978601997147 0.050806451612903224 0.015691868758915834
0 0.4435483870967742 0.1115549215406562 0.075 0.010841654778887305
0 0.504233870967742 0.1115549215406562 0.028629032258064516 0.010841654778887305
0 0.5705645161290323 0.1115549215406562 0.09032258064516129 0.010841654778887305
0 0.8953629032258065 0.1398002853067047 0.05524193548387097 0.035948644793152636
0 0.3961693548387097 0.15378031383737517 0.21008064516129032 0.023395149786019972
0 0.6235887096774193 0.1544935805991441 0.21008064516129032 0.024821683309557776
0 0.8798387096774194 0.1614835948644793 0.01129032258064516 0.010841654778887305
0 0.8544354838709678 0.17417974322396576 0.04435483870967742 0.02653352353780314
0 0.8963709677419355 0.17403708987161198 0.03951612903225806 0.014265335235378032
0 0.14778225806451614 0.17874465049928673 0.07056451612903226 0.011126961483594865
0 0.20504032258064517 0.21626248216833097 0.07943548387096774 0.017118402282453638
0 0.12016129032258065 0.21626248216833097 0.03790322580645161 0.014265335235378032
0 0.12903225806451613 0.2396576319543509 0.05967741935483871 0.017118402282453638
0 0.11915322580645162 0.262339514978602 0.039919354838709675 0.015691868758915834
0 0.19516129032258064 0.262339514978602 0.05967741935483871 0.015691868758915834
0 0.28568548387096776 0.262339514978602 0.09959677419354838 0.015691868758915834
0 0.3860887096774194 0.2630527817403709 0.07943548387096774 0.017118402282453638
0 0.4568548387096774 0.2630527817403709 0.03951612903225806 0.017118402282453638
0 0.5177419354838709 0.262339514978602 0.05967741935483871 0.015691868758915834
0 0.5762096774193548 0.262339514978602 0.03951612903225806 0.015691868758915834
0 0.6778225806451613 0.29586305278174035 0.10161290322580645 0.017118402282453638
0 0.12560483870967742 0.2967189728958631 0.05766129032258065 0.015406562054208274
0 0.21512096774193548 0.2967189728958631 0.09959677419354838 0.015406562054208274
0 0.3155241935483871 0.2967189728958631 0.07943548387096774 0.015406562054208274
0 0.38629032258064516 0.2967189728958631 0.03951612903225806 0.015406562054208274
0 0.4570564516129032 0.2967189728958631 0.07943548387096774 0.015406562054208274
0 0.538508064516129 0.2967189728958631 0.06169354838709677 0.015406562054208274
0 0.5981854838709677 0.2967189728958631 0.039919354838709675 0.015406562054208274
0 0.7715725806451613 0.2967189728958631 0.06411290322580646 0.015406562054208274
0 0.16653225806451613 0.31940085592011414 0.0814516129032258 0.017403708987161197
0 0.24818548387096775 0.3202567760342368 0.046370967741935484 0.015691868758915834
0 0.2991935483870968 0.31940085592011414 0.050806451612903224 0.013980028530670471
0 0.1034274193548387 0.3209700427960057 0.013306451612903225 0.010841654778887305
0 0.15 0.3419400855920114 0.04838709677419355 0.015691868758915834
0 0.20524193548387096 0.3419400855920114 0.03951612903225806 0.015691868758915834
0 0.28689516129032255 0.3419400855920114 0.1060483870967742 0.015691868758915834
0 0.369758064516129 0.3419400855920114 0.050806451612903224 0.015691868758915834
0 0.1034274193548387 0.34350927246790297 0.013306451612903225 0.012553495007132667
0 0.10141129032258064 0.36547788873038517 0.013306451612903225 0.012553495007132667
0 0.14879032258064517 0.36476462196861625 0.041935483870967745 0.013980028530670471
0 0.24475806451612903 0.36547788873038517 0.11048387096774194 0.015406562054208274
0 0.3685483870967742 0.36547788873038517 0.11048387096774194 0.015406562054208274
0 0.5 0.36547788873038517 0.12580645161290321 0.015406562054208274
0 0.7064516129032258 0.36547788873038517 0.24758064516129033 0.015406562054208274
0 0.886491935483871 0.36547788873038517 0.08185483870967741 0.015406562054208274
0 0.13004032258064516 0.38730385164051356 0.06653225806451613 0.015691868758915834
0 0.30685483870967745 0.38815977175463623 0.26048387096774195 0.017403708987161197
0 0.11471774193548387 0.41069900142653354 0.039919354838709675 0.015691868758915834
0 0.22600806451612904 0.41069900142653354 0.13911290322580644 0.015691868758915834
0 0.3233870967741935 0.41069900142653354 0.03306451612903226 0.015691868758915834
0 0.3786290322580645 0.41069900142653354 0.024193548387096774 0.015691868758915834
0 0.6346774193548387 0.7639087018544936 0.02903225806451613 0.0094151212553495
0 0.6820564516129032 0.7639087018544936 0.013306451612903225 0.0094151212553495
0 0.6612903225806451 0.7647646219686163 0.01532258064516129 0.007703281027104137
0 0.2306451612903226 0.7686162624821683 0.050806451612903224 0.015406562054208274
0 0.43306451612903224 0.7693295292439373 0.05161290322580645 0.015121255349500713
0 0.3431451612903226 0.7701854493580599 0.0814516129032258 0.012268188302425107
0 0.12903225806451613 0.7701854493580599 0.050806451612903224 0.0094151212553495
0 0.5231854838709677 0.7701854493580599 0.02620967741935484 0.0094151212553495
0 0.646774193548387 0.7780313837375178 0.017741935483870968 0.012553495007132667
0 0.6622983870967742 0.7763195435092725 0.017338709677419354 0.012553495007132667
0 0.630241935483871 0.777888730385164 0.01532258064516129 0.0094151212553495
0 0.12439516129032258 0.8373751783166904 0.046370967741935484 0.012553495007132667
0 0.20725806451612902 0.8794579172610556 0.1282258064516129 0.015691868758915834
0 0.11794354838709678 0.8796005706134095 0.03346774193548387 0.012553495007132667
0 0.5473790322580645 0.8803138373751783 0.031048387096774193 0.011126961483594865
0 0.44475806451612904 0.8982881597717546 0.08629032258064516 0.015691868758915834
0 0.11028225806451612 0.8990014265335236 0.013306451612903225 0.010841654778887305
0 0.14899193548387096 0.8982881597717546 0.046370967741935484 0.012268188302425107
0 0.2439516129032258 0.8991440798858773 0.06854838709677419 0.013980028530670471
0 0.3100806451612903 0.8991440798858773 0.050806451612903224 0.013980028530670471
0 0.36189516129032256 0.8990014265335236 0.031048387096774193 0.010841654778887305
0 0.38629032258064516 0.8982881597717546 0.017741935483870968 0.012268188302425107
0 0.540725806451613 0.8991440798858773 0.09274193548387097 0.013980028530670471
0 0.6862903225806452 0.8985734664764622 0.042741935483870966 0.011697574893009986
0 0.7495967741935484 0.8990014265335236 0.06854838709677419 0.010841654778887305
0 0.8036290322580645 0.9007132667617689 0.02661290322580645 0.010841654778887305
0 0.8334677419354839 0.9007132667617689 0.020161290322580645 0.010841654778887305
0 0.8566532258064516 0.8998573466476462 0.017338709677419354 0.00912981455064194
0 0.33326612903225805 0.916262482168331 0.04395161290322581 0.013980028530670471
0 0.8014112903225806 0.9171184022824537 0.09314516129032258 0.015691868758915834
0 0.11895161290322581 0.9178316690442225 0.035483870967741936 0.010841654778887305
0 0.1566532258064516 0.9169757489300998 0.031048387096774193 0.012553495007132667
0 0.1941532258064516 0.9178316690442225 0.03508064516129032 0.010841654778887305
0 0.2284274193548387 0.9169757489300998 0.0375 0.012553495007132667
0 0.3784274193548387 0.9169757489300998 0.028629032258064516 0.012553495007132667
0 0.4127016129032258 0.9169757489300998 0.031048387096774193 0.012553495007132667
0 0.4491935483870968 0.9169757489300998 0.03790322580645161 0.012553495007132667
0 0.5219758064516129 0.9169757489300998 0.028629032258064516 0.012553495007132667
0 0.5951612903225807 0.9172610556348074 0.10403225806451613 0.011982881597717546
0 0.6600806451612903 0.9185449358059914 0.017741935483870968 0.0094151212553495
