0 0.13346774193548386 0.09514978601997147 0.050806451612903224 0.015691868758915834
0 0.5175403225806452 0.10998573466476462 0.046370967741935484 0.013980028530670471
0 0.3675403225806452 0.11069900142653352 0.046370967741935484 0.012553495007132667
0 0.4415322580645161 0.11069900142653352 0.09274193548387097 0.012553495007132667
0 0.5905241935483871 0.1115549215406562 0.08185483870967741 0.010841654778887305
0 0.6546370967741936 0.1115549215406562 0.028629032258064516 0.010841654778887305
0 0.14778225806451614 0.150641940085592 0.07943548387096774 0.014265335235378032
0 0.5110887096774194 0.15378031383737517 0.3907258064516129 0.023395149786019972
0 0.14778225806451614 0.1631954350927247 0.06653225806451613 0.010841654778887305
0 0.20504032258064517 0.21626248216833097 0.07943548387096774 0.017118402282453638
0 0.12016129032258065 0.21626248216833097 0.03790322580645161 0.014265335235378032
0 0.12903225806451613 0.23894436519258203 0.05967741935483871 0.015691868758915834
0 0.11915322580645162 0.262339514978602 0.039919354838709675 0.015691868758915834
0 0.225 0.2630527817403709 0.11935483870967742 0.017118402282453638
0 0.3663306451612903 0.262339514978602 0.039919354838709675 0.015691868758915834
0 0.3155241935483871 0.2631954350927247 0.039919354838709675 0.013980028530670471
0 0.15 0.2967189728958631 0.04838709677419355 0.015406562054208274
0 0.21512096774193548 0.2967189728958631 0.059274193548387095 0.015406562054208274
0 0.28588709677419355 0.2967189728958631 0.05967741935483871 0.015406562054208274
0 0.33991935483870966 0.2967189728958631 0.03064516129032258 0.015406562054208274
0 0.10564516129032259 0.29757489300998574 0.017741935483870968 0.010841654778887305
0 0.2701612903225806 0.3185449358059914 0.050806451612903224 0.015691868758915834
0 0.40161290322580645 0.31940085592011414 0.19435483870967743 0.017403708987161197
0 0.10241935483870968 0.320114122681883 0.01129032258064516 0.012553495007132667
0 0.14879032258064517 0.3202567760342368 0.050806451612903224 0.015691868758915834
0 0.2129032258064516 0.3202567760342368 0.054838709677419356 0.015691868758915834
0 0.1157258064516129 0.36547788873038517 0.03790322580645161 0.015406562054208274
0 0.225 0.36547788873038517 0.14112903225806453 0.015406562054208274
0 0.3233870967741935 0.36547788873038517 0.03306451612903226 0.015406562054208274
0 0.3786290322580645 0.36547788873038517 0.024193548387096774 0.015406562054208274
0 0.6346774193548387 0.7482168330955777 0.02903225806451613 0.0094151212553495
0 0.6622983870967742 0.7482168330955777 0.017338709677419354 0.0094151212553495
0 0.6810483870967742 0.7482168330955777 0.01532258064516129 0.0094151212553495
0 0.2306451612903226 0.7537803138373752 0.050806451612903224 0.014265335235378032
0 0.4338709677419355 0.7537803138373752 0.050806451612903224 0.014265335235378032
0 0.13004032258064516 0.7544935805991441 0.05282258064516129 0.0094151212553495
0 0.32883064516129035 0.7553495007132668 0.05282258064516129 0.011126961483594865
0 0.5231854838709677 0.7544935805991441 0.02620967741935484 0.0094151212553495
0 0.6455645161290322 0.7616262482168331 0.050806451612903224 0.013980028530670471
0 0.12560483870967742 0.8225392296718973 0.04395161290322581 0.010841654778887305
0 0.11794354838709678 0.8646219686162625 0.03346774193548387 0.013980028530670471
0 0.19193548387096773 0.8647646219686163 0.09274193548387097 0.010841654778887305
0 0.5397177419354838 0.8647646219686163 0.015725806451612902 0.010841654778887305
0 0.25161290322580643 0.8825962910128388 0.08387096774193549 0.015691868758915834
0 0.33225806451612905 0.8825962910128388 0.050806451612903224 0.015691868758915834
0 0.39556451612903226 0.8833095577746077 0.05161290322580645 0.015406562054208274
0 0.46915322580645163 0.8825962910128388 0.07298387096774193 0.015691868758915834
0 0.5826612903225806 0.8825962910128388 0.11935483870967742 0.015691868758915834
0 0.14899193548387096 0.8904422253922967 0.046370967741935484 0.012553495007132667
0 0.6862903225806452 0.890870185449358 0.042741935483870966 0.011697574893009986
0 0.7153225806451613 0.8912981455064194 0.017741935483870968 0.010841654778887305
0 0.22278225806451613 0.8991440798858773 0.02620967741935484 0.013980028530670471
0 0.8014112903225806 0.9171184022824537 0.09314516129032258 0.015691868758915834
0 0.12016129032258065 0.9178316690442225 0.03306451612903226 0.010841654778887305
0 0.18629032258064515 0.9169757489300998 0.08629032258064516 0.012553495007132667
0 0.3342741935483871 0.9169757489300998 0.041935483870967745 0.012553495007132667
0 0.40826612903225806 0.9169757489300998 0.08830645161290322 0.012553495007132667
0 0.5651209677419354 0.9178316690442225 0.09717741935483871 0.014265335235378032
0 0.6534274193548387 0.9178316690442225 0.017338709677419354 0.010841654778887305
0 0.6314516129032258 0.9194008559201141 0.02661290322580645 0.011126961483594865
