0 0.13346774193548386 0.09514978601997147 0.050806451612903224 0.015691868758915834
0 0.5175403225806452 0.10998573466476462 0.046370967741935484 0.013980028530670471
0 0.3675403225806452 0.11069900142653352 0.046370967741935484 0.012553495007132667
0 0.4415322580645161 0.11069900142653352 0.09274193548387097 0.012553495007132667
0 0.5905241935483871 0.1115549215406562 0.08185483870967741 0.010841654778887305
0 0.6546370967741936 0.1115549215406562 0.028629032258064516 0.010841654778887305
0 0.14778225806451614 0.150641940085592 0.07943548387096774 0.014265335235378032
0 0.5110887096774194 0.15378031383737517 0.3907258064516129 0.023395149786019972
0 0.14778225806451614 0.1631954350927247 0.06653225806451613 0.010841654778887305
0 0.20504032258064517 0.21626248216833097 0.07943548387096774 0.017118402282453638
0 0.12016129032258065 0.21626248216833097 0.03790322580645161 0.014265335235378032
0 0.12903225806451613 0.23894436519258203 0.05967741935483871 0.015691868758915834
0 0.11915322580645162 0.262339514978602 0.039919354838709675 0.015691868758915834
0 0.18649193548387097 0.262339514978602 0.046370967741935484 0.015691868758915834
0 0.3254032258064516 0.2630527817403709 0.20080645161290323 0.017118402282453638
0 0.4568548387096774 0.262339514978602 0.03951612903225806 0.015691868758915834
0 0.5076612903225807 0.262339514978602 0.03951612903225806 0.015691868758915834
0 0.5574596774193549 0.262339514978602 0.0375 0.015691868758915834
0 0.15 0.2967189728958631 0.04838709677419355 0.015406562054208274
0 0.3056451612903226 0.2967189728958631 0.2403225806451613 0.015406562054208274
0 0.44576612903225804 0.29600570613409416 0.02217741935483871 0.013980028530670471
0 0.49879032258064515 0.2967189728958631 0.06612903225806452 0.015406562054208274
0 0.10241935483870968 0.29757489300998574 0.01129032258064516 0.010841654778887305
0 0.16653225806451613 0.3185449358059914 0.0814516129032258 0.015691868758915834
0 0.3155241935483871 0.31940085592011414 0.06169354838709677 0.017403708987161197
0 0.4060483870967742 0.31940085592011414 0.10161290322580645 0.017403708987161197
0 0.10241935483870968 0.320114122681883 0.01129032258064516 0.012553495007132667
0 0.24596774193548387 0.3202567760342368 0.05967741935483871 0.015691868758915834
0 0.4889112903225806 0.31940085592011414 0.046370967741935484 0.013980028530670471
0 0.6036290322580645 0.3202567760342368 0.1346774193548387 0.015691868758915834
0 0.6887096774193548 0.3202567760342368 0.017741935483870968 0.015691868758915834
0 0.7296370967741935 0.31940085592011414 0.04233870967741935 0.013980028530670471
0 0.7606854838709678 0.31940085592011414 0.01975806451612903 0.013980028530670471
0 0.8004032258064516 0.3202567760342368 0.041935483870967745 0.015691868758915834
0 0.8600806451612903 0.3202567760342368 0.05967741935483871 0.015691868758915834
0 0.21633064516129033 0.3419400855920114 0.07943548387096774 0.015691868758915834
0 0.3167338709677419 0.3419400855920114 0.09959677419354838 0.015691868758915834
0 0.4094758064516129 0.3419400855920114 0.06411290322580646 0.015691868758915834
0 0.14556451612903226 0.3427960057061341 0.03951612903225806 0.013980028530670471
0 0.17419354838709677 0.38815977175463623 0.03951612903225806 0.017403708987161197
0 0.12782258064516128 0.38815977175463623 0.02661290322580645 0.013980028530670471
0 0.225 0.38815977175463623 0.03951612903225806 0.013980028530670471
0 0.4425403225806452 0.4131241084165478 0.0375 0.014265335235378032
0 0.6877016129032258 0.4131241084165478 0.0375 0.014265335235378032
0 0.2372983870967742 0.4232524964336662 0.0907258064516129 0.015691868758915834
0 0.8600806451612903 0.42410841654778886 0.03306451612903226 0.011126961483594865
0 0.3808467741935484 0.43352353780313835 0.0375 0.013980028530670471
0 0.5032258064516129 0.43352353780313835 0.03951612903225806 0.013980028530670471
0 0.626008064516129 0.43423680456490726 0.0375 0.015406562054208274
0 0.7493951612903226 0.43423680456490726 0.0375 0.015406562054208274
0 0.23830645161290323 0.45534950071326674 0.05725806451612903 0.014265335235378032
0 0.5044354838709677 0.45534950071326674 0.07258064516129033 0.014265335235378032
0 0.626008064516129 0.45534950071326674 0.05524193548387097 0.014265335235378032
0 0.7483870967741936 0.45534950071326674 0.09274193548387097 0.014265335235378032
0 0.3808467741935484 0.46633380884450787 0.07298387096774193 0.013980028530670471
0 0.2372983870967742 0.47717546362339514 0.13024193548387097 0.013980028530670471
0 0.504233870967742 0.4780313837375178 0.05524193548387097 0.015691868758915834
0 0.6258064516129033 0.47717546362339514 0.07258064516129033 0.013980028530670471
0 0.7493951612903226 0.47717546362339514 0.05524193548387097 0.013980028530670471
0 0.5032258064516129 0.4998573466476462 0.075 0.015406562054208274
0 0.626008064516129 0.4998573466476462 0.05524193548387097 0.015406562054208274
0 0.7483870967741936 0.4998573466476462 0.09274193548387097 0.015406562054208274
0 0.23830645161290323 0.4998573466476462 0.05725806451612903 0.012553495007132667
0 0.13568548387096774 0.5124108416547789 0.010887096774193548 0.012553495007132667
0 0.3818548387096774 0.5115549215406562 0.07096774193548387 0.014265335235378032
0 0.23830645161290323 0.5216833095577746 0.1282258064516129 0.015691868758915834
0 0.504233870967742 0.5216833095577746 0.05524193548387097 0.015691868758915834
0 0.5993951612903226 0.5225392296718973 0.01975806451612903 0.013980028530670471
0 0.6346774193548387 0.5225392296718973 0.054838709677419356 0.013980028530670471
0 0.7493951612903226 0.5225392296718973 0.05524193548387097 0.013980028530670471
0 0.11471774193548387 0.5717546362339515 0.039919354838709675 0.015406562054208274
0 0.20524193548387096 0.5717546362339515 0.10161290322580645 0.015406562054208274
0 0.28245967741935485 0.5717546362339515 0.03508064516129032 0.015406562054208274
0 0.3377016129032258 0.5717546362339515 0.02217741935483871 0.015406562054208274
0 0.3497983870967742 0.8029957203994293 0.09475806451612903 0.012268188302425107
0 0.6356854838709678 0.8029957203994293 0.031048387096774193 0.0094151212553495
0 0.6622983870967742 0.8029957203994293 0.017338709677419354 0.0094151212553495
0 0.682258064516129 0.8029957203994293 0.017741935483870968 0.0094151212553495
0 0.2306451612903226 0.8069900142653352 0.050806451612903224 0.013980028530670471
0 0.4338709677419355 0.8069900142653352 0.050806451612903224 0.013980028530670471
0 0.13669354838709677 0.8084165477888731 0.06612903225806452 0.011126961483594865
0 0.17641129032258066 0.8084165477888731 0.013306451612903225 0.007703281027104137
0 0.5231854838709677 0.8092724679029957 0.02620967741935484 0.0094151212553495
0 0.3497983870967742 0.8146932952924394 0.05524193548387097 0.011126961483594865
0 0.6451612903225806 0.8169757489300998 0.05161290322580645 0.015121255349500713
0 0.3100806451612903 0.815549215406562 0.01532258064516129 0.0094151212553495
0 0.12439516129032258 0.8427960057061341 0.046370967741935484 0.010841654778887305
0 0.22056451612903225 0.8639087018544935 0.15483870967741936 0.015406562054208274
0 0.11794354838709678 0.8646219686162625 0.03346774193548387 0.013980028530670471
0 0.5473790322580645 0.8647646219686163 0.031048387096774193 0.010841654778887305
0 0.33225806451612905 0.8825962910128388 0.050806451612903224 0.015691868758915834
0 0.39556451612903226 0.8833095577746077 0.05161290322580645 0.015406562054208274
0 0.47016129032258064 0.8825962910128388 0.075 0.015691868758915834
0 0.5826612903225806 0.8825962910128388 0.11935483870967742 0.015691868758915834
0 0.25161290322580643 0.8834522111269615 0.08387096774193549 0.013980028530670471
0 0.14899193548387096 0.8904422253922967 0.046370967741935484 0.012553495007132667
0 0.6854838709677419 0.8921540656205421 0.041935483870967745 0.012553495007132667
0 0.7153225806451613 0.8912981455064194 0.017741935483870968 0.010841654778887305
0 0.22379032258064516 0.8990014265335236 0.024193548387096774 0.010841654778887305
0 0.11895161290322581 0.9178316690442225 0.035483870967741936 0.010841654778887305
0 0.1566532258064516 0.9169757489300998 0.031048387096774193 0.012553495007132667
0 0.1909274193548387 0.9178316690442225 0.028629032258064516 0.010841654778887305
0 0.2284274193548387 0.9169757489300998 0.0375 0.012553495007132667
0 0.33326612903225805 0.9169757489300998 0.04395161290322581 0.012553495007132667
0 0.5308467741935484 0.9169757489300998 0.028629032258064516 0.012553495007132667
0 0.5860887096774193 0.9169757489300998 0.08588709677419355 0.012553495007132667
0 0.7725806451612903 0.9178316690442225 0.035483870967741936 0.014265335235378032
0 0.648991935483871 0.9194008559201141 0.02620967741935484 0.011126961483594865
0 0.6689516129032258 0.9185449358059914 0.017741935483870968 0.0094151212553495
