0 0.13346774193548386 0.09514978601997147 0.050806451612903224 0.015691868758915834
0 0.4183467741935484 0.11069900142653352 0.046370967741935484 0.012553495007132667
0 0.4856854838709677 0.1115549215406562 0.07056451612903226 0.010841654778887305
0 0.5550403225806452 0.1115549215406562 0.046370967741935484 0.010841654778887305
0 0.6137096774193549 0.1115549215406562 0.0532258064516129 0.010841654778887305
0 0.5131048387096774 0.1544935805991441 0.2979838709677419 0.021968616262482168
0 0.20504032258064517 0.21626248216833097 0.07943548387096774 0.017118402282453638
0 0.12016129032258065 0.21626248216833097 0.03790322580645161 0.014265335235378032
0 0.12903225806451613 0.23894436519258203 0.05967741935483871 0.015691868758915834
0 0.11915322580645162 0.262339514978602 0.039919354838709675 0.015691868758915834
0 0.38629032258064516 0.2630527817403709 0.3403225806451613 0.017118402282453638
0 0.5971774193548387 0.262339514978602 0.05967741935483871 0.015691868758915834
0 0.6590725806451613 0.262339514978602 0.0375 0.015691868758915834
0 0.7086693548387096 0.262339514978602 0.039919354838709675 0.015691868758915834
0 0.759475806451613 0.262339514978602 0.039919354838709675 0.015691868758915834
0 0.8102822580645161 0.262339514978602 0.039919354838709675 0.015691868758915834
0 0.18528225806451612 0.2631954350927247 0.04395161290322581 0.013980028530670471
0 0.15 0.2967189728958631 0.04838709677419355 0.015406562054208274
0 0.26048387096774195 0.2967189728958631 0.15 0.015406562054208274
0 0.3939516129032258 0.2967189728958631 0.11693548387096774 0.015406562054208274
0 0.4778225806451613 0.2967189728958631 0.041935483870967745 0.015406562054208274
0 0.10241935483870968 0.29757489300998574 0.01129032258064516 0.010841654778887305
0 0.34536290322580643 0.31940085592011414 0.34233870967741936 0.017403708987161197
0 0.557258064516129 0.3185449358059914 0.05967741935483871 0.015691868758915834
0 0.6788306451612903 0.31940085592011414 0.059274193548387095 0.017403708987161197
0 0.7506048387096774 0.31940085592011414 0.06169354838709677 0.017403708987161197
0 0.8102822580645161 0.31940085592011414 0.039919354838709675 0.017403708987161197
0 0.879233870967742 0.3208273894436519 0.08185483870967741 0.016833095577746076
0 0.1034274193548387 0.320114122681883 0.013306451612903225 0.012553495007132667
0 0.14556451612903226 0.31940085592011414 0.04435483870967742 0.013980028530670471
0 0.6181451612903226 0.3202567760342368 0.03951612903225806 0.015691868758915834
0 0.14556451612903226 0.3419400855920114 0.03951612903225806 0.015691868758915834
0 0.19516129032258064 0.3419400855920114 0.05967741935483871 0.015691868758915834
0 0.2679435483870968 0.3419400855920114 0.06411290322580646 0.015691868758915834
0 0.12883064516129034 0.36547788873038517 0.028629032258064516 0.015406562054208274
0 0.1752016129032258 0.36547788873038517 0.0375 0.015406562054208274
0 0.1842741935483871 0.38730385164051356 0.041935483870967745 0.015691868758915834
0 0.4161290322580645 0.38815977175463623 0.041935483870967745 0.017403708987161197
0 0.5044354838709677 0.38730385164051356 0.11290322580645161 0.015691868758915834
0 0.14677419354838708 0.38815977175463623 0.024193548387096774 0.013980028530670471
0 0.24495967741935484 0.38815977175463623 0.06169354838709677 0.013980028530670471
0 0.31108870967741936 0.38815977175463623 0.05282258064516129 0.013980028530670471
0 0.3663306451612903 0.38815977175463623 0.06169354838709677 0.013980028530670471
0 0.14556451612903226 0.41069900142653354 0.021774193548387097 0.015691868758915834
0 0.18306451612903227 0.41069900142653354 0.035483870967741936 0.015691868758915834
0 0.2558467741935484 0.41069900142653354 0.07943548387096774 0.015691868758915834
0 0.35866935483870965 0.41069900142653354 0.10846774193548388 0.015691868758915834
0 0.43588709677419357 0.41069900142653354 0.041935483870967745 0.015691868758915834
0 0.5243951612903226 0.41069900142653354 0.1125 0.015691868758915834
0 0.2846774193548387 0.4333808844507846 0.14112903225806453 0.017118402282453638
0 0.482258064516129 0.4333808844507846 0.15241935483870966 0.017118402282453638
0 0.12681451612903225 0.43352353780313835 0.024596774193548387 0.013980028530670471
0 0.17983870967741936 0.43423680456490726 0.050806451612903224 0.015406562054208274
0 0.38064516129032255 0.43423680456490726 0.03306451612903226 0.015406562054208274
0 0.5772177419354839 0.43352353780313835 0.01975806451612903 0.013980028530670471
0 0.6181451612903226 0.43423680456490726 0.03951612903225806 0.015406562054208274
0 0.6745967741935484 0.43423680456490726 0.050806451612903224 0.015406562054208274
0 0.12681451612903225 0.45606276747503566 0.024596774193548387 0.015691868758915834
0 0.17983870967741936 0.45606276747503566 0.050806451612903224 0.015691868758915834
0 0.2659274193548387 0.45606276747503566 0.09959677419354838 0.015691868758915834
0 0.3465725806451613 0.45606276747503566 0.039919354838709675 0.015691868758915834
0 0.3963709677419355 0.45606276747503566 0.041935483870967745 0.015691868758915834
0 0.12681451612903225 0.4787446504992867 0.024596774193548387 0.014265335235378032
0 0.17419354838709677 0.47945791726105563 0.03951612903225806 0.015691868758915834
0 0.18629032258064515 0.5014265335235378 0.05967741935483871 0.015691868758915834
0 0.2703629032258065 0.5021398002853067 0.0907258064516129 0.017118402282453638
0 0.4028225806451613 0.5021398002853067 0.050806451612903224 0.017118402282453638
0 0.34536290322580643 0.5022824536376604 0.0375 0.013980028530670471
0 0.18528225806451612 0.5248216833095578 0.06169354838709677 0.015691868758915834
0 0.23487903225806453 0.5248216833095578 0.01975806451612903 0.015691868758915834
0 0.27580645161290324 0.5248216833095578 0.03951612903225806 0.015691868758915834
0 0.33548387096774196 0.5248216833095578 0.062096774193548386 0.015691868758915834
0 0.42278225806451614 0.5248216833095578 0.09475806451612903 0.015691868758915834
0 0.4975806451612903 0.5248216833095578 0.041935483870967745 0.015691868758915834
0 0.5528225806451613 0.5248216833095578 0.050806451612903224 0.015691868758915834
0 0.20584677419354838 0.5487874465049929 0.09959677419354838 0.016262482168330955
0 0.4282258064516129 0.5475035663338088 0.08387096774193549 0.017118402282453638
0 0.6403225806451613 0.5475035663338088 0.08387096774193549 0.017118402282453638
0 0.7848790322580645 0.5475035663338088 0.0907258064516129 0.017118402282453638
0 0.2957661290322581 0.5482168330955778 0.06169354838709677 0.015691868758915834
0 0.3564516129032258 0.5475035663338088 0.03790322580645161 0.014265335235378032
0 0.5098790322580645 0.5482168330955778 0.06169354838709677 0.015691868758915834
0 0.575 0.5475035663338088 0.03306451612903226 0.014265335235378032
0 0.7141129032258065 0.5482168330955778 0.03306451612903226 0.015691868758915834
0 0.11471774193548387 0.5935805991440799 0.039919354838709675 0.015691868758915834
0 0.20524193548387096 0.5935805991440799 0.04435483870967742 0.015691868758915834
0 0.4060483870967742 0.5935805991440799 0.3403225806451613 0.015691868758915834
0 0.6181451612903226 0.5935805991440799 0.062096774193548386 0.015691868758915834
0 0.6778225806451613 0.5935805991440799 0.03951612903225806 0.015691868758915834
0 0.7296370967741935 0.5935805991440799 0.04233870967741935 0.015691868758915834
0 0.777016129032258 0.5935805991440799 0.035483870967741936 0.015691868758915834
0 0.16653225806451613 0.5944365192582025 0.01532258064516129 0.011126961483594865
0 0.4060483870967742 0.6162624821683309 0.3403225806451613 0.017118402282453638
0 0.6181451612903226 0.6162624821683309 0.062096774193548386 0.017118402282453638
0 0.6790322580645162 0.6162624821683309 0.041935483870967745 0.017118402282453638
0 0.7528225806451613 0.6162624821683309 0.08870967741935484 0.017118402282453638
0 0.83125 0.6162624821683309 0.024596774193548387 0.017118402282453638
0 0.16310483870967743 0.6171184022824536 0.013306451612903225 0.012553495007132667
0 0.20524193548387096 0.6162624821683309 0.04435483870967742 0.014265335235378032
0 0.5574596774193549 0.8178316690442226 0.09475806451612903 0.011126961483594865
0 0.8433467741935484 0.8186875891583452 0.031048387096774193 0.0094151212553495
0 0.8709677419354839 0.8186875891583452 0.01532258064516129 0.0094151212553495
0 0.8897177419354839 0.8186875891583452 0.017338709677419354 0.0094151212553495
0 0.2282258064516129 0.8225392296718973 0.050806451612903224 0.014265335235378032
0 0.4338709677419355 0.8225392296718973 0.050806451612903224 0.014265335235378032
0 0.6455645161290322 0.8225392296718973 0.050806451612903224 0.014265335235378032
0 0.32217741935483873 0.8241084165477889 0.03951612903225806 0.011126961483594865
0 0.742741935483871 0.8241084165477889 0.041935483870967745 0.011126961483594865
0 0.12116935483870968 0.8249643366619116 0.039919354838709675 0.0094151212553495
0 0.853225806451613 0.8303851640513552 0.050806451612903224 0.013980028530670471
0 0.5165322580645161 0.8310984308131241 0.012903225806451613 0.00912981455064194
0 0.12116935483870968 0.8584878744650499 0.04395161290322581 0.010841654778887305
0 0.19193548387096773 0.8794579172610556 0.10161290322580645 0.015691868758915834
0 0.2770161290322581 0.8787446504992867 0.06854838709677419 0.014265335235378032
0 0.5463709677419355 0.8787446504992867 0.03306451612903226 0.014265335235378032
0 0.1157258064516129 0.8796005706134095 0.03306451612903226 0.012553495007132667
0 0.10786290322580645 0.8990014265335236 0.013306451612903225 0.010841654778887305
0 0.14778225806451614 0.8982881597717546 0.04395161290322581 0.012268188302425107
0 0.23387096774193547 0.8991440798858773 0.0532258064516129 0.013980028530670471
0 0.2913306451612903 0.8982881597717546 0.05282258064516129 0.012268188302425107
0 0.35 0.8982881597717546 0.050806451612903224 0.012268188302425107
0 0.4092741935483871 0.8982881597717546 0.050806451612903224 0.012268188302425107
0 0.4612903225806452 0.8990014265335236 0.035483870967741936 0.010841654778887305
0 0.686491935483871 0.8998573466476462 0.04395161290322581 0.012553495007132667
0 0.7350806451612903 0.8998573466476462 0.035483870967741936 0.00912981455064194
0 0.7792338709677419 0.9007132667617689 0.04395161290322581 0.010841654778887305
0 0.8169354838709677 0.8998573466476462 0.017741935483870968 0.00912981455064194
0 0.33326612903225805 0.916262482168331 0.04395161290322581 0.013980028530670471
0 0.8024193548387096 0.9171184022824537 0.09516129032258064 0.015691868758915834
0 0.1157258064516129 0.9169757489300998 0.03306451612903226 0.012553495007132667
0 0.15443548387096775 0.9169757489300998 0.03064516129032258 0.012553495007132667
0 0.2094758064516129 0.9178316690442225 0.07056451612903226 0.010841654778887305
0 0.3808467741935484 0.9169757489300998 0.0375 0.012553495007132667
0 0.42379032258064514 0.9169757489300998 0.03951612903225806 0.012553495007132667
0 0.5606854838709677 0.9178316690442225 0.08830645161290322 0.014265335235378032
0 0.6326612903225807 0.9194008559201141 0.041935483870967745 0.011126961483594865
0 0.3532258064516129 0.9382310984308131 0.04838709677419355 0.013980028530670471
0 0.41391129032258067 0.9382310984308131 0.06411290322580646 0.013980028530670471
0 0.5110887096774194 0.9382310984308131 0.10846774193548388 0.013980028530670471
0 0.6036290322580645 0.9396576319543509 0.05967741935483871 0.011126961483594865
0 0.6655241935483871 0.9396576319543509 0.046370967741935484 0.011126961483594865
