0 0.13346774193548386 0.09514978601997147 0.050806451612903224 0.015691868758915834
0 0.5606854838709677 0.10998573466476462 0.04879032258064516 0.013980028530670471
0 0.4247983870967742 0.1115549215406562 0.046370967741935484 0.010841654778887305
0 0.4689516129032258 0.11069900142653352 0.03306451612903226 0.012553495007132667
0 0.5076612903225807 0.1115549215406562 0.03064516129032258 0.010841654778887305
0 0.6048387096774194 0.1115549215406562 0.03064516129032258 0.010841654778887305
0 0.5098790322580645 0.15378031383737517 0.23830645161290323 0.023395149786019972
0 0.8477822580645161 0.17874465049928673 0.039919354838709675 0.013980028530670471
0 0.8941532258064516 0.17874465049928673 0.05282258064516129 0.013980028530670471
0 0.1963709677419355 0.21554921540656205 0.062096774193548386 0.015691868758915834
0 0.25483870967741934 0.21554921540656205 0.041935483870967745 0.015691868758915834
0 0.11915322580645162 0.21626248216833097 0.039919354838709675 0.014265335235378032
0 0.12903225806451613 0.2396576319543509 0.05967741935483871 0.017118402282453638
0 0.11915322580645162 0.262339514978602 0.039919354838709675 0.015691868758915834
0 0.2183467741935484 0.2630527817403709 0.1060483870967742 0.017118402282453638
0 0.31451612903225806 0.262339514978602 0.06854838709677419 0.015691868758915834
0 0.3784274193548387 0.262339514978602 0.0375 0.015691868758915834
0 0.44475806451612904 0.262339514978602 0.07741935483870968 0.015691868758915834
0 0.5375 0.2630527817403709 0.09032258064516129 0.017118402282453638
0 0.6092741935483871 0.2630527817403709 0.03951612903225806 0.017118402282453638
0 0.6578629032258064 0.262339514978602 0.039919354838709675 0.015691868758915834
0 0.7252016129032258 0.262339514978602 0.07701612903225806 0.015691868758915834
0 0.7947580645161291 0.262339514978602 0.03951612903225806 0.015691868758915834
0 0.8411290322580646 0.262339514978602 0.035483870967741936 0.015691868758915834
0 0.14334677419354838 0.2967189728958631 0.04879032258064516 0.015406562054208274
0 0.26814516129032256 0.2967189728958631 0.1879032258064516 0.015406562054208274
0 0.4215725806451613 0.2967189728958631 0.039919354838709675 0.015406562054208274
0 0.4689516129032258 0.2967189728958631 0.050806451612903224 0.015406562054208274
0 0.5387096774193548 0.2967189728958631 0.075 0.015406562054208274
0 0.6114919354838709 0.2967189728958631 0.05766129032258065 0.015406562054208274
0 0.666733870967742 0.2967189728958631 0.039919354838709675 0.015406562054208274
0 0.75625 0.2967189728958631 0.1125 0.015406562054208274
0 0.10463709677419354 0.29743223965763194 0.01975806451612903 0.013980028530670471
0 0.38306451612903225 0.29828815977175466 0.01532258064516129 0.012268188302425107
0 0.15221774193548387 0.3405135520684736 0.05766129032258065 0.015691868758915834
0 0.21068548387096775 0.3405135520684736 0.04233870967741935 0.015691868758915834
0 0.2659274193548387 0.3405135520684736 0.0375 0.015691868758915834
0 0.3155241935483871 0.3405135520684736 0.039919354838709675 0.015691868758915834
0 0.3629032258064516 0.3405135520684736 0.041935483870967745 0.015691868758915834
0 0.4368951612903226 0.3405135520684736 0.07056451612903226 0.015691868758915834
0 0.5044354838709677 0.3405135520684736 0.041935483870967745 0.015691868758915834
0 0.5683467741935484 0.3405135520684736 0.05524193548387097 0.015691868758915834
0 0.626008064516129 0.3405135520684736 0.0375 0.015691868758915834
0 0.6655241935483871 0.3405135520684736 0.01975806451612903 0.015691868758915834
0 0.7274193548387097 0.3405135520684736 0.06370967741935483 0.015691868758915834
0 0.7893145161290323 0.3405135520684736 0.0375 0.015691868758915834
0 0.8598790322580645 0.34122681883024253 0.08588709677419355 0.017118402282453638
0 0.9173387096774194 0.3405135520684736 0.020161290322580645 0.015691868758915834
0 0.10262096774193548 0.34122681883024253 0.01975806451612903 0.014265335235378032
0 0.6256048387096774 0.3651925820256776 0.18346774193548387 0.016547788873038517
0 0.8451612903225807 0.36547788873038517 0.07580645161290323 0.016547788873038517
0 0.14213709677419356 0.36476462196861625 0.0375 0.013980028530670471
0 0.18850806451612903 0.36476462196861625 0.0375 0.013980028530670471
0 0.26149193548387095 0.36547788873038517 0.0907258064516129 0.015406562054208274
0 0.33669354838709675 0.36547788873038517 0.041935483870967745 0.015406562054208274
0 0.388508064516129 0.36547788873038517 0.03508064516129032 0.015406562054208274
0 0.44475806451612904 0.36476462196861625 0.054838709677419356 0.013980028530670471
0 0.5 0.36476462196861625 0.041935483870967745 0.013980028530670471
0 0.7637096774193548 0.36547788873038517 0.075 0.015406562054208274
0 0.9086693548387097 0.36547788873038517 0.0375 0.015406562054208274
0 0.15342741935483872 0.3890156918687589 0.05524193548387097 0.015691868758915834
0 0.21411290322580645 0.3890156918687589 0.05725806451612903 0.015691868758915834
0 0.27923387096774194 0.3890156918687589 0.05524193548387097 0.015691868758915834
0 0.35423387096774195 0.3890156918687589 0.07701612903225806 0.015691868758915834
0 0.12681451612903225 0.4209700427960057 0.028629032258064516 0.013980028530670471
0 0.1719758064516129 0.42182596291012836 0.04395161290322581 0.015691868758915834
0 0.22399193548387097 0.42182596291012836 0.046370967741935484 0.015691868758915834
0 0.2693548387096774 0.42182596291012836 0.02661290322580645 0.015691868758915834
0 0.30463709677419354 0.42182596291012836 0.031048387096774193 0.015691868758915834
0 0.3532258064516129 0.42182596291012836 0.075 0.015691868758915834
0 0.17076612903225807 0.44522111269614834 0.046370967741935484 0.015691868758915834
0 0.23044354838709677 0.44522111269614834 0.05524193548387097 0.015691868758915834
0 0.34758064516129034 0.44522111269614834 0.07258064516129033 0.015691868758915834
0 0.411491935483871 0.44522111269614834 0.0375 0.015691868758915834
0 0.4756048387096774 0.44593437945791725 0.07298387096774193 0.017118402282453638
0 0.5387096774193548 0.44522111269614834 0.035483870967741936 0.015691868758915834
0 0.12358870967741936 0.44593437945791725 0.02217741935483871 0.014265335235378032
0 0.2846774193548387 0.44593437945791725 0.035483870967741936 0.014265335235378032
0 0.22056451612903225 0.4693295292439372 0.035483870967741936 0.017118402282453638
0 0.28911290322580646 0.4693295292439372 0.08387096774193549 0.017118402282453638
0 0.3941532258064516 0.4693295292439372 0.05524193548387097 0.017118402282453638
0 0.48346774193548386 0.4686162624821683 0.035483870967741936 0.015691868758915834
0 0.5308467741935484 0.4693295292439372 0.0375 0.017118402282453638
0 0.12681451612903225 0.46947218259629103 0.028629032258064516 0.013980028530670471
0 0.17076612903225807 0.4701854493580599 0.046370967741935484 0.015406562054208274
0 0.34758064516129034 0.46947218259629103 0.020161290322580645 0.013980028530670471
0 0.43911290322580643 0.46947218259629103 0.017741935483870968 0.013980028530670471
0 0.5850806451612903 0.46947218259629103 0.035483870967741936 0.013980028530670471
0 0.6336693548387097 0.4701854493580599 0.04879032258064516 0.015406562054208274
0 0.12681451612903225 0.49358059914407987 0.028629032258064516 0.015406562054208274
0 0.17076612903225807 0.49358059914407987 0.046370967741935484 0.015406562054208274
0 0.24818548387096775 0.49358059914407987 0.09475806451612903 0.015406562054208274
0 0.37641129032258064 0.49358059914407987 0.14798387096774193 0.015406562054208274
0 0.2161290322580645 0.5373751783166905 0.06612903225806452 0.015691868758915834
0 0.33891129032258066 0.5380884450784593 0.07298387096774193 0.017118402282453638
0 0.42600806451612905 0.5380884450784593 0.0842741935483871 0.017118402282453638
0 0.4933467741935484 0.5373751783166905 0.0375 0.015691868758915834
0 0.6655241935483871 0.5373751783166905 0.0375 0.015691868758915834
0 0.1125 0.5382310984308131 0.035483870967741936 0.013980028530670471
0 0.15866935483870967 0.538944365192582 0.013306451612903225 0.012553495007132667
0 0.27580645161290324 0.5382310984308131 0.035483870967741936 0.013980028530670471
0 0.55625 0.5382310984308131 0.07540322580645162 0.013980028530670471
0 0.6225806451612903 0.5382310984308131 0.03951612903225806 0.013980028530670471
0 0.7086693548387096 0.538944365192582 0.031048387096774193 0.015406562054208274
0 0.1566532258064516 0.5630527817403709 0.013306451612903225 0.013980028530670471
0 0.2161290322580645 0.562339514978602 0.06612903225806452 0.015406562054208274
0 0.27580645161290324 0.562339514978602 0.035483870967741936 0.015406562054208274
0 0.33891129032258066 0.562339514978602 0.07298387096774193 0.015406562054208274
0 0.42600806451612905 0.562339514978602 0.0842741935483871 0.015406562054208274
0 0.4901209677419355 0.562339514978602 0.031048387096774193 0.015406562054208274
0 0.2669354838709677 0.5865905848787446 0.09274193548387097 0.017118402282453638
0 0.1566532258064516 0.5874465049928673 0.013306451612903225 0.012553495007132667
0 0.19536290322580646 0.5865905848787446 0.0375 0.014265335235378032
0 0.33669354838709675 0.5865905848787446 0.03306451612903226 0.014265335235378032
0 0.38629032258064516 0.5865905848787446 0.021774193548387097 0.014265335235378032
0 0.4647177419354839 0.7373751783166904 0.12137096774193548 0.024821683309557776
0 0.5850806451612903 0.7373751783166904 0.11935483870967742 0.021968616262482168
0 0.125 0.7731811697574893 0.04435483870967742 0.011982881597717546
0 0.18971774193548388 0.7710413694721826 0.031048387096774193 0.013980028530670471
0 0.22721774193548386 0.7708987161198289 0.02620967741935484 0.010841654778887305
0 0.25826612903225804 0.7717546362339515 0.031048387096774193 0.012553495007132667
0 0.3397177419354839 0.7710413694721826 0.07943548387096774 0.013980028530670471
0 0.2881048387096774 0.7717546362339515 0.01975806451612903 0.012553495007132667
0 0.8411290322580646 0.8061340941512125 0.02661290322580645 0.0094151212553495
0 0.2306451612903226 0.8209700427960057 0.050806451612903224 0.013980028530670471
0 0.4338709677419355 0.8209700427960057 0.050806451612903224 0.013980028530670471
0 0.6379032258064516 0.8209700427960057 0.035483870967741936 0.013980028530670471
0 0.13004032258064516 0.8225392296718973 0.05282258064516129 0.010841654778887305
0 0.3431451612903226 0.8225392296718973 0.0814516129032258 0.010841654778887305
0 0.5497983870967742 0.8225392296718973 0.07943548387096774 0.010841654778887305
0 0.7483870967741936 0.8225392296718973 0.0532258064516129 0.010841654778887305
0 0.8411290322580646 0.8218259629101283 0.03064516129032258 0.0094151212553495
0 0.8699596774193549 0.8218259629101283 0.02217741935483871 0.0094151212553495
0 0.8887096774193548 0.8218259629101283 0.01532258064516129 0.0094151212553495
0 0.8512096774193548 0.8349500713266762 0.050806451612903224 0.013980028530670471
0 0.12338709677419354 0.8584878744650499 0.04435483870967742 0.010841654778887305
0 0.20725806451612902 0.879885877318117 0.1282258064516129 0.015406562054208274
0 0.11794354838709678 0.8803138373751783 0.03346774193548387 0.013980028530670471
0 0.5473790322580645 0.8803138373751783 0.031048387096774193 0.011126961483594865
0 0.25161290322580643 0.8982881597717546 0.08387096774193549 0.015691868758915834
0 0.3685483870967742 0.897432239657632 0.0532258064516129 0.013980028530670471
0 0.44133064516129034 0.8982881597717546 0.07943548387096774 0.015691868758915834
0 0.5673387096774194 0.8982881597717546 0.14596774193548387 0.015691868758915834
0 0.11028225806451612 0.8990014265335236 0.013306451612903225 0.010841654778887305
0 0.14778225806451614 0.8982881597717546 0.04395161290322581 0.012268188302425107
0 0.3199596774193548 0.8982881597717546 0.03508064516129032 0.012268188302425107
0 0.6842741935483871 0.8991440798858773 0.04435483870967742 0.013980028530670471
0 0.7340725806451613 0.8998573466476462 0.0375 0.00912981455064194
0 0.7705645161290322 0.9007132667617689 0.02661290322580645 0.010841654778887305
0 0.8036290322580645 0.9007132667617689 0.02661290322580645 0.010841654778887305
0 0.8233870967741935 0.8998573466476462 0.017741935483870968 0.00912981455064194
0 0.33326612903225805 0.916262482168331 0.04395161290322581 0.013980028530670471
0 0.7715725806451613 0.9171184022824537 0.03346774193548387 0.015691868758915834
0 0.11895161290322581 0.9178316690442225 0.035483870967741936 0.010841654778887305
0 0.15766129032258064 0.9178316690442225 0.02903225806451613 0.010841654778887305
0 0.21189516129032257 0.9178316690442225 0.07056451612903226 0.010841654778887305
0 0.37963709677419355 0.9169757489300998 0.031048387096774193 0.012553495007132667
0 0.4348790322580645 0.9178316690442225 0.07056451612903226 0.010841654778887305
0 0.5445564516129032 0.9174037089871612 0.06895161290322581 0.011697574893009986
0 0.6030241935483871 0.9179743223965763 0.053629032258064514 0.012268188302425107
0 0.6502016129032258 0.9185449358059914 0.028629032258064516 0.0094151212553495
