0 0.13346774193548386 0.09514978601997147 0.050806451612903224 0.015691868758915834
0 0.4137096774193548 0.1115549215406562 0.05967741935483871 0.010841654778887305
0 0.48125 0.1115549215406562 0.06169354838709677 0.010841654778887305
0 0.5495967741935484 0.1115549215406562 0.062096774193548386 0.010841654778887305
0 0.6014112903225807 0.1115549215406562 0.028629032258064516 0.010841654778887305
0 0.63125 0.11069900142653352 0.031048387096774193 0.012553495007132667
0 0.5108870967741935 0.15378031383737517 0.32903225806451614 0.023395149786019972
0 0.1963709677419355 0.21554921540656205 0.062096774193548386 0.015691868758915834
0 0.25483870967741934 0.21554921540656205 0.041935483870967745 0.015691868758915834
0 0.11915322580645162 0.21626248216833097 0.039919354838709675 0.014265335235378032
0 0.12782258064516128 0.2396576319543509 0.062096774193548386 0.017118402282453638
0 0.11915322580645162 0.262339514978602 0.039919354838709675 0.015691868758915834
0 0.21411290322580645 0.2630527817403709 0.10161290322580645 0.017118402282453638
0 0.3167338709677419 0.262339514978602 0.07701612903225806 0.015691868758915834
0 0.40725806451612906 0.262339514978602 0.0814516129032258 0.015691868758915834
0 0.47681451612903225 0.262339514978602 0.039919354838709675 0.015691868758915834
0 0.5286290322580646 0.2631954350927247 0.041935483870967745 0.013980028530670471
0 0.15120967741935484 0.2967189728958631 0.050806451612903224 0.015406562054208274
0 0.276008064516129 0.2967189728958631 0.1810483870967742 0.015406562054208274
0 0.39737903225806454 0.2967189728958631 0.06169354838709677 0.015406562054208274
0 0.1034274193548387 0.29757489300998574 0.013306451612903225 0.010841654778887305
0 0.1941532258064516 0.3185449358059914 0.06169354838709677 0.015691868758915834
0 0.26370967741935486 0.31940085592011414 0.05967741935483871 0.017403708987161197
0 0.34213709677419357 0.31940085592011414 0.07943548387096774 0.017403708987161197
0 0.6689516129032258 0.31940085592011414 0.05725806451612903 0.017403708987161197
0 0.739516129032258 0.31940085592011414 0.062096774193548386 0.017403708987161197
0 0.1034274193548387 0.320114122681883 0.013306451612903225 0.012553495007132667
0 0.1443548387096774 0.3202567760342368 0.041935483870967745 0.015691868758915834
0 0.4161290322580645 0.31940085592011414 0.050806451612903224 0.013980028530670471
0 0.49112903225806454 0.3202567760342368 0.07741935483870968 0.015691868758915834
0 0.5606854838709677 0.31940085592011414 0.039919354838709675 0.013980028530670471
0 0.6092741935483871 0.31940085592011414 0.03951612903225806 0.013980028530670471
0 0.7991935483870968 0.3202567760342368 0.03951612903225806 0.015691868758915834
0 0.8776209677419354 0.31940085592011414 0.09959677419354838 0.013980028530670471
0 0.1655241935483871 0.3419400855920114 0.07943548387096774 0.015691868758915834
0 0.24717741935483872 0.3419400855920114 0.062096774193548386 0.015691868758915834
0 0.33649193548387096 0.3419400855920114 0.09959677419354838 0.015691868758915834
0 0.43911290322580643 0.3419400855920114 0.08387096774193549 0.015691868758915834
0 0.12681451612903225 0.36476462196861625 0.024596774193548387 0.013980028530670471
0 0.17419354838709677 0.36547788873038517 0.03951612903225806 0.015406562054208274
0 0.23165322580645162 0.36547788873038517 0.04879032258064516 0.015406562054208274
0 0.30705645161290324 0.36405135520684734 0.0842741935483871 0.015406562054208274
0 0.36088709677419356 0.36547788873038517 0.02903225806451613 0.015406562054208274
0 0.3963709677419355 0.36547788873038517 0.041935483870967745 0.015406562054208274
0 0.4832661290322581 0.36547788873038517 0.11491935483870967 0.015406562054208274
0 0.12681451612903225 0.38730385164051356 0.024596774193548387 0.015691868758915834
0 0.17540322580645162 0.3890156918687589 0.041935483870967745 0.015691868758915834
0 0.225 0.38815977175463623 0.03951612903225806 0.013980028530670471
0 0.18931451612903225 0.41283880171184023 0.05604838709677419 0.014835948644793153
0 0.23044354838709677 0.4138373751783167 0.01975806451612903 0.015691868758915834
0 0.42258064516129035 0.4138373751783167 0.10806451612903226 0.015691868758915834
0 0.7153225806451613 0.41469329529243937 0.03064516129032258 0.011126961483594865
0 0.7538306451612903 0.41469329529243937 0.01975806451612903 0.013980028530670471
0 0.18971774193548388 0.43580599144079885 0.05766129032258065 0.015691868758915834
0 0.22943548387096774 0.43580599144079885 0.021774193548387097 0.015691868758915834
0 0.42258064516129035 0.43580599144079885 0.07741935483870968 0.015691868758915834
0 0.2006048387096774 0.45777460770328104 0.07943548387096774 0.015691868758915834
0 0.42258064516129035 0.45777460770328104 0.07741935483870968 0.015691868758915834
0 0.2006048387096774 0.47945791726105563 0.07943548387096774 0.015691868758915834
0 0.42258064516129035 0.47945791726105563 0.07741935483870968 0.015691868758915834
0 0.18850806451612903 0.5014265335235378 0.05524193548387097 0.015691868758915834
0 0.42258064516129035 0.5014265335235378 0.07741935483870968 0.015691868758915834
0 0.6314516129032258 0.5014265335235378 0.08387096774193549 0.015691868758915834
0 0.6997983870967742 0.5014265335235378 0.04395161290322581 0.015691868758915834
0 0.7506048387096774 0.5014265335235378 0.039919354838709675 0.015691868758915834
0 0.22943548387096774 0.5022824536376604 0.021774193548387097 0.013980028530670471
0 0.1875 0.52339514978602 0.0532258064516129 0.015691868758915834
0 0.42258064516129035 0.5241084165477888 0.07741935483870968 0.017118402282453638
0 0.22943548387096774 0.5241084165477888 0.021774193548387097 0.014265335235378032
0 0.1719758064516129 0.5450784593437946 0.02217741935483871 0.015691868758915834
0 0.2006048387096774 0.5450784593437946 0.02217741935483871 0.015691868758915834
0 0.23044354838709677 0.5450784593437946 0.01975806451612903 0.015691868758915834
0 0.42258064516129035 0.5459343794579172 0.07741935483870968 0.017403708987161197
0 0.1719758064516129 0.5670470756062768 0.02217741935483871 0.015691868758915834
0 0.20181451612903226 0.5670470756062768 0.024596774193548387 0.015691868758915834
0 0.42258064516129035 0.5677603423680456 0.07741935483870968 0.017118402282453638
0 0.666733870967742 0.5677603423680456 0.15443548387096775 0.017118402282453638
0 0.22943548387096774 0.5679029957203994 0.021774193548387097 0.013980028530670471
0 0.7705645161290322 0.5679029957203994 0.03951612903225806 0.013980028530670471
0 0.2006048387096774 0.5890156918687589 0.07943548387096774 0.015691868758915834
0 0.42258064516129035 0.5897289586305278 0.07741935483870968 0.017118402282453638
0 0.6556451612903226 0.5890156918687589 0.13225806451612904 0.015691868758915834
0 0.7506048387096774 0.5897289586305278 0.039919354838709675 0.014265335235378032
0 0.12459677419354839 0.615549215406562 0.020161290322580645 0.015691868758915834
0 0.5241935483870968 0.7412268188302426 0.4217741935483871 0.023395149786019972
0 0.12237903225806451 0.7748930099857346 0.046370967741935484 0.012553495007132667
0 0.1808467741935484 0.7756062767475036 0.013306451612903225 0.011126961483594865
0 0.6356854838709678 0.8186875891583452 0.031048387096774193 0.0094151212553495
0 0.6633064516129032 0.8186875891583452 0.01532258064516129 0.0094151212553495
0 0.683266129032258 0.8186875891583452 0.015725806451612902 0.0094151212553495
0 0.2282258064516129 0.8225392296718973 0.050806451612903224 0.014265335235378032
0 0.4338709677419355 0.8225392296718973 0.050806451612903224 0.014265335235378032
0 0.14012096774193547 0.8241084165477889 0.08185483870967741 0.011126961483594865
0 0.32883064516129035 0.8241084165477889 0.05282258064516129 0.011126961483594865
0 0.5298387096774193 0.8241084165477889 0.03951612903225806 0.011126961483594865
0 0.6455645161290322 0.831811697574893 0.050806451612903224 0.013980028530670471
0 0.12116935483870968 0.8584878744650499 0.04395161290322581 0.010841654778887305
0 0.5463709677419355 0.8787446504992867 0.03306451612903226 0.014265335235378032
0 0.1157258064516129 0.8796005706134095 0.03306451612903226 0.012553495007132667
0 0.19294354838709676 0.8796005706134095 0.10362903225806451 0.012553495007132667
0 0.24153225806451614 0.8982881597717546 0.06854838709677419 0.015691868758915834
0 0.3090725806451613 0.897432239657632 0.05282258064516129 0.013980028530670471
0 0.3663306451612903 0.897432239657632 0.05282258064516129 0.013980028530670471
0 0.14778225806451614 0.8990014265335236 0.04395161290322581 0.010841654778887305
0 0.42600806451612905 0.8991440798858773 0.05282258064516129 0.013980028530670471
0 0.46915322580645163 0.8982881597717546 0.01975806451612903 0.012268188302425107
0 0.686491935483871 0.8990014265335236 0.04395161290322581 0.010841654778887305
0 0.7350806451612903 0.8998573466476462 0.035483870967741936 0.00912981455064194
0 0.7792338709677419 0.9007132667617689 0.04395161290322581 0.010841654778887305
0 0.8179435483870968 0.9007132667617689 0.01975806451612903 0.010841654778887305
0 0.8411290322580646 0.8998573466476462 0.017741935483870968 0.00912981455064194
0 0.33326612903225805 0.916262482168331 0.04395161290322581 0.013980028530670471
0 0.1157258064516129 0.9169757489300998 0.03306451612903226 0.012553495007132667
0 0.17419354838709677 0.9178316690442225 0.06612903225806452 0.010841654778887305
0 0.22600806451612904 0.9169757489300998 0.0375 0.012553495007132667
0 0.5673387096774194 0.9178316690442225 0.075 0.010841654778887305
0 0.7737903225806452 0.9169757489300998 0.03306451612903226 0.012553495007132667
0 0.6235887096774193 0.9194008559201141 0.028629032258064516 0.011126961483594865
0 0.644758064516129 0.9185449358059914 0.017741935483870968 0.0094151212553495
