0 0.13346774193548386 0.09514978601997147 0.050806451612903224 0.015691868758915834
0 0.4645161290322581 0.10998573466476462 0.07741935483870968 0.013980028530670471
0 0.40504032258064515 0.1115549215406562 0.028629032258064516 0.010841654778887305
0 0.5330645161290323 0.11069900142653352 0.03306451612903226 0.012553495007132667
0 0.5717741935483871 0.1115549215406562 0.03064516129032258 0.010841654778887305
0 0.6092741935483871 0.1115549215406562 0.04435483870967742 0.010841654778887305
0 0.14112903225806453 0.14907275320970043 0.04838709677419355 0.011126961483594865
0 0.5108870967741935 0.15378031383737517 0.32903225806451614 0.023395149786019972
0 0.1719758064516129 0.1607703281027104 0.04879032258064516 0.012268188302425107
0 0.12903225806451613 0.1607703281027104 0.03306451612903226 0.0094151212553495
0 0.20504032258064517 0.21626248216833097 0.07943548387096774 0.017118402282453638
0 0.11915322580645162 0.21626248216833097 0.039919354838709675 0.014265335235378032
0 0.12782258064516128 0.23894436519258203 0.062096774193548386 0.015691868758915834
0 0.11915322580645162 0.262339514978602 0.039919354838709675 0.015691868758915834
0 0.19516129032258064 0.2630527817403709 0.05967741935483871 0.017118402282453638
0 0.2558467741935484 0.262339514978602 0.039919354838709675 0.015691868758915834
0 0.3155241935483871 0.262339514978602 0.06169354838709677 0.015691868758915834
0 0.3774193548387097 0.262339514978602 0.03951612903225806 0.015691868758915834
0 0.42600806451612905 0.262339514978602 0.039919354838709675 0.015691868758915834
0 0.15 0.2967189728958631 0.0532258064516129 0.015406562054208274
0 0.20524193548387096 0.2967189728958631 0.03951612903225806 0.015406562054208274
0 0.2669354838709677 0.2967189728958631 0.062096774193548386 0.015406562054208274
0 0.32560483870967744 0.2967189728958631 0.0375 0.015406562054208274
0 0.1034274193548387 0.29757489300998574 0.013306451612903225 0.010841654778887305
0 0.14798387096774193 0.3208273894436519 0.05161290322580645 0.016262482168330955
0 0.2252016129032258 0.31940085592011414 0.07943548387096774 0.017403708987161197
0 0.10241935483870968 0.320114122681883 0.01532258064516129 0.012553495007132667
0 0.1566532258064516 0.3419400855920114 0.06169354838709677 0.015691868758915834
0 0.24153225806451614 0.3419400855920114 0.03306451612903226 0.015691868758915834
0 0.3707661290322581 0.3427960057061341 0.21169354838709678 0.017403708987161197
0 0.10241935483870968 0.34350927246790297 0.01532258064516129 0.012553495007132667
0 0.21633064516129033 0.3427960057061341 0.02217741935483871 0.013980028530670471
0 0.16995967741935483 0.36547788873038517 0.08830645161290322 0.015406562054208274
0 0.23608870967741935 0.36547788873038517 0.02620967741935484 0.015406562054208274
0 0.32217741935483873 0.36547788873038517 0.13709677419354838 0.015406562054208274
0 0.4205645161290323 0.36547788873038517 0.050806451612903224 0.015406562054208274
0 0.10141129032258064 0.36633380884450784 0.013306451612903225 0.010841654778887305
0 0.16875 0.38730385164051356 0.0907258064516129 0.015691868758915834
0 0.5375 0.38815977175463623 0.625 0.017403708987161197
0 0.10241935483870968 0.38887303851640515 0.01532258064516129 0.012553495007132667
0 0.11471774193548387 0.41069900142653354 0.039919354838709675 0.015691868758915834
0 0.22600806451612904 0.41069900142653354 0.13911290322580644 0.015691868758915834
0 0.3233870967741935 0.41069900142653354 0.03306451612903226 0.015691868758915834
0 0.3786290322580645 0.41069900142653354 0.024193548387096774 0.015691868758915834
0 0.8411290322580646 0.7639087018544936 0.03064516129032258 0.0094151212553495
0 0.8887096774193548 0.7639087018544936 0.01532258064516129 0.0094151212553495
0 0.2306451612903226 0.7686162624821683 0.050806451612903224 0.015406562054208274
0 0.6435483870967742 0.7686162624821683 0.050806451612903224 0.015406562054208274
0 0.33004032258064514 0.769472182596291 0.05524193548387097 0.010841654778887305
0 0.4338709677419355 0.7686162624821683 0.050806451612903224 0.012553495007132667
0 0.12903225806451613 0.7701854493580599 0.050806451612903224 0.0094151212553495
0 0.5377016129032258 0.7701854493580599 0.05524193548387097 0.0094151212553495
0 0.7417338709677419 0.7701854493580599 0.039919354838709675 0.0094151212553495
0 0.85 0.7763195435092725 0.04838709677419355 0.012553495007132667
0 0.12439516129032258 0.8382310984308131 0.046370967741935484 0.010841654778887305
0 0.18649193548387097 0.8373751783166904 0.05524193548387097 0.012553495007132667
0 0.28245967741935485 0.8380884450784594 0.05282258064516129 0.013980028530670471
0 0.11794354838709678 0.8796005706134095 0.03346774193548387 0.012553495007132667
0 0.15987903225806452 0.8803138373751783 0.03346774193548387 0.013980028530670471
0 0.2129032258064516 0.8803138373751783 0.06854838709677419 0.011126961483594865
0 0.5463709677419355 0.8796005706134095 0.03306451612903226 0.012553495007132667
0 0.2433467741935484 0.8995720399429387 0.06895161290322581 0.014835948644793153
0 0.3685483870967742 0.8982881597717546 0.0532258064516129 0.015691868758915834
0 0.11028225806451612 0.8990014265335236 0.013306451612903225 0.010841654778887305
0 0.14899193548387096 0.8982881597717546 0.046370967741935484 0.012268188302425107
0 0.31108870967741936 0.8991440798858773 0.05282258064516129 0.013980028530670471
0 0.41592741935483873 0.8982881597717546 0.028629032258064516 0.012268188302425107
0 0.6850806451612903 0.8980028530670471 0.04516129032258064 0.013409415121255349
0 0.7153225806451613 0.8990014265335236 0.017741935483870968 0.010841654778887305
0 0.11895161290322581 0.9178316690442225 0.035483870967741936 0.010841654778887305
0 0.1566532258064516 0.9169757489300998 0.031048387096774193 0.012553495007132667
0 0.1909274193548387 0.9178316690442225 0.028629032258064516 0.010841654778887305
0 0.2284274193548387 0.9169757489300998 0.0375 0.012553495007132667
0 0.33326612903225805 0.9169757489300998 0.04395161290322581 0.012553495007132667
0 0.5276209677419355 0.9178316690442225 0.03508064516129032 0.010841654778887305
0 0.5705645161290323 0.9178316690442225 0.050806451612903224 0.010841654778887305
0 0.7725806451612903 0.9178316690442225 0.035483870967741936 0.014265335235378032
0 0.6159274193548387 0.9194008559201141 0.02620967741935484 0.011126961483594865
0 0.6358870967741935 0.9185449358059914 0.017741935483870968 0.0094151212553495
