0 0.13346774193548386 0.09514978601997147 0.050806451612903224 0.015691868758915834
0 0.5453629032258065 0.10998573466476462 0.06169354838709677 0.013980028530670471
0 0.3344758064516129 0.1115549215406562 0.046370967741935484 0.010841654778887305
0 0.38286290322580646 0.1115549215406562 0.0375 0.010841654778887305
0 0.4316532258064516 0.11069900142653352 0.046370967741935484 0.012553495007132667
0 0.4780241935483871 0.1115549215406562 0.028629032258064516 0.010841654778887305
0 0.5 0.1115549215406562 0.01532258064516129 0.010841654778887305
0 0.6125 0.1115549215406562 0.05967741935483871 0.010841654778887305
0 0.6810483870967742 0.1115549215406562 0.05967741935483871 0.010841654778887305
0 0.12983870967741937 0.14308131241084165 0.04758064516129032 0.016262482168330955
0 0.5108870967741935 0.15378031383737517 0.32903225806451614 0.023395149786019972
0 0.1566532258064516 0.1646219686162625 0.06169354838709677 0.017118402282453638
0 0.20504032258064517 0.21626248216833097 0.07943548387096774 0.017118402282453638
0 0.11915322580645162 0.21626248216833097 0.039919354838709675 0.014265335235378032
0 0.12903225806451613 0.23894436519258203 0.05967741935483871 0.015691868758915834
0 0.11915322580645162 0.262339514978602 0.039919354838709675 0.015691868758915834
0 0.19516129032258064 0.262339514978602 0.05967741935483871 0.015691868758915834
0 0.27580645161290324 0.2630527817403709 0.07983870967741935 0.017118402282453638
0 0.3663306451612903 0.262339514978602 0.07943548387096774 0.015691868758915834
0 0.4469758064516129 0.262339514978602 0.059274193548387095 0.015691868758915834
0 0.5076612903225807 0.262339514978602 0.03951612903225806 0.015691868758915834
0 0.5868951612903226 0.2644793152639087 0.10201612903225807 0.016547788873038517
0 0.6689516129032258 0.262339514978602 0.03951612903225806 0.015691868758915834
0 0.7175403225806452 0.262339514978602 0.039919354838709675 0.015691868758915834
0 0.15120967741935484 0.2967189728958631 0.050806451612903224 0.015406562054208274
0 0.23487903225806453 0.2967189728958631 0.10362903225806451 0.015406562054208274
0 0.3651209677419355 0.2967189728958631 0.13911290322580644 0.015406562054208274
0 0.5066532258064516 0.2967189728958631 0.11733870967741936 0.015406562054208274
0 0.10241935483870968 0.29757489300998574 0.01129032258064516 0.010841654778887305
0 0.19616935483870968 0.3209700427960057 0.14153225806451614 0.017118402282453638
0 0.2979838709677419 0.3185449358059914 0.03951612903225806 0.015691868758915834
0 0.35766129032258065 0.31940085592011414 0.05725806451612903 0.017403708987161197
0 0.4403225806451613 0.31940085592011414 0.0814516129032258 0.017403708987161197
0 0.53125 0.31825962910128386 0.07782258064516129 0.016262482168330955
0 0.6125 0.31940085592011414 0.05967741935483871 0.017403708987161197
0 0.6733870967741935 0.3185449358059914 0.03951612903225806 0.015691868758915834
0 0.7550403225806451 0.31940085592011414 0.10120967741935484 0.017403708987161197
0 0.8467741935483871 0.31940085592011414 0.05967741935483871 0.017403708987161197
0 0.9084677419354839 0.3179743223965763 0.04032258064516129 0.016262482168330955
0 0.1034274193548387 0.320114122681883 0.013306451612903225 0.012553495007132667
0 0.17641129032258066 0.3419400855920114 0.039919354838709675 0.015691868758915834
0 0.25705645161290325 0.3419400855920114 0.09959677419354838 0.015691868758915834
0 0.34858870967741934 0.3419400855920114 0.06169354838709677 0.015691868758915834
0 0.13568548387096774 0.3427960057061341 0.01975806451612903 0.013980028530670471
0 0.11693548387096774 0.36476462196861625 0.02661290322580645 0.013980028530670471
0 0.17096774193548386 0.36547788873038517 0.050806451612903224 0.015406562054208274
0 0.2306451612903226 0.36547788873038517 0.050806451612903224 0.015406562054208274
0 0.26814516129032256 0.36547788873038517 0.02903225806451613 0.015406562054208274
0 0.32217741935483873 0.36547788873038517 0.07096774193548387 0.015406562054208274
0 0.3941532258064516 0.36547788873038517 0.05524193548387097 0.015406562054208274
0 0.4622983870967742 0.36547788873038517 0.05524193548387097 0.015406562054208274
0 0.16975806451612904 0.38815977175463623 0.04838709677419355 0.017403708987161197
0 0.3056451612903226 0.38815977175463623 0.20080645161290323 0.017403708987161197
0 0.48346774193548386 0.38815977175463623 0.13225806451612904 0.017403708987161197
0 0.6336693548387097 0.38815977175463623 0.14153225806451614 0.017403708987161197
0 0.7858870967741935 0.38815977175463623 0.14112903225806453 0.017403708987161197
0 0.11794354838709678 0.38815977175463623 0.028629032258064516 0.013980028530670471
0 0.11673387096774193 0.4099857346647646 0.02217741935483871 0.014265335235378032
0 0.16975806451612904 0.41069900142653354 0.04838709677419355 0.015691868758915834
0 0.24596774193548387 0.41069900142653354 0.0814516129032258 0.015691868758915834
0 0.34536290322580643 0.41069900142653354 0.09475806451612903 0.015691868758915834
0 0.45483870967741935 0.41069900142653354 0.10161290322580645 0.015691868758915834
0 0.5330645161290323 0.41069900142653354 0.041935483870967745 0.015691868758915834
0 0.3268145161290323 0.4333808844507846 0.09717741935483871 0.017118402282453638
0 0.47681451612903225 0.4333808844507846 0.06169354838709677 0.017118402282453638
0 0.5574596774193549 0.4333808844507846 0.08185483870967741 0.017118402282453638
0 0.719758064516129 0.4333808844507846 0.10161290322580645 0.017118402282453638
0 0.7991935483870968 0.4326676176890157 0.03951612903225806 0.015691868758915834
0 0.11794354838709678 0.43352353780313835 0.024596774193548387 0.013980028530670471
0 0.16653225806451613 0.43423680456490726 0.041935483870967745 0.015406562054208274
0 0.23508064516129032 0.43423680456490726 0.05967741935483871 0.015406562054208274
0 0.40826612903225806 0.43352353780313835 0.04395161290322581 0.013980028530670471
0 0.6314516129032258 0.43352353780313835 0.04838709677419355 0.013980028530670471
0 0.1157258064516129 0.45606276747503566 0.03790322580645161 0.015691868758915834
0 0.17641129032258066 0.45606276747503566 0.04395161290322581 0.015691868758915834
0 0.23508064516129032 0.45606276747503566 0.05967741935483871 0.015691868758915834
0 0.3155241935483871 0.45606276747503566 0.07943548387096774 0.015691868758915834
0 0.40625 0.45606276747503566 0.07943548387096774 0.015691868758915834
0 0.4866935483870968 0.45606276747503566 0.05967741935483871 0.015691868758915834
0 0.5473790322580645 0.45606276747503566 0.039919354838709675 0.015691868758915834
0 0.6290322580645161 0.45606276747503566 0.10161290322580645 0.015691868758915834
0 0.7086693548387096 0.45606276747503566 0.039919354838709675 0.015691868758915834
0 0.759475806451613 0.45606276747503566 0.04395161290322581 0.015691868758915834
0 0.8058467741935483 0.45606276747503566 0.03508064516129032 0.015691868758915834
0 0.8620967741935484 0.45606276747503566 0.024193548387096774 0.015691868758915834
0 0.14556451612903226 0.8022824536376605 0.09274193548387097 0.010841654778887305
0 0.6356854838709678 0.8029957203994293 0.031048387096774193 0.0094151212553495
0 0.6633064516129032 0.8029957203994293 0.01532258064516129 0.0094151212553495
0 0.683266129032258 0.8029957203994293 0.015725806451612902 0.0094151212553495
0 0.2282258064516129 0.8069900142653352 0.050806451612903224 0.013980028530670471
0 0.4338709677419355 0.8069900142653352 0.050806451612903224 0.013980028530670471
0 0.32883064516129035 0.8084165477888731 0.05282258064516129 0.011126961483594865
0 0.5298387096774193 0.8084165477888731 0.03951612903225806 0.011126961483594865
0 0.10584677419354839 0.815549215406562 0.013306451612903225 0.0094151212553495
0 0.6455645161290322 0.816262482168331 0.050806451612903224 0.014265335235378032
0 0.12237903225806451 0.8427960057061341 0.046370967741935484 0.010841654778887305
0 0.11451612903225807 0.8646219686162625 0.035483870967741936 0.013980028530670471
0 0.1939516129032258 0.8647646219686163 0.10161290322580645 0.010841654778887305
0 0.5463709677419355 0.8639087018544935 0.03306451612903226 0.012553495007132667
0 0.24274193548387096 0.8825962910128388 0.07096774193548387 0.015691868758915834
0 0.3100806451612903 0.8825962910128388 0.050806451612903224 0.015691868758915834
0 0.3707661290322581 0.8825962910128388 0.05282258064516129 0.015691868758915834
0 0.43044354838709675 0.8825962910128388 0.05282258064516129 0.015691868758915834
0 0.553024193548387 0.8825962910128388 0.1786290322580645 0.015691868758915834
0 0.1465725806451613 0.8904422253922967 0.046370967741935484 0.012553495007132667
0 0.6953629032258064 0.8921540656205421 0.06169354838709677 0.012553495007132667
0 0.27580645161290324 0.897432239657632 0.0532258064516129 0.013980028530670471
0 0.225 0.8982881597717546 0.03064516129032258 0.012268188302425107
0 0.10786290322580645 0.9178316690442225 0.013306451612903225 0.010841654778887305
0 0.12459677419354839 0.9178316690442225 0.01532258064516129 0.010841654778887305
0 0.1786290322580645 0.9178316690442225 0.075 0.014265335235378032
0 0.23387096774193547 0.9169757489300998 0.03951612903225806 0.012553495007132667
0 0.33326612903225805 0.9169757489300998 0.04395161290322581 0.012553495007132667
0 0.3784274193548387 0.9178316690442225 0.028629032258064516 0.010841654778887305
0 0.43266129032258066 0.9178316690442225 0.07096774193548387 0.010841654778887305
0 0.5737903225806451 0.9178316690442225 0.11048387096774194 0.010841654778887305
0 0.7737903225806452 0.9169757489300998 0.03306451612903226 0.012553495007132667
0 0.666733870967742 0.9185449358059914 0.02620967741935484 0.0094151212553495
0 0.4247983870967742 0.9382310984308131 0.046370967741935484 0.013980028530670471
0 0.5231854838709677 0.9382310984308131 0.06169354838709677 0.013980028530670471
0 0.5893145161290323 0.9382310984308131 0.06169354838709677 0.013980028530670471
0 0.47016129032258064 0.9396576319543509 0.03064516129032258 0.011126961483594865
