0 0.13346774193548386 0.09514978601997147 0.050806451612903224 0.015691868758915834
0 0.4183467741935484 0.11069900142653352 0.046370967741935484 0.012553495007132667
0 0.4856854838709677 0.1115549215406562 0.07056451612903226 0.010841654778887305
0 0.5550403225806452 0.1115549215406562 0.046370967741935484 0.010841654778887305
0 0.6137096774193549 0.1115549215406562 0.0532258064516129 0.010841654778887305
0 0.5131048387096774 0.1544935805991441 0.2979838709677419 0.021968616262482168
0 0.20504032258064517 0.21626248216833097 0.07943548387096774 0.017118402282453638
0 0.12016129032258065 0.21626248216833097 0.03790322580645161 0.014265335235378032
0 0.12903225806451613 0.23894436519258203 0.05967741935483871 0.015691868758915834
0 0.1941532258064516 0.262339514978602 0.06169354838709677 0.015691868758915834
0 0.2780241935483871 0.262339514978602 0.07943548387096774 0.015691868758915834
0 0.35100806451612904 0.262339514978602 0.039919354838709675 0.015691868758915834
0 0.40483870967741936 0.262339514978602 0.041935483870967745 0.015691868758915834
0 0.4679435483870968 0.262339514978602 0.06169354838709677 0.015691868758915834
0 0.51875 0.262339514978602 0.017338709677419354 0.015691868758915834
0 0.572983870967742 0.262339514978602 0.05967741935483871 0.015691868758915834
0 0.6346774193548387 0.262339514978602 0.041935483870967745 0.015691868758915834
0 0.6963709677419355 0.262339514978602 0.05967741935483871 0.015691868758915834
0 0.760483870967742 0.262339514978602 0.041935483870967745 0.015691868758915834
0 0.8334677419354839 0.262339514978602 0.0814516129032258 0.015691868758915834
0 0.905241935483871 0.2614835948644793 0.03951612903225806 0.013980028530670471
0 0.11915322580645162 0.27403708987161196 0.039919354838709675 0.013980028530670471
0 0.1840725806451613 0.28573466476462195 0.0375 0.015691868758915834
0 0.15120967741935484 0.3185449358059914 0.050806451612903224 0.015691868758915834
0 0.24495967741935484 0.3185449358059914 0.11895161290322581 0.015691868758915834
0 0.3875 0.3185449358059914 0.1435483870967742 0.015691868758915834
0 0.5165322580645161 0.3185449358059914 0.10161290322580645 0.015691868758915834
0 0.7185483870967742 0.3185449358059914 0.10403225806451613 0.015691868758915834
0 0.5828629032258065 0.31940085592011414 0.031048387096774193 0.013980028530670471
0 0.6104838709677419 0.31940085592011414 0.024193548387096774 0.013980028530670471
0 0.6391129032258065 0.320114122681883 0.020161290322580645 0.012553495007132667
0 0.7846774193548387 0.31940085592011414 0.03306451612903226 0.013980028530670471
0 0.8201612903225807 0.31940085592011414 0.041935483870967745 0.013980028530670471
0 0.1034274193548387 0.3202567760342368 0.013306451612903225 0.0094151212553495
0 0.2969758064516129 0.3419400855920114 0.22298387096774194 0.015691868758915834
0 0.44133064516129034 0.3419400855920114 0.07056451612903226 0.015691868758915834
0 0.24052419354838708 0.3646219686162625 0.07943548387096774 0.017118402282453638
0 0.5991935483870968 0.3639087018544936 0.041935483870967745 0.015691868758915834
0 0.6612903225806451 0.3646219686162625 0.05967741935483871 0.017118402282453638
0 0.7254032258064516 0.3639087018544936 0.041935483870967745 0.015691868758915834
0 0.8379032258064516 0.3646219686162625 0.16129032258064516 0.017118402282453638
0 0.10241935483870968 0.36547788873038517 0.01532258064516129 0.012553495007132667
0 0.1566532258064516 0.36476462196861625 0.06169354838709677 0.013980028530670471
0 0.3133064516129032 0.36476462196861625 0.03951612903225806 0.013980028530670471
0 0.36733870967741933 0.36547788873038517 0.041935483870967745 0.015406562054208274
0 0.43044354838709675 0.36547788873038517 0.06169354838709677 0.015406562054208274
0 0.482258064516129 0.36547788873038517 0.020161290322580645 0.015406562054208274
0 0.536491935483871 0.36547788873038517 0.06169354838709677 0.015406562054208274
0 0.15564516129032258 0.38730385164051356 0.05967741935483871 0.015691868758915834
0 0.22721774193548386 0.38730385164051356 0.06169354838709677 0.015691868758915834
0 0.28689516129032255 0.38815977175463623 0.039919354838709675 0.017403708987161197
0 0.3675403225806452 0.38730385164051356 0.09959677419354838 0.015691868758915834
0 0.4612903225806452 0.38730385164051356 0.06612903225806452 0.015691868758915834
0 0.17540322580645162 0.4333808844507846 0.041935483870967745 0.017118402282453638
0 0.30685483870967745 0.4333808844507846 0.08387096774193549 0.017118402282453638
0 0.40504032258064515 0.4333808844507846 0.08185483870967741 0.017118402282453638
0 0.482258064516129 0.4333808844507846 0.041935483870967745 0.017118402282453638
0 0.5683467741935484 0.4333808844507846 0.10362903225806451 0.017118402282453638
0 0.6645161290322581 0.4326676176890157 0.05725806451612903 0.015691868758915834
0 0.7417338709677419 0.4326676176890157 0.07943548387096774 0.015691868758915834
0 0.12782258064516128 0.43352353780313835 0.02661290322580645 0.013980028530670471
0 0.2306451612903226 0.43352353780313835 0.050806451612903224 0.013980028530670471
0 0.8102822580645161 0.43352353780313835 0.039919354838709675 0.013980028530670471
0 0.12883064516129034 0.45606276747503566 0.028629032258064516 0.015691868758915834
0 0.17540322580645162 0.45606276747503566 0.041935483870967745 0.015691868758915834
0 0.2306451612903226 0.45606276747503566 0.050806451612903224 0.015691868758915834
0 0.317741935483871 0.45606276747503566 0.10161290322580645 0.015691868758915834
0 0.39737903225806454 0.45606276747503566 0.039919354838709675 0.015691868758915834
0 0.45806451612903226 0.45606276747503566 0.05967741935483871 0.015691868758915834
0 0.5177419354838709 0.45606276747503566 0.041935483870967745 0.015691868758915834
0 0.17419354838709677 0.4780313837375178 0.03951612903225806 0.015691868758915834
0 0.13125 0.4787446504992867 0.028629032258064516 0.014265335235378032
0 0.2780241935483871 0.47945791726105563 0.14556451612903226 0.015691868758915834
0 0.3752016129032258 0.47945791726105563 0.039919354838709675 0.015691868758915834
0 0.7262096774193548 0.5061340941512126 0.075 0.015406562054208274
0 0.3606854838709677 0.5068473609129814 0.0375 0.013980028530670471
0 0.645766129032258 0.5068473609129814 0.05524193548387097 0.013980028530670471
0 0.8401209677419355 0.5061340941512126 0.0375 0.012553495007132667
0 0.5352822580645161 0.5295292439372326 0.0375 0.012553495007132667
0 0.6469758064516129 0.5303851640513552 0.013306451612903225 0.010841654778887305
0 0.392741935483871 0.5419400855920115 0.08387096774193549 0.015691868758915834
0 0.2183467741935484 0.5544935805991441 0.11491935483870967 0.015691868758915834
0 0.5352822580645161 0.5537803138373751 0.07298387096774193 0.014265335235378032
0 0.18870967741935485 0.5764621968616263 0.08629032258064516 0.015691868758915834
0 0.26471774193548386 0.5764621968616263 0.05766129032258065 0.015691868758915834
0 0.536491935483871 0.5771754636233951 0.05766129032258065 0.014265335235378032
0 0.3919354838709677 0.5890156918687589 0.12580645161290321 0.015691868758915834
0 0.5352822580645161 0.6014265335235378 0.1125 0.015406562054208274
0 0.4622983870967742 0.6248216833095578 0.0375 0.012553495007132667
0 0.21733870967741936 0.6380884450784593 0.07258064516129033 0.013980028530670471
0 0.4622983870967742 0.6490727532097004 0.05524193548387097 0.014265335235378032
0 0.2183467741935484 0.6592011412268188 0.14556451612903226 0.015691868758915834
0 0.4625 0.6726105563480742 0.09919354838709678 0.013980028530670471
0 0.16975806451612904 0.6960057061340942 0.03951612903225806 0.013980028530670471
0 0.24153225806451614 0.696718972895863 0.08629032258064516 0.015406562054208274
0 0.4622983870967742 0.7068473609129815 0.05524193548387097 0.013980028530670471
0 0.2183467741935484 0.7178316690442226 0.05766129032258065 0.014265335235378032
0 0.19193548387096773 0.7405135520684736 0.13225806451612904 0.015691868758915834
0 0.28346774193548385 0.7405135520684736 0.050806451612903224 0.015691868758915834
0 0.4622983870967742 0.7513552068473609 0.05524193548387097 0.015691868758915834
0 0.8189516129032258 0.7514978601997147 0.075 0.012553495007132667
0 0.8798387096774194 0.7514978601997147 0.03306451612903226 0.012553495007132667
0 0.16875 0.7616262482168331 0.06814516129032258 0.013980028530670471
0 0.22721774193548386 0.7616262482168331 0.039919354838709675 0.013980028530670471
0 0.2770161290322581 0.7616262482168331 0.050806451612903224 0.013980028530670471
0 0.36088709677419356 0.7850213980028531 0.020161290322580645 0.013980028530670471
0 0.7274193548387097 0.785734664764622 0.020161290322580645 0.012553495007132667
0 0.12681451612903225 0.8249643366619116 0.024596774193548387 0.015691868758915834
0 0.19516129032258064 0.8256776034236805 0.0814516129032258 0.017118402282453638
0 0.2657258064516129 0.8249643366619116 0.041935483870967745 0.015691868758915834
0 0.3056451612903226 0.8249643366619116 0.020161290322580645 0.015691868758915834
0 0.36189516129032256 0.8249643366619116 0.07056451612903226 0.015691868758915834
0 0.4491935483870968 0.8256776034236805 0.08629032258064516 0.017118402282453638
0 0.6544354838709677 0.8249643366619116 0.041935483870967745 0.015691868758915834
0 0.5288306451612903 0.8256776034236805 0.046370967741935484 0.014265335235378032
0 0.5806451612903226 0.8256776034236805 0.03064516129032258 0.014265335235378032
0 0.6203629032258065 0.8256776034236805 0.031048387096774193 0.014265335235378032
0 0.2957661290322581 0.8710413694721826 0.07943548387096774 0.017118402282453638
0 0.3663306451612903 0.8701854493580599 0.039919354838709675 0.015406562054208274
0 0.4181451612903226 0.8701854493580599 0.041935483870967745 0.015406562054208274
0 0.4669354838709677 0.8710413694721826 0.041935483870967745 0.017118402282453638
0 0.5673387096774194 0.8710413694721826 0.14112903225806453 0.017118402282453638
0 0.1157258064516129 0.8708987161198288 0.03790322580645161 0.013980028530670471
0 0.1655241935483871 0.8717546362339514 0.013306451612903225 0.012268188302425107
0 0.21391129032258063 0.8708987161198288 0.06169354838709677 0.013980028530670471
0 0.665725806451613 0.8717546362339514 0.03306451612903226 0.015691868758915834
0 0.16310483870967743 0.8942938659058488 0.013306451612903225 0.013980028530670471
0 0.23608870967741935 0.8935805991440798 0.10120967741935484 0.015406562054208274
0 0.3066532258064516 0.8935805991440798 0.02217741935483871 0.015406562054208274
0 0.3774193548387097 0.8935805991440798 0.10564516129032259 0.015406562054208274
0 0.45806451612903226 0.8935805991440798 0.041935483870967745 0.015406562054208274
0 0.51875 0.8935805991440798 0.06653225806451613 0.015406562054208274
0 0.16310483870967743 0.9169757489300998 0.013306451612903225 0.012553495007132667
0 0.2770161290322581 0.9171184022824537 0.18306451612903227 0.015691868758915834
0 0.388508064516129 0.916262482168331 0.02620967741935484 0.013980028530670471
0 0.42379032258064514 0.9171184022824537 0.035483870967741936 0.015691868758915834
0 0.3377016129032258 0.9398002853067047 0.30443548387096775 0.017118402282453638
0 0.5298387096774193 0.9389443651925821 0.06612903225806452 0.015406562054208274
0 0.16310483870967743 0.9403708987161198 0.013306451612903225 0.012553495007132667
0 0.6006048387096774 0.9396576319543509 0.02217741935483871 0.013980028530670471
