0 0.5165322580645161 0.7490727532097005 0.012903225806451613 0.011126961483594865
0 0.5639112903225807 0.7490727532097005 0.08185483870967741 0.011126961483594865
0 0.6451612903225806 0.7544935805991441 0.05161290322580645 0.015121255349500713
0 0.2282258064516129 0.7537803138373752 0.050806451612903224 0.014265335235378032
0 0.4338709677419355 0.7537803138373752 0.050806451612903224 0.014265335235378032
0 0.7627016129032258 0.7546362339514978 0.08185483870967741 0.012553495007132667
0 0.853225806451613 0.7537803138373752 0.050806451612903224 0.014265335235378032
0 0.12782258064516128 0.7544935805991441 0.0532258064516129 0.0094151212553495
0 0.32883064516129035 0.7553495007132668 0.05282258064516129 0.011126961483594865
0 0.5165322580645161 0.7616262482168331 0.012903225806451613 0.007703281027104137
0 0.2183467741935484 0.7858773181169757 0.031048387096774193 0.0094151212553495
0 0.24596774193548387 0.7858773181169757 0.01532258064516129 0.0094151212553495
0 0.26491935483870965 0.7858773181169757 0.017741935483870968 0.0094151212553495
0 0.11915322580645162 0.792154065620542 0.039919354838709675 0.0094151212553495
0 0.2282258064516129 0.7990014265335236 0.050806451612903224 0.013980028530670471
0 0.12338709677419354 0.8225392296718973 0.04435483870967742 0.010841654778887305
0 0.20524193548387096 0.8639087018544935 0.1282258064516129 0.015406562054208274
0 0.1157258064516129 0.8646219686162625 0.03306451612903226 0.013980028530670471
0 0.2903225806451613 0.8647646219686163 0.041935483870967745 0.010841654778887305
0 0.5463709677419355 0.8639087018544935 0.03306451612903226 0.012553495007132667
0 0.4205645161290323 0.8818830242510699 0.050806451612903224 0.014265335235378032
0 0.5508064516129032 0.8825962910128388 0.1879032258064516 0.015691868758915834
0 0.23387096774193547 0.8834522111269615 0.0532258064516129 0.013980028530670471
0 0.294758064516129 0.8827389443651926 0.050806451612903224 0.012553495007132667
0 0.35745967741935486 0.8827389443651926 0.04879032258064516 0.012553495007132667
0 0.14778225806451614 0.8904422253922967 0.04395161290322581 0.012553495007132667
0 0.686491935483871 0.8921540656205421 0.04395161290322581 0.012553495007132667
0 0.7350806451612903 0.8920114122681883 0.035483870967741936 0.0094151212553495
0 0.7792338709677419 0.892867332382311 0.04395161290322581 0.011126961483594865
0 0.8169354838709677 0.8920114122681883 0.017741935483870968 0.0094151212553495
0 0.2542338709677419 0.8971469329529244 0.09314516129032258 0.014550641940085592
0 0.33326612903225805 0.916262482168331 0.04395161290322581 0.013980028530670471
0 0.8036290322580645 0.9171184022824537 0.12338709677419354 0.015691868758915834
0 0.10786290322580645 0.9178316690442225 0.013306451612903225 0.010841654778887305
0 0.12580645161290321 0.9178316690442225 0.017741935483870968 0.010841654778887305
0 0.15544354838709679 0.9169757489300998 0.028629032258064516 0.012553495007132667
0 0.20625 0.9178316690442225 0.07701612903225806 0.010841654778887305
0 0.4161290322580645 0.9178316690442225 0.10403225806451613 0.010841654778887305
0 0.573991935483871 0.9186875891583453 0.12782258064516128 0.012553495007132667
0 0.6578629032258064 0.9194008559201141 0.02620967741935484 0.011126961483594865
0 0.6778225806451613 0.9185449358059914 0.017741935483870968 0.0094151212553495
0 0.3631048387096774 0.9382310984308131 0.0907258064516129 0.013980028530670471
0 0.44576612903225804 0.9382310984308131 0.06169354838709677 0.013980028530670471
0 0.5032258064516129 0.9382310984308131 0.03951612903225806 0.013980028530670471
0 0.5453629032258065 0.9382310984308131 0.031048387096774193 0.013980028530670471
0 0.5905241935483871 0.9382310984308131 0.046370967741935484 0.013980028530670471
0 0.6600806451612903 0.9382310984308131 0.07983870967741935 0.013980028530670471
