0 0.13346774193548386 0.09514978601997147 0.050806451612903224 0.015691868758915834
0 0.5606854838709677 0.10998573466476462 0.04879032258064516 0.013980028530670471
0 0.4247983870967742 0.1115549215406562 0.046370967741935484 0.010841654778887305
0 0.4689516129032258 0.11069900142653352 0.03306451612903226 0.012553495007132667
0 0.5076612903225807 0.1115549215406562 0.03064516129032258 0.010841654778887305
0 0.6048387096774194 0.1115549215406562 0.03064516129032258 0.010841654778887305
0 0.5098790322580645 0.15378031383737517 0.23830645161290323 0.023395149786019972
0 0.8477822580645161 0.17874465049928673 0.039919354838709675 0.013980028530670471
0 0.8941532258064516 0.17874465049928673 0.05282258064516129 0.013980028530670471
0 0.1963709677419355 0.21554921540656205 0.062096774193548386 0.015691868758915834
0 0.2558467741935484 0.21554921540656205 0.039919354838709675 0.015691868758915834
0 0.11915322580645162 0.21626248216833097 0.039919354838709675 0.014265335235378032
0 0.12903225806451613 0.2396576319543509 0.05967741935483871 0.017118402282453638
0 0.11915322580645162 0.262339514978602 0.039919354838709675 0.015691868758915834
0 0.19516129032258064 0.2630527817403709 0.05967741935483871 0.017118402282453638
0 0.3310483870967742 0.262339514978602 0.17258064516129032 0.015691868758915834
0 0.4879032258064516 0.262339514978602 0.11935483870967742 0.015691868758915834
0 0.6038306451612904 0.2630527817403709 0.0907258064516129 0.017118402282453638
0 0.6887096774193548 0.262339514978602 0.03951612903225806 0.015691868758915834
0 0.759475806451613 0.262339514978602 0.07943548387096774 0.015691868758915834
0 0.8300403225806452 0.2631954350927247 0.039919354838709675 0.013980028530670471
0 0.14213709677419356 0.2967189728958631 0.0375 0.015406562054208274
0 0.10463709677419354 0.29743223965763194 0.01975806451612903 0.013980028530670471
0 0.2469758064516129 0.31940085592011414 0.18991935483870967 0.017403708987161197
0 0.4899193548387097 0.31940085592011414 0.1588709677419355 0.017403708987161197
0 0.6368951612903225 0.31940085592011414 0.1125 0.017403708987161197
0 0.12782258064516128 0.31940085592011414 0.03064516129032258 0.013980028530670471
0 0.35745967741935486 0.31940085592011414 0.02217741935483871 0.013980028530670471
0 0.38286290322580646 0.31940085592011414 0.01975806451612903 0.013980028530670471
0 0.739516129032258 0.3202567760342368 0.075 0.015691868758915834
0 0.8544354838709678 0.3202567760342368 0.13225806451612904 0.015691868758915834
0 0.3961693548387097 0.3202567760342368 0.0068548387096774195 0.0094151212553495
0 0.1719758064516129 0.3419400855920114 0.03508064516129032 0.015691868758915834
0 0.2592741935483871 0.3419400855920114 0.041935483870967745 0.015691868758915834
0 0.2094758064516129 0.3427960057061341 0.039919354838709675 0.013980028530670471
0 0.12459677419354839 0.36476462196861625 0.024193548387096774 0.013980028530670471
0 0.20745967741935484 0.36547788873038517 0.1060483870967742 0.015406562054208274
0 0.3088709677419355 0.36547788873038517 0.10161290322580645 0.015406562054208274
0 0.3939516129032258 0.36547788873038517 0.05967741935483871 0.015406562054208274
0 0.4889112903225806 0.36547788873038517 0.07701612903225806 0.015406562054208274
0 0.5594758064516129 0.36547788873038517 0.0375 0.015406562054208274
0 0.6909274193548387 0.36547788873038517 0.19879032258064516 0.015406562054208274
0 0.8610887096774194 0.36547788873038517 0.11491935483870967 0.015406562054208274
0 0.19193548387096773 0.38815977175463623 0.075 0.017403708987161197
0 0.30786290322580645 0.38815977175463623 0.1350806451612903 0.017403708987161197
0 0.20080645161290323 0.4333808844507846 0.1588709677419355 0.017118402282453638
0 0.3463709677419355 0.4333808844507846 0.11048387096774194 0.017118402282453638
0 0.7241935483870968 0.4333808844507846 0.08387096774193549 0.017118402282453638
0 0.10141129032258064 0.43423680456490726 0.013306451612903225 0.012553495007132667
0 0.4504032258064516 0.43423680456490726 0.075 0.015406562054208274
0 0.5155241935483871 0.43352353780313835 0.01975806451612903 0.013980028530670471
0 0.5540322580645162 0.43423680456490726 0.03951612903225806 0.015406562054208274
0 0.6213709677419355 0.43352353780313835 0.09919354838709678 0.013980028530670471
0 0.7957661290322581 0.43423680456490726 0.0375 0.015406562054208274
0 0.8709677419354839 0.43423680456490726 0.09516129032258064 0.015406562054208274
0 0.15221774193548387 0.45606276747503566 0.05766129032258065 0.015691868758915834
0 0.20745967741935484 0.45606276747503566 0.039919354838709675 0.015691868758915834
0 0.27580645161290324 0.45606276747503566 0.08387096774193549 0.015691868758915834
0 0.34536290322580643 0.45606276747503566 0.0375 0.015691868758915834
0 0.44798387096774195 0.4569186875891583 0.15 0.017403708987161197
0 0.5959677419354839 0.45606276747503566 0.1282258064516129 0.015691868758915834
0 0.6887096774193548 0.45606276747503566 0.03951612903225806 0.015691868758915834
0 0.7451612903225806 0.4569186875891583 0.041935483870967745 0.017403708987161197
0 0.8004032258064516 0.45606276747503566 0.041935483870967745 0.015691868758915834
0 0.8534274193548387 0.45606276747503566 0.0375 0.015691868758915834
0 0.8997983870967742 0.45606276747503566 0.0375 0.015691868758915834
0 0.15221774193548387 0.47945791726105563 0.05766129032258065 0.015691868758915834
0 0.23830645161290323 0.47945791726105563 0.10161290322580645 0.015691868758915834
0 0.3487903225806452 0.47945791726105563 0.09274193548387097 0.015691868758915834
0 0.45141129032258065 0.47945791726105563 0.09475806451612903 0.015691868758915834
0 0.5375 0.47945791726105563 0.05967741935483871 0.015691868758915834
0 0.59375 0.47945791726105563 0.039919354838709675 0.015691868758915834
0 0.6711693548387097 0.47945791726105563 0.09717741935483871 0.015691868758915834
0 0.7705645161290322 0.47945791726105563 0.08387096774193549 0.015691868758915834
0 0.2064516129032258 0.509129814550642 0.1346774193548387 0.015691868758915834
0 0.32560483870967744 0.509129814550642 0.09475806451612903 0.015691868758915834
0 0.42278225806451614 0.509129814550642 0.0907258064516129 0.015691868758915834
0 0.5320564516129033 0.509129814550642 0.12782258064516128 0.015691868758915834
0 0.6413306451612903 0.509129814550642 0.08185483870967741 0.015691868758915834
0 0.8399193548387097 0.509129814550642 0.16129032258064516 0.015691868758915834
0 0.7195564516129033 0.5099857346647646 0.07056451612903226 0.013980028530670471
0 0.24274193548387096 0.5349500713266762 0.2120967741935484 0.017118402282453638
0 0.37620967741935485 0.5342368045649073 0.050806451612903224 0.015691868758915834
0 0.4612903225806452 0.5349500713266762 0.06612903225806452 0.017118402282453638
0 0.41391129032258067 0.5350927246790299 0.01975806451612903 0.013980028530670471
0 0.11451612903225807 0.5810271041369472 0.035483870967741936 0.015691868758915834
0 0.24173387096774193 0.5810271041369472 0.1657258064516129 0.015691868758915834
0 0.3905241935483871 0.5810271041369472 0.11491935483870967 0.015691868758915834
0 0.4965725806451613 0.5810271041369472 0.07943548387096774 0.015691868758915834
0 0.5828629032258065 0.5810271041369472 0.039919354838709675 0.015691868758915834
0 0.6502016129032258 0.5810271041369472 0.07701612903225806 0.015691868758915834
0 0.7163306451612903 0.5810271041369472 0.0375 0.015691868758915834
0 0.760483870967742 0.5810271041369472 0.03306451612903226 0.015691868758915834
0 0.8122983870967742 0.5810271041369472 0.02217741935483871 0.015691868758915834
0 0.5243951612903226 0.7412268188302426 0.2407258064516129 0.023395149786019972
0 0.12560483870967742 0.7763195435092725 0.04395161290322581 0.012553495007132667
0 0.20625 0.7756062767475036 0.06411290322580646 0.013980028530670471
0 0.27237903225806454 0.7756062767475036 0.06411290322580646 0.013980028530670471
0 0.37399193548387094 0.7756062767475036 0.13024193548387097 0.013980028530670471
0 0.5419354838709678 0.7763195435092725 0.1879032258064516 0.012553495007132667
0 0.35080645161290325 0.8178316690442226 0.09274193548387097 0.011126961483594865
0 0.8411290322580646 0.8186875891583452 0.03064516129032258 0.0094151212553495
0 0.86875 0.8186875891583452 0.015725806451612902 0.0094151212553495
0 0.8887096774193548 0.8186875891583452 0.01532258064516129 0.0094151212553495
0 0.2306451612903226 0.8225392296718973 0.050806451612903224 0.014265335235378032
0 0.4338709677419355 0.8225392296718973 0.050806451612903224 0.014265335235378032
0 0.6455645161290322 0.8225392296718973 0.050806451612903224 0.014265335235378032
0 0.12903225806451613 0.8241084165477889 0.050806451612903224 0.011126961483594865
0 0.5508064516129032 0.8241084165477889 0.0814516129032258 0.011126961483594865
0 0.7483870967741936 0.8241084165477889 0.0532258064516129 0.011126961483594865
0 0.33669354838709675 0.8302425106990015 0.06854838709677419 0.010841654778887305
0 0.8512096774193548 0.8310984308131241 0.050806451612903224 0.012553495007132667
0 0.12338709677419354 0.8584878744650499 0.04435483870967742 0.010841654778887305
0 0.20725806451612902 0.8794579172610556 0.1282258064516129 0.015691868758915834
0 0.11794354838709678 0.8796005706134095 0.03346774193548387 0.012553495007132667
0 0.5473790322580645 0.8803138373751783 0.031048387096774193 0.011126961483594865
0 0.25161290322580643 0.8982881597717546 0.08387096774193549 0.015691868758915834
0 0.44133064516129034 0.8982881597717546 0.07943548387096774 0.015691868758915834
0 0.5673387096774194 0.8982881597717546 0.14596774193548387 0.015691868758915834
0 0.11028225806451612 0.8990014265335236 0.013306451612903225 0.010841654778887305
0 0.14879032258064517 0.8990014265335236 0.041935483870967745 0.010841654778887305
0 0.3189516129032258 0.8982881597717546 0.03306451612903226 0.012268188302425107
0 0.3685483870967742 0.8982881597717546 0.0532258064516129 0.012268188302425107
0 0.6842741935483871 0.8991440798858773 0.04435483870967742 0.013980028530670471
0 0.7340725806451613 0.8998573466476462 0.0375 0.00912981455064194
0 0.7705645161290322 0.9007132667617689 0.02661290322580645 0.010841654778887305
0 0.8036290322580645 0.9007132667617689 0.02661290322580645 0.010841654778887305
0 0.8233870967741935 0.8998573466476462 0.017741935483870968 0.00912981455064194
0 0.7715725806451613 0.9171184022824537 0.03346774193548387 0.015691868758915834
0 0.11895161290322581 0.9178316690442225 0.035483870967741936 0.010841654778887305
0 0.15766129032258064 0.9178316690442225 0.02903225806451613 0.010841654778887305
0 0.21189516129032257 0.9178316690442225 0.07056451612903226 0.010841654778887305
0 0.33326612903225805 0.9169757489300998 0.04395161290322581 0.012553495007132667
0 0.5661290322580645 0.9186875891583453 0.09516129032258064 0.012553495007132667
0 0.6270161290322581 0.9185449358059914 0.017741935483870968 0.0094151212553495
