0 0.13346774193548386 0.09514978601997147 0.050806451612903224 0.015691868758915834
0 0.5606854838709677 0.10998573466476462 0.04879032258064516 0.013980028530670471
0 0.4247983870967742 0.1115549215406562 0.046370967741935484 0.010841654778887305
0 0.4689516129032258 0.11069900142653352 0.03306451612903226 0.012553495007132667
0 0.5076612903225807 0.1115549215406562 0.03064516129032258 0.010841654778887305
0 0.6048387096774194 0.1115549215406562 0.03064516129032258 0.010841654778887305
0 0.5100806451612904 0.15378031383737517 0.2693548387096774 0.023395149786019972
0 0.20504032258064517 0.21626248216833097 0.07943548387096774 0.017118402282453638
0 0.11915322580645162 0.21626248216833097 0.039919354838709675 0.014265335235378032
0 0.12782258064516128 0.23894436519258203 0.062096774193548386 0.015691868758915834
0 0.11915322580645162 0.262339514978602 0.039919354838709675 0.015691868758915834
0 0.20504032258064517 0.262339514978602 0.07943548387096774 0.015691868758915834
0 0.2957661290322581 0.262339514978602 0.07943548387096774 0.015691868758915834
0 0.3663306451612903 0.262339514978602 0.039919354838709675 0.015691868758915834
0 0.4622983870967742 0.2630527817403709 0.13024193548387097 0.017118402282453638
0 0.572983870967742 0.262339514978602 0.06854838709677419 0.015691868758915834
0 0.6578629032258064 0.2630527817403709 0.07943548387096774 0.017118402282453638
0 0.15120967741935484 0.2967189728958631 0.050806451612903224 0.015406562054208274
0 0.2836693548387097 0.2967189728958631 0.1963709677419355 0.015406562054208274
0 0.40181451612903224 0.2967189728958631 0.031048387096774193 0.015406562054208274
0 0.4756048387096774 0.2967189728958631 0.08185483870967741 0.015406562054208274
0 0.5618951612903226 0.2967189728958631 0.07298387096774193 0.015406562054208274
0 0.645766129032258 0.2967189728958631 0.08185483870967741 0.015406562054208274
0 0.10463709677419354 0.29757489300998574 0.015725806451612902 0.010841654778887305
0 0.42278225806451614 0.29828815977175466 0.010887096774193548 0.012268188302425107
0 0.10241935483870968 0.3263908701854494 0.01532258064516129 0.012553495007132667
0 0.1655241935483871 0.3263908701854494 0.07943548387096774 0.015406562054208274
0 0.25705645161290325 0.3263908701854494 0.08185483870967741 0.015406562054208274
0 0.3377016129032258 0.3263908701854494 0.06169354838709677 0.015406562054208274
0 0.3993951612903226 0.3263908701854494 0.039919354838709675 0.015406562054208274
0 0.4711693548387097 0.3263908701854494 0.08185483870967741 0.015406562054208274
0 0.535483870967742 0.3263908701854494 0.050806451612903224 0.015406562054208274
0 0.6070564516129032 0.3263908701854494 0.07056451612903226 0.015406562054208274
0 0.7032258064516129 0.3263908701854494 0.09919354838709678 0.015406562054208274
0 0.7959677419354839 0.3263908701854494 0.05967741935483871 0.015406562054208274
0 0.8566532258064516 0.3263908701854494 0.039919354838709675 0.015406562054208274
0 0.9074596774193548 0.32567760342368046 0.039919354838709675 0.013980028530670471
0 0.11471774193548387 0.3482168330955777 0.039919354838709675 0.015691868758915834
0 0.24596774193548387 0.3482168330955777 0.05967741935483871 0.015691868758915834
0 0.32560483870967744 0.3482168330955777 0.08185483870967741 0.015691868758915834
0 0.4094758064516129 0.3482168330955777 0.06411290322580646 0.015691868758915834
0 0.17540322580645162 0.34907275320970044 0.05967741935483871 0.013980028530670471
0 0.30463709677419354 0.3991440798858773 0.1810483870967742 0.017118402282453638
0 0.44818548387096774 0.3991440798858773 0.07943548387096774 0.017118402282453638
0 0.7639112903225806 0.3991440798858773 0.07056451612903226 0.017118402282453638
0 0.12883064516129034 0.39900142653352355 0.028629032258064516 0.013980028530670471
0 0.17983870967741936 0.3998573466476462 0.050806451612903224 0.015691868758915834
0 0.536491935483871 0.3998573466476462 0.07943548387096774 0.015691868758915834
0 0.629233870967742 0.3998573466476462 0.07943548387096774 0.015691868758915834
0 0.6931451612903226 0.3998573466476462 0.0532258064516129 0.015691868758915834
0 0.85 0.3998573466476462 0.07983870967741935 0.015691868758915834
0 0.12681451612903225 0.42410841654778886 0.024596774193548387 0.013980028530670471
0 0.19959677419354838 0.4249643366619116 0.09032258064516129 0.015691868758915834
0 0.2945564516129032 0.4249643366619116 0.08185483870967741 0.015691868758915834
0 0.35846774193548386 0.4249643366619116 0.050806451612903224 0.015691868758915834
0 0.43588709677419357 0.4249643366619116 0.0814516129032258 0.015691868758915834
0 0.5705645161290323 0.4249643366619116 0.19193548387096773 0.015691868758915834
0 0.12681451612903225 0.44978601997146933 0.024596774193548387 0.015691868758915834
0 0.1842741935483871 0.44978601997146933 0.05967741935483871 0.015691868758915834
0 0.2703629032258065 0.44978601997146933 0.0907258064516129 0.015691868758915834
0 0.3477822580645161 0.44978601997146933 0.046370967741935484 0.015691868758915834
0 0.3919354838709677 0.44978601997146933 0.03306451612903226 0.015691868758915834
0 0.4181451612903226 0.44978601997146933 0.024193548387096774 0.015691868758915834
0 0.4568548387096774 0.44978601997146933 0.03951612903225806 0.015691868758915834
0 0.5143145161290322 0.44978601997146933 0.05282258064516129 0.015691868758915834
0 0.592741935483871 0.44978601997146933 0.050806451612903224 0.015691868758915834
0 0.6633064516129032 0.44978601997146933 0.09032258064516129 0.015691868758915834
0 0.7461693548387097 0.44978601997146933 0.05282258064516129 0.015691868758915834
0 0.12782258064516128 0.47489300998573464 0.02661290322580645 0.015691868758915834
0 0.19959677419354838 0.47560627674750355 0.09032258064516129 0.017118402282453638
0 0.28024193548387094 0.47489300998573464 0.0532258064516129 0.015691868758915834
0 0.3320564516129032 0.47489300998573464 0.05524193548387097 0.015691868758915834
0 0.3875 0.47489300998573464 0.041935483870967745 0.015691868758915834
0 0.4526209677419355 0.47489300998573464 0.07056451612903226 0.015691868758915834
0 0.19576612903225807 0.5011412268188302 0.0842741935483871 0.016833095577746076
0 0.3157258064516129 0.4998573466476462 0.11935483870967742 0.015406562054208274
0 0.40060483870967745 0.4998573466476462 0.03346774193548387 0.015406562054208274
0 0.12681451612903225 0.5005706134094151 0.024596774193548387 0.013980028530670471
0 0.4469758064516129 0.5005706134094151 0.04233870967741935 0.013980028530670471
0 0.12681451612903225 0.5248216833095578 0.024596774193548387 0.015691868758915834
0 0.19959677419354838 0.5255349500713267 0.09032258064516129 0.017118402282453638
0 0.29778225806451614 0.5255349500713267 0.08830645161290322 0.017118402282453638
0 0.39899193548387096 0.5262482168330955 0.0842741935483871 0.016833095577746076
0 0.49778225806451615 0.5248216833095578 0.08185483870967741 0.015691868758915834
0 0.20524193548387096 0.550641940085592 0.10161290322580645 0.017118402282453638
0 0.5883064516129032 0.550641940085592 0.05967741935483871 0.017118402282453638
0 0.12681451612903225 0.550641940085592 0.024596774193548387 0.014265335235378032
0 0.2903225806451613 0.551355206847361 0.050806451612903224 0.015691868758915834
0 0.3465725806451613 0.551355206847361 0.039919354838709675 0.015691868758915834
0 0.4161290322580645 0.551355206847361 0.0814516129032258 0.015691868758915834
0 0.5078629032258064 0.551355206847361 0.07943548387096774 0.015691868758915834
0 0.646774193548387 0.551355206847361 0.03951612903225806 0.015691868758915834
0 0.12681451612903225 0.5756062767475035 0.024596774193548387 0.013980028530670471
0 0.19959677419354838 0.5764621968616263 0.09032258064516129 0.015691868758915834
0 0.2967741935483871 0.5764621968616263 0.0814516129032258 0.015691868758915834
0 0.36088709677419356 0.5756062767475035 0.050806451612903224 0.013980028530670471
0 0.11471774193548387 0.6263908701854494 0.039919354838709675 0.015691868758915834
0 0.2252016129032258 0.6263908701854494 0.07943548387096774 0.015691868758915834
0 0.3066532258064516 0.6271041369472182 0.06169354838709677 0.017118402282453638
0 0.3631048387096774 0.6263908701854494 0.0375 0.015691868758915834
0 0.16653225806451613 0.6272467902995721 0.020161290322580645 0.011126961483594865
0 0.20524193548387096 0.6514978601997147 0.03951612903225806 0.015691868758915834
0 0.2657258064516129 0.6514978601997147 0.05967741935483871 0.015691868758915834
0 0.3167338709677419 0.6514978601997147 0.01975806451612903 0.015691868758915834
0 0.37641129032258064 0.6514978601997147 0.08185483870967741 0.015691868758915834
0 0.4435483870967742 0.6514978601997147 0.035483870967741936 0.015691868758915834
0 0.16310483870967743 0.6530670470756063 0.013306451612903225 0.012553495007132667
0 0.16310483870967743 0.6778887303851641 0.013306451612903225 0.012553495007132667
0 0.20524193548387096 0.6771754636233951 0.03951612903225806 0.013980028530670471
0 0.2526209677419355 0.6771754636233951 0.03346774193548387 0.013980028530670471
0 0.22399193548387097 0.7021398002853066 0.08185483870967741 0.017118402282453638
0 0.32560483870967744 0.7014265335235378 0.09959677419354838 0.015691868758915834
0 0.16310483870967743 0.7029957203994294 0.013306451612903225 0.012553495007132667
0 0.40403225806451615 0.7022824536376605 0.035483870967741936 0.013980028530670471
0 0.45907258064516127 0.7029957203994294 0.02217741935483871 0.015406562054208274
