0 0.8411290322580646 0.8029957203994293 0.03064516129032258 0.0094151212553495
0 0.8709677419354839 0.8029957203994293 0.020161290322580645 0.0094151212553495
0 0.8887096774193548 0.8029957203994293 0.01532258064516129 0.0094151212553495
0 0.2306451612903226 0.8069900142653352 0.050806451612903224 0.013980028530670471
0 0.425 0.8069900142653352 0.03306451612903226 0.013980028530670471
0 0.6455645161290322 0.8069900142653352 0.050806451612903224 0.013980028530670471
0 0.13004032258064516 0.8084165477888731 0.05282258064516129 0.011126961483594865
0 0.33004032258064514 0.8084165477888731 0.05524193548387097 0.011126961483594865
0 0.536491935483871 0.8084165477888731 0.05282258064516129 0.011126961483594865
0 0.7350806451612903 0.8092724679029957 0.02661290322580645 0.0094151212553495
0 0.8512096774193548 0.8146932952924394 0.050806451612903224 0.013980028530670471
0 0.12439516129032258 0.8427960057061341 0.046370967741935484 0.010841654778887305
0 0.11794354838709678 0.8646219686162625 0.03346774193548387 0.013980028530670471
0 0.17419354838709677 0.8647646219686163 0.05725806451612903 0.010841654778887305
0 0.21955645161290321 0.8639087018544935 0.0375 0.012553495007132667
0 0.5463709677419355 0.8639087018544935 0.03306451612903226 0.012553495007132667
0 0.24495967741935484 0.8818830242510699 0.07056451612903226 0.014265335235378032
0 0.31108870967741936 0.8825962910128388 0.05282258064516129 0.015691868758915834
0 0.4338709677419355 0.8818830242510699 0.050806451612903224 0.014265335235378032
0 0.37298387096774194 0.8827389443651926 0.04838709677419355 0.012553495007132667
0 0.4933467741935484 0.8827389443651926 0.05524193548387097 0.012553495007132667
0 0.5540322580645162 0.8827389443651926 0.0532258064516129 0.012553495007132667
0 0.6258064516129033 0.8841654778887303 0.03306451612903226 0.012553495007132667
0 0.14899193548387096 0.8904422253922967 0.046370967741935484 0.012553495007132667
0 0.6858870967741936 0.8911554921540656 0.042741935483870966 0.011697574893009986
0 0.740524193548387 0.8912981455064194 0.05524193548387097 0.014265335235378032
0 0.7868951612903226 0.892867332382311 0.028629032258064516 0.011126961483594865
0 0.8179435483870968 0.892867332382311 0.01975806451612903 0.011126961483594865
0 0.8411290322580646 0.8920114122681883 0.017741935483870968 0.0094151212553495
0 0.2282258064516129 0.8998573466476462 0.03306451612903226 0.012553495007132667
0 0.2846774193548387 0.8991440798858773 0.08387096774193549 0.013980028530670471
0 0.11895161290322581 0.9169757489300998 0.035483870967741936 0.012553495007132667
0 0.15766129032258064 0.9178316690442225 0.02903225806451613 0.010841654778887305
0 0.18971774193548388 0.9169757489300998 0.031048387096774193 0.012553495007132667
0 0.2284274193548387 0.9169757489300998 0.0375 0.012553495007132667
0 0.3342741935483871 0.9169757489300998 0.041935483870967745 0.012553495007132667
0 0.3784274193548387 0.9169757489300998 0.028629032258064516 0.012553495007132667
0 0.41391129032258067 0.9178316690442225 0.028629032258064516 0.010841654778887305
0 0.4491935483870968 0.9169757489300998 0.03790322580645161 0.012553495007132667
0 0.7661290322580645 0.9178316690442225 0.04838709677419355 0.014265335235378032
0 0.4094758064516129 0.9382310984308131 0.07701612903225806 0.013980028530670471
0 0.4933467741935484 0.9389443651925821 0.07701612903225806 0.012553495007132667
0 0.575 0.9382310984308131 0.07741935483870968 0.013980028530670471
0 0.6612903225806451 0.9389443651925821 0.07741935483870968 0.012553495007132667
0 0.3233870967741935 0.9388017118402282 0.01129032258064516 0.0094151212553495
0 0.3564516129032258 0.9389443651925821 0.03306451612903226 0.012553495007132667
