0 0.41391129032258067 0.07717546362339515 0.046370967741935484 0.011126961483594865
0 0.45806451612903226 0.07646219686162625 0.03306451612903226 0.012553495007132667
0 0.49455645161290324 0.07646219686162625 0.031048387096774193 0.012553495007132667
0 0.5483870967741935 0.07646219686162625 0.050806451612903224 0.012553495007132667
0 0.592741935483871 0.07646219686162625 0.03306451612903226 0.012553495007132667
0 0.13346774193548386 0.09514978601997147 0.050806451612903224 0.015691868758915834
0 0.49879032258064515 0.12011412268188303 0.2693548387096774 0.025106990014265335
0 0.11915322580645162 0.1818830242510699 0.039919354838709675 0.013980028530670471
0 0.20504032258064517 0.18273894436519258 0.07943548387096774 0.015691868758915834
0 0.12782258064516128 0.20613409415121256 0.062096774193548386 0.015691868758915834
0 0.3056451612903226 0.22881597717546362 0.041935483870967745 0.017118402282453638
0 0.11915322580645162 0.22867332382310984 0.039919354838709675 0.013980028530670471
0 0.1941532258064516 0.22952924393723254 0.06169354838709677 0.015691868758915834
0 0.2558467741935484 0.22952924393723254 0.039919354838709675 0.015691868758915834
0 0.36733870967741933 0.22952924393723254 0.05967741935483871 0.015691868758915834
0 0.4272177419354839 0.22952924393723254 0.0375 0.015691868758915834
0 0.4866935483870968 0.22952924393723254 0.05967741935483871 0.015691868758915834
0 0.5473790322580645 0.22952924393723254 0.039919354838709675 0.015691868758915834
0 0.5969758064516129 0.22867332382310984 0.0375 0.013980028530670471
0 0.14213709677419356 0.262339514978602 0.0375 0.015691868758915834
0 0.10564516129032259 0.26390870185449355 0.017741935483870968 0.012553495007132667
0 0.4090725806451613 0.28644793152639086 0.07782258064516129 0.017118402282453638
0 0.12459677419354839 0.2850213980028531 0.024193548387096774 0.014265335235378032
0 0.18528225806451612 0.28573466476462195 0.06653225806451613 0.015691868758915834
0 0.2558467741935484 0.28573466476462195 0.07943548387096774 0.015691868758915834
0 0.3199596774193548 0.28573466476462195 0.04879032258064516 0.015691868758915834
0 0.49556451612903224 0.28573466476462195 0.07741935483870968 0.015691868758915834
0 0.5618951612903226 0.28573466476462195 0.0375 0.015691868758915834
0 0.6149193548387096 0.28573466476462195 0.050806451612903224 0.015691868758915834
0 0.34758064516129034 0.28659058487874467 0.01129032258064516 0.011126961483594865
0 0.2524193548387097 0.3089871611982882 0.20080645161290323 0.016547788873038517
0 0.4181451612903226 0.30770328102710415 0.07741935483870968 0.015691868758915834
0 0.5044354838709677 0.30841654778887306 0.07741935483870968 0.017118402282453638
0 0.6524193548387097 0.30841654778887306 0.10806451612903226 0.017118402282453638
0 0.12560483870967742 0.30841654778887306 0.02217741935483871 0.014265335235378032
0 0.5717741935483871 0.3091298145506419 0.03951612903225806 0.015691868758915834
0 0.3564516129032258 0.3091298145506419 0.0064516129032258064 0.0094151212553495
0 0.10241935483870968 0.35534950071326676 0.01532258064516129 0.013980028530670471
0 0.15100806451612903 0.3544935805991441 0.05524193548387097 0.015691868758915834
0 0.20625 0.3544935805991441 0.0375 0.015691868758915834
0 0.2625 0.3544935805991441 0.05725806451612903 0.015691868758915834
0 0.32661290322580644 0.3544935805991441 0.05725806451612903 0.015691868758915834
0 0.38971774193548386 0.3544935805991441 0.05524193548387097 0.015691868758915834
0 0.4469758064516129 0.3544935805991441 0.0375 0.015691868758915834
0 0.4933467741935484 0.3544935805991441 0.0375 0.015691868758915834
0 0.55625 0.3544935805991441 0.07540322580645162 0.015691868758915834
0 0.6304435483870968 0.3544935805991441 0.05524193548387097 0.015691868758915834
0 0.6854838709677419 0.3544935805991441 0.03790322580645161 0.015691868758915834
0 0.760483870967742 0.3544935805991441 0.09516129032258064 0.015691868758915834
0 0.8455645161290323 0.3544935805991441 0.062096774193548386 0.015691868758915834
0 0.19516129032258064 0.37717546362339516 0.08629032258064516 0.017118402282453638
0 0.12459677419354839 0.37717546362339516 0.024193548387096774 0.014265335235378032
0 0.2669354838709677 0.37717546362339516 0.04435483870967742 0.014265335235378032
0 0.30786290322580645 0.37717546362339516 0.024596774193548387 0.014265335235378032
0 0.3917338709677419 0.37717546362339516 0.046370967741935484 0.014265335235378032
0 0.44576612903225804 0.37717546362339516 0.05282258064516129 0.014265335235378032
0 0.3320564516129032 0.37874465049928674 0.010887096774193548 0.011126961483594865
0 0.12459677419354839 0.3998573466476462 0.024193548387096774 0.015691868758915834
0 0.19516129032258064 0.3998573466476462 0.08629032258064516 0.015691868758915834
0 0.7883064516129032 0.4295292439372325 0.075 0.015691868758915834
0 0.1909274193548387 0.4303851640513552 0.0375 0.013980028530670471
0 0.48125 0.4303851640513552 0.03508064516129032 0.013980028530670471
0 0.18971774193548388 0.4607703281027104 0.05766129032258065 0.015406562054208274
0 0.44375 0.4600570613409415 0.039919354838709675 0.013980028530670471
0 0.48004032258064516 0.4600570613409415 0.01975806451612903 0.013980028530670471
0 0.51875 0.4607703281027104 0.039919354838709675 0.015406562054208274
0 0.8058467741935483 0.4607703281027104 0.017338709677419354 0.012553495007132667
0 0.8290322580645161 0.4600570613409415 0.03306451612903226 0.013980028530670471
0 0.8665322580645162 0.4607703281027104 0.03306451612903226 0.015406562054208274
0 0.18971774193548388 0.4905848787446505 0.05766129032258065 0.015691868758915834
0 0.442741935483871 0.4905848787446505 0.1346774193548387 0.015691868758915834
0 0.5286290322580646 0.4897289586305278 0.020161290322580645 0.013980028530670471
0 0.5663306451612903 0.4905848787446505 0.0375 0.015691868758915834
0 0.8290322580645161 0.4897289586305278 0.03306451612903226 0.013980028530670471
0 0.8665322580645162 0.4897289586305278 0.03306451612903226 0.013980028530670471
0 0.18971774193548388 0.5202567760342368 0.05766129032258065 0.015691868758915834
0 0.4425403225806452 0.5202567760342368 0.059274193548387095 0.015691868758915834
0 0.4899193548387097 0.5194008559201141 0.017741935483870968 0.013980028530670471
0 0.5276209677419355 0.5202567760342368 0.039919354838709675 0.015691868758915834
0 0.8302419354838709 0.5194008559201141 0.035483870967741936 0.013980028530670471
0 0.8675403225806452 0.5194008559201141 0.031048387096774193 0.013980028530670471
0 0.18971774193548388 0.5499286733238231 0.03508064516129032 0.015691868758915834
0 0.4504032258064516 0.5499286733238231 0.11935483870967742 0.015691868758915834
0 0.5266129032258065 0.5499286733238231 0.024193548387096774 0.015691868758915834
0 0.55625 0.5499286733238231 0.031048387096774193 0.015691868758915834
0 0.8290322580645161 0.5490727532097004 0.03306451612903226 0.013980028530670471
0 0.8665322580645162 0.5490727532097004 0.03306451612903226 0.013980028530670471
0 0.18971774193548388 0.5796005706134094 0.03508064516129032 0.015691868758915834
0 0.4491935483870968 0.5796005706134094 0.1346774193548387 0.015691868758915834
0 0.5340725806451613 0.5796005706134094 0.02217741935483871 0.015691868758915834
0 0.5651209677419354 0.5796005706134094 0.031048387096774193 0.015691868758915834
0 0.8302419354838709 0.5796005706134094 0.035483870967741936 0.015691868758915834
0 0.8665322580645162 0.5796005706134094 0.03306451612903226 0.015691868758915834
0 0.38729838709677417 0.6092724679029957 0.0375 0.015691868758915834
0 0.8300403225806452 0.6092724679029957 0.031048387096774193 0.015691868758915834
0 0.8665322580645162 0.6092724679029957 0.03306451612903226 0.015691868758915834
0 0.8014112903225806 0.6108416547788873 0.013306451612903225 0.012553495007132667
0 0.11350806451612903 0.6935805991440799 0.0375 0.015406562054208274
0 0.22721774193548386 0.6935805991440799 0.09717741935483871 0.015406562054208274
0 0.3024193548387097 0.6935805991440799 0.035483870967741936 0.015406562054208274
0 0.15987903225806452 0.6944365192582026 0.010887096774193548 0.010841654778887305
0 0.24717741935483872 0.716262482168331 0.13225806451612904 0.017403708987161197
0 0.1588709677419355 0.716262482168331 0.017741935483870968 0.013980028530670471
0 0.33991935483870966 0.716262482168331 0.03064516129032258 0.013980028530670471
0 0.2284274193548387 0.738944365192582 0.09475806451612903 0.015406562054208274
0 0.15866935483870967 0.7403708987161198 0.013306451612903225 0.012553495007132667
0 0.30120967741935484 0.739657631954351 0.03306451612903226 0.013980028530670471
0 0.15987903225806452 0.762339514978602 0.015725806451612902 0.012553495007132667
0 0.1997983870967742 0.762339514978602 0.0375 0.015406562054208274
0 0.25826612903225804 0.762339514978602 0.06169354838709677 0.015406562054208274
0 0.31129032258064515 0.762339514978602 0.035483870967741936 0.015406562054208274
0 0.3631048387096774 0.762339514978602 0.024596774193548387 0.015406562054208274
