0 0.13346774193548386 0.09514978601997147 0.050806451612903224 0.015691868758915834
0 0.4183467741935484 0.11069900142653352 0.046370967741935484 0.012553495007132667
0 0.4856854838709677 0.1115549215406562 0.07056451612903226 0.010841654778887305
0 0.5550403225806452 0.1115549215406562 0.046370967741935484 0.010841654778887305
0 0.6137096774193549 0.1115549215406562 0.0532258064516129 0.010841654778887305
0 0.5131048387096774 0.1544935805991441 0.2979838709677419 0.021968616262482168
0 0.20504032258064517 0.21626248216833097 0.07943548387096774 0.017118402282453638
0 0.12016129032258065 0.21626248216833097 0.03790322580645161 0.014265335235378032
0 0.12903225806451613 0.23894436519258203 0.05967741935483871 0.015691868758915834
0 0.11915322580645162 0.262339514978602 0.039919354838709675 0.015691868758915834
0 0.23487903225806453 0.262339514978602 0.0375 0.015691868758915834
0 0.32661290322580644 0.262339514978602 0.11935483870967742 0.015691868758915834
0 0.4171370967741935 0.262339514978602 0.039919354838709675 0.015691868758915834
0 0.4669354838709677 0.262339514978602 0.041935483870967745 0.015691868758915834
0 0.552016129032258 0.262339514978602 0.11048387096774194 0.015691868758915834
0 0.6733870967741935 0.262339514978602 0.0532258064516129 0.015691868758915834
0 0.18528225806451612 0.2631954350927247 0.04395161290322581 0.013980028530670471
0 0.6280241935483871 0.2631954350927247 0.01975806451612903 0.013980028530670471
0 0.15 0.2967189728958631 0.04838709677419355 0.015406562054208274
0 0.10463709677419354 0.29757489300998574 0.015725806451612902 0.010841654778887305
0 0.2846774193548387 0.31940085592011414 0.2564516129032258 0.017403708987161197
0 0.5772177419354839 0.31940085592011414 0.13911290322580644 0.017403708987161197
0 0.12782258064516128 0.31940085592011414 0.02661290322580645 0.013980028530670471
0 0.4415322580645161 0.31940085592011414 0.0532258064516129 0.013980028530670471
0 0.6790322580645162 0.3202567760342368 0.041935483870967745 0.015691868758915834
0 0.7350806451612903 0.31940085592011414 0.0532258064516129 0.013980028530670471
0 0.4711693548387097 0.3209700427960057 0.010887096774193548 0.010841654778887305
0 0.28346774193548385 0.3419400855920114 0.2540322580645161 0.015691868758915834
0 0.536491935483871 0.3419400855920114 0.039919354838709675 0.015691868758915834
0 0.6280241935483871 0.3419400855920114 0.12137096774193548 0.015691868758915834
0 0.7209677419354839 0.3419400855920114 0.041935483870967745 0.015691868758915834
0 0.8256048387096774 0.3419400855920114 0.05282258064516129 0.015691868758915834
0 0.1280241935483871 0.3427960057061341 0.02217741935483871 0.011126961483594865
0 0.4314516129032258 0.3427960057061341 0.03306451612903226 0.013980028530670471
0 0.45907258064516127 0.3427960057061341 0.02620967741935484 0.013980028530670471
0 0.7693548387096775 0.3427960057061341 0.041935483870967745 0.013980028530670471
0 0.2659274193548387 0.3646219686162625 0.22298387096774194 0.017118402282453638
0 0.12883064516129034 0.36476462196861625 0.028629032258064516 0.013980028530670471
0 0.3919354838709677 0.36547788873038517 0.03306451612903226 0.015406562054208274
0 0.42701612903225805 0.36547788873038517 0.041935483870967745 0.015406562054208274
0 0.4965725806451613 0.36547788873038517 0.039919354838709675 0.015406562054208274
0 0.5870967741935483 0.36547788873038517 0.11935483870967742 0.015406562054208274
0 0.6800403225806452 0.36547788873038517 0.039919354838709675 0.015406562054208274
0 0.7286290322580645 0.36547788873038517 0.04435483870967742 0.015406562054208274
0 0.7866935483870968 0.36476462196861625 0.05403225806451613 0.016833095577746076
0 0.15 0.38815977175463623 0.04838709677419355 0.017403708987161197
0 0.21512096774193548 0.38730385164051356 0.059274193548387095 0.015691868758915834
0 0.10141129032258064 0.38887303851640515 0.013306451612903225 0.012553495007132667
0 0.2659274193548387 0.38815977175463623 0.01975806451612903 0.013980028530670471
0 0.30463709677419354 0.38815977175463623 0.039919354838709675 0.013980028530670471
0 0.14677419354838708 0.41069900142653354 0.041935483870967745 0.015691868758915834
0 0.21512096774193548 0.41069900142653354 0.059274193548387095 0.015691868758915834
0 0.2625 0.41069900142653354 0.035483870967741936 0.015691868758915834
0 0.3100806451612903 0.41069900142653354 0.050806451612903224 0.015691868758915834
0 0.3907258064516129 0.41069900142653354 0.11048387096774194 0.015691868758915834
0 0.5012096774193548 0.41069900142653354 0.09274193548387097 0.015691868758915834
0 0.5838709677419355 0.41069900142653354 0.050806451612903224 0.015691868758915834
0 0.10241935483870968 0.4122681883024251 0.01532258064516129 0.012553495007132667
0 0.1157258064516129 0.45606276747503566 0.03790322580645161 0.015691868758915834
0 0.1655241935483871 0.45606276747503566 0.039919354838709675 0.015691868758915834
0 0.225 0.45606276747503566 0.062096774193548386 0.015691868758915834
0 0.34858870967741934 0.45606276747503566 0.02217741935483871 0.015691868758915834
0 0.28245967741935485 0.4569186875891583 0.03508064516129032 0.013980028530670471
0 0.8433467741935484 0.7639087018544936 0.031048387096774193 0.0094151212553495
0 0.8709677419354839 0.7639087018544936 0.01532258064516129 0.0094151212553495
0 0.8897177419354839 0.7639087018544936 0.017338709677419354 0.0094151212553495
0 0.2282258064516129 0.7679029957203994 0.050806451612903224 0.013980028530670471
0 0.43266129032258066 0.7686162624821683 0.0532258064516129 0.015406562054208274
0 0.6455645161290322 0.7686162624821683 0.050806451612903224 0.015406562054208274
0 0.3431451612903226 0.7701854493580599 0.0814516129032258 0.012268188302425107
0 0.5504032258064516 0.7710413694721826 0.08225806451612903 0.012268188302425107
0 0.11915322580645162 0.7701854493580599 0.039919354838709675 0.0094151212553495
0 0.742741935483871 0.7701854493580599 0.041935483870967745 0.0094151212553495
0 0.853225806451613 0.7771754636233952 0.050806451612903224 0.014265335235378032
0 0.12217741935483871 0.8382310984308131 0.041935483870967745 0.010841654778887305
0 0.17540322580645162 0.8794579172610556 0.06854838709677419 0.015691868758915834
0 0.5463709677419355 0.8787446504992867 0.03306451612903226 0.014265335235378032
0 0.1157258064516129 0.8796005706134095 0.03306451612903226 0.012553495007132667
0 0.24495967741935484 0.8803138373751783 0.06653225806451613 0.011126961483594865
0 0.35 0.897432239657632 0.050806451612903224 0.013980028530670471
0 0.10786290322580645 0.8982881597717546 0.013306451612903225 0.0094151212553495
0 0.14778225806451614 0.8982881597717546 0.04395161290322581 0.012268188302425107
0 0.23387096774193547 0.8991440798858773 0.0532258064516129 0.013980028530670471
0 0.2923387096774194 0.8982881597717546 0.050806451612903224 0.012268188302425107
0 0.4092741935483871 0.8982881597717546 0.050806451612903224 0.012268188302425107
0 0.4612903225806452 0.8990014265335236 0.035483870967741936 0.010841654778887305
0 0.686491935483871 0.8998573466476462 0.04395161290322581 0.012553495007132667
0 0.7350806451612903 0.8998573466476462 0.035483870967741936 0.00912981455064194
0 0.7792338709677419 0.9007132667617689 0.04395161290322581 0.010841654778887305
0 0.8169354838709677 0.8998573466476462 0.017741935483870968 0.00912981455064194
0 0.11693548387096774 0.916262482168331 0.035483870967741936 0.013980028530670471
0 0.22600806451612904 0.916262482168331 0.0375 0.013980028530670471
0 0.33326612903225805 0.916262482168331 0.04395161290322581 0.013980028530670471
0 0.8024193548387096 0.9171184022824537 0.09516129032258064 0.015691868758915834
0 0.15342741935483872 0.9169757489300998 0.028629032258064516 0.012553495007132667
0 0.1875 0.9169757489300998 0.03064516129032258 0.012553495007132667
0 0.3808467741935484 0.9169757489300998 0.0375 0.012553495007132667
0 0.42379032258064514 0.9169757489300998 0.03951612903225806 0.012553495007132667
0 0.5439516129032258 0.9186875891583453 0.050806451612903224 0.012553495007132667
0 0.5991935483870968 0.9178316690442225 0.05967741935483871 0.010841654778887305
0 0.644758064516129 0.9178316690442225 0.017741935483870968 0.010841654778887305
0 0.3532258064516129 0.9382310984308131 0.04838709677419355 0.013980028530670471
0 0.41391129032258067 0.9382310984308131 0.06411290322580646 0.013980028530670471
0 0.5110887096774194 0.9382310984308131 0.10846774193548388 0.013980028530670471
0 0.6036290322580645 0.9396576319543509 0.05967741935483871 0.011126961483594865
0 0.6655241935483871 0.9396576319543509 0.046370967741935484 0.011126961483594865
