0 0.8201612903225807 0.820114122681883 0.02903225806451613 0.0094151212553495
0 0.8665322580645162 0.820114122681883 0.01532258064516129 0.0094151212553495
0 0.22721774193548386 0.8241084165477889 0.04879032258064516 0.013980028530670471
0 0.4161290322580645 0.8241084165477889 0.03306451612903226 0.013980028530670471
0 0.630241935483871 0.8241084165477889 0.050806451612903224 0.013980028530670471
0 0.13004032258064516 0.8256776034236805 0.05282258064516129 0.010841654778887305
0 0.32318548387096774 0.8248216833095577 0.05524193548387097 0.012553495007132667
0 0.5254032258064516 0.8256776034236805 0.0532258064516129 0.010841654778887305
0 0.7163306451612903 0.8248216833095577 0.028629032258064516 0.012553495007132667
0 0.8310483870967742 0.831811697574893 0.050806451612903224 0.013980028530670471
0 0.12560483870967742 0.8600570613409415 0.04395161290322581 0.011126961483594865
0 0.1685483870967742 0.8803138373751783 0.050806451612903224 0.013980028530670471
0 0.5330645161290323 0.8803138373751783 0.03306451612903226 0.013980028530670471
0 0.11693548387096774 0.8810271041369472 0.035483870967741936 0.012553495007132667
0 0.2183467741935484 0.8810271041369472 0.039919354838709675 0.012553495007132667
0 0.24052419354838708 0.8998573466476462 0.07056451612903226 0.015406562054208274
0 0.3090725806451613 0.8991440798858773 0.05282258064516129 0.013980028530670471
0 0.3707661290322581 0.8991440798858773 0.04879032258064516 0.013980028530670471
0 0.4314516129032258 0.8991440798858773 0.050806451612903224 0.013980028530670471
0 0.4933467741935484 0.8991440798858773 0.05524193548387097 0.013980028530670471
0 0.5540322580645162 0.8991440798858773 0.0532258064516129 0.013980028530670471
0 0.6159274193548387 0.8998573466476462 0.017338709677419354 0.012553495007132667
0 0.11028225806451612 0.9077032810271042 0.013306451612903225 0.0094151212553495
0 0.14899193548387096 0.9075606276747503 0.046370967741935484 0.012553495007132667
0 0.6987903225806451 0.908416547788873 0.10806451612903226 0.014265335235378032
0 0.8245967741935484 0.908416547788873 0.020161290322580645 0.010841654778887305
0 0.775 0.9099857346647646 0.035483870967741936 0.011126961483594865
0 0.8002016129032258 0.9099857346647646 0.01975806451612903 0.011126961483594865
0 0.23266129032258065 0.9146932952924394 0.050806451612903224 0.014265335235378032
0 0.2979838709677419 0.9146932952924394 0.08387096774193549 0.014265335235378032
0 0.19294354838709676 0.9333808844507846 0.10362903225806451 0.013980028530670471
0 0.3278225806451613 0.9333808844507846 0.041935483870967745 0.013980028530670471
0 0.40826612903225806 0.9333808844507846 0.1060483870967742 0.013980028530670471
0 0.7461693548387097 0.9333808844507846 0.04879032258064516 0.013980028530670471
0 0.11895161290322581 0.9349500713266762 0.035483870967741936 0.010841654778887305
0 0.34334677419354837 0.9553495007132667 0.028629032258064516 0.013980028530670471
0 0.3961693548387097 0.9553495007132667 0.07701612903225806 0.013980028530670471
0 0.48004032258064516 0.9553495007132667 0.07701612903225806 0.013980028530670471
0 0.5629032258064516 0.9553495007132667 0.07983870967741935 0.013980028530670471
0 0.6479838709677419 0.9553495007132667 0.07741935483870968 0.013980028530670471
0 0.31350806451612906 0.9562054208273895 0.013306451612903225 0.0094151212553495
