0 0.13346774193548386 0.09514978601997147 0.050806451612903224 0.015691868758915834
0 0.5606854838709677 0.10998573466476462 0.04879032258064516 0.013980028530670471
0 0.4161290322580645 0.11069900142653352 0.03306451612903226 0.012553495007132667
0 0.4403225806451613 0.1115549215406562 0.01532258064516129 0.010841654778887305
0 0.4689516129032258 0.11069900142653352 0.03306451612903226 0.012553495007132667
0 0.5064516129032258 0.11069900142653352 0.03306451612903226 0.012553495007132667
0 0.6048387096774194 0.1115549215406562 0.03064516129032258 0.010841654778887305
0 0.8643145161290322 0.14750356633380884 0.046370967741935484 0.017118402282453638
0 0.5108870967741935 0.15378031383737517 0.20967741935483872 0.023395149786019972
0 0.8643145161290322 0.1616262482168331 0.0375 0.013980028530670471
0 0.1963709677419355 0.21554921540656205 0.062096774193548386 0.015691868758915834
0 0.25483870967741934 0.21554921540656205 0.041935483870967745 0.015691868758915834
0 0.11915322580645162 0.21626248216833097 0.039919354838709675 0.014265335235378032
0 0.12782258064516128 0.2396576319543509 0.062096774193548386 0.017118402282453638
0 0.11915322580645162 0.262339514978602 0.039919354838709675 0.015691868758915834
0 0.20504032258064517 0.2630527817403709 0.07943548387096774 0.017118402282453638
0 0.2957661290322581 0.262339514978602 0.07943548387096774 0.015691868758915834
0 0.4215725806451613 0.262339514978602 0.1504032258064516 0.015691868758915834
0 0.5429435483870968 0.262339514978602 0.07056451612903226 0.015691868758915834
0 0.14455645161290323 0.2967189728958631 0.0375 0.015406562054208274
0 0.10564516129032259 0.29757489300998574 0.017741935483870968 0.010841654778887305
0 0.20524193548387096 0.31940085592011414 0.10161290322580645 0.017403708987161197
0 0.32883064516129035 0.31940085592011414 0.12782258064516128 0.017403708987161197
0 0.48104838709677417 0.31940085592011414 0.075 0.017403708987161197
0 0.6612903225806451 0.31940085592011414 0.1435483870967742 0.017403708987161197
0 0.7870967741935484 0.31940085592011414 0.09516129032258064 0.017403708987161197
0 0.8830645161290323 0.3185449358059914 0.08387096774193549 0.015691868758915834
0 0.12883064516129034 0.31940085592011414 0.028629032258064516 0.013980028530670471
0 0.41935483870967744 0.31940085592011414 0.03951612903225806 0.013980028530670471
0 0.5495967741935484 0.31940085592011414 0.04838709677419355 0.013980028530670471
0 0.12681451612903225 0.3419400855920114 0.024596774193548387 0.015691868758915834
0 0.20745967741935484 0.3419400855920114 0.1060483870967742 0.015691868758915834
0 0.3387096774193548 0.3427960057061341 0.1346774193548387 0.017403708987161197
0 0.4348790322580645 0.3419400855920114 0.039919354838709675 0.015691868758915834
0 0.5221774193548387 0.3419400855920114 0.11693548387096774 0.015691868758915834
0 0.6280241935483871 0.3419400855920114 0.07701612903225806 0.015691868758915834
0 0.759475806451613 0.3427960057061341 0.1504032258064516 0.017403708987161197
0 0.851008064516129 0.3419400855920114 0.01975806451612903 0.015691868758915834
0 0.8951612903225806 0.3419400855920114 0.050806451612903224 0.015691868758915834
0 0.1465725806451613 0.38730385164051356 0.0375 0.015691868758915834
0 0.20846774193548387 0.38730385164051356 0.05967741935483871 0.015691868758915834
0 0.3465725806451613 0.38815977175463623 0.18991935483870967 0.017403708987161197
0 0.5 0.38730385164051356 0.09032258064516129 0.015691868758915834
0 0.5883064516129032 0.38730385164051356 0.05967741935483871 0.015691868758915834
0 0.6600806451612903 0.38730385164051356 0.062096774193548386 0.015691868758915834
0 0.7219758064516129 0.38730385164051356 0.039919354838709675 0.015691868758915834
0 0.7947580645161291 0.38730385164051356 0.07983870967741935 0.015691868758915834
0 0.8852822580645161 0.38730385164051356 0.07943548387096774 0.015691868758915834
0 0.10141129032258064 0.38887303851640515 0.013306451612903225 0.012553495007132667
0 0.13669354838709677 0.41069900142653354 0.017741935483870968 0.015691868758915834
0 0.1808467741935484 0.41069900142653354 0.039919354838709675 0.015691868758915834
0 0.23387096774193547 0.41069900142653354 0.06612903225806452 0.015691868758915834
0 0.3342741935483871 0.41069900142653354 0.09919354838709678 0.015691868758915834
0 0.42943548387096775 0.41069900142653354 0.05967741935483871 0.015691868758915834
0 0.49455645161290324 0.41069900142653354 0.039919354838709675 0.015691868758915834
0 0.5772177419354839 0.41069900142653354 0.09959677419354838 0.015691868758915834
0 0.666733870967742 0.41069900142653354 0.05282258064516129 0.015691868758915834
0 0.71875 0.41069900142653354 0.05524193548387097 0.015691868758915834
0 0.7915322580645161 0.41069900142653354 0.0814516129032258 0.015691868758915834
0 0.8877016129032258 0.41069900142653354 0.07943548387096774 0.015691868758915834
0 0.6203629032258065 0.4333808844507846 0.11895161290322581 0.017118402282453638
0 0.7441532258064516 0.4333808844507846 0.1060483870967742 0.017118402282453638
0 0.15766129032258064 0.43352353780313835 0.05967741935483871 0.013980028530670471
0 0.22620967741935483 0.43352353780313835 0.05967741935483871 0.013980028530670471
0 0.28689516129032255 0.43423680456490726 0.039919354838709675 0.015406562054208274
0 0.35745967741935486 0.43423680456490726 0.07943548387096774 0.015406562054208274
0 0.4393145161290323 0.43423680456490726 0.06169354838709677 0.015406562054208274
0 0.49879032258064515 0.43423680456490726 0.03951612903225806 0.015406562054208274
0 0.5397177419354838 0.43352353780313835 0.01975806451612903 0.013980028530670471
0 0.12681451612903225 0.45606276747503566 0.024596774193548387 0.015691868758915834
0 0.19516129032258064 0.45606276747503566 0.0814516129032258 0.015691868758915834
0 0.2713709677419355 0.45606276747503566 0.04838709677419355 0.015691868758915834
0 0.33548387096774196 0.45606276747503566 0.05725806451612903 0.015691868758915834
0 0.43266129032258066 0.4569186875891583 0.11048387096774194 0.017403708987161197
0 0.5221774193548387 0.45606276747503566 0.050806451612903224 0.015691868758915834
0 0.12681451612903225 0.4787446504992867 0.024596774193548387 0.014265335235378032
0 0.1941532258064516 0.4787446504992867 0.07943548387096774 0.014265335235378032
0 0.2701612903225806 0.47945791726105563 0.050806451612903224 0.015691868758915834
0 0.3463709677419355 0.47945791726105563 0.08387096774193549 0.015691868758915834
0 0.42278225806451614 0.47945791726105563 0.07298387096774193 0.015691868758915834
0 0.5120967741935484 0.47945791726105563 0.0532258064516129 0.015691868758915834
0 0.5639112903225807 0.47945791726105563 0.05524193548387097 0.015691868758915834
0 0.6193548387096774 0.47945791726105563 0.041935483870967745 0.015691868758915834
0 0.12681451612903225 0.5014265335235378 0.024596774193548387 0.015691868758915834
0 0.19516129032258064 0.5014265335235378 0.0814516129032258 0.015691868758915834
0 0.2701612903225806 0.5014265335235378 0.050806451612903224 0.015691868758915834
0 0.3465725806451613 0.5021398002853067 0.07943548387096774 0.017118402282453638
0 0.46733870967741936 0.5005706134094151 0.08225806451612903 0.016833095577746076
0 0.4060483870967742 0.5029957203994294 0.017741935483870968 0.015406562054208274
0 0.5473790322580645 0.5029957203994294 0.06169354838709677 0.015406562054208274
0 0.6092741935483871 0.5022824536376604 0.03951612903225806 0.013980028530670471
0 0.21512096774193548 0.5475035663338088 0.12137096774193548 0.017118402282453638
0 0.32661290322580644 0.5475035663338088 0.07983870967741935 0.017118402282453638
0 0.1157258064516129 0.5482168330955778 0.03790322580645161 0.015691868758915834
0 0.3939516129032258 0.5482168330955778 0.03306451612903226 0.015691868758915834
0 0.44818548387096774 0.5482168330955778 0.02217741935483871 0.015691868758915834
0 0.5243951612903226 0.6553495007132668 0.2407258064516129 0.023395149786019972
0 0.8433467741935484 0.6771754636233951 0.14556451612903226 0.013980028530670471
0 0.23608870967741935 0.6778887303851641 0.12379032258064517 0.012553495007132667
0 0.5340725806451613 0.6787446504992868 0.4681451612903226 0.014265335235378032
0 0.23608870967741935 0.692867332382311 0.11895161290322581 0.011126961483594865
0 0.35866935483870965 0.6935805991440799 0.12137096774193548 0.012553495007132667
0 0.5618951612903226 0.692867332382311 0.28508064516129034 0.011126961483594865
0 0.7362903225806452 0.692867332382311 0.05967741935483871 0.011126961483594865
0 0.8411290322580646 0.6935805991440799 0.13709677419354838 0.012553495007132667
0 0.30120967741935484 0.7061340941512125 0.13064516129032258 0.015406562054208274
0 0.5375 0.7061340941512125 0.3379032258064516 0.015406562054208274
0 0.12439516129032258 0.7061340941512125 0.046370967741935484 0.012553495007132667
0 0.20625 0.7068473609129815 0.06411290322580646 0.013980028530670471
0 0.7715725806451613 0.7061340941512125 0.12620967741935485 0.012553495007132667
0 0.8786290322580645 0.7075606276747504 0.075 0.012553495007132667
0 0.23951612903225805 0.7209700427960057 0.12580645161290321 0.010841654778887305
0 0.39737903225806454 0.7209700427960057 0.18991935483870967 0.010841654778887305
0 0.6889112903225807 0.7209700427960057 0.39314516129032256 0.010841654778887305
0 0.9084677419354839 0.7202567760342368 0.01532258064516129 0.0094151212553495
0 0.2129032258064516 0.7342368045649073 0.07741935483870968 0.012268188302425107
0 0.32661290322580644 0.7349500713266762 0.13709677419354838 0.010841654778887305
0 0.41592741935483873 0.7342368045649073 0.028629032258064516 0.0094151212553495
0 0.4625 0.7349500713266762 0.05967741935483871 0.010841654778887305
0 0.49899193548387094 0.7358059914407988 0.013306451612903225 0.00912981455064194
0 0.8411290322580646 0.7639087018544936 0.03064516129032258 0.0094151212553495
0 0.8887096774193548 0.7639087018544936 0.01532258064516129 0.0094151212553495
0 0.6445564516129032 0.7686162624821683 0.05282258064516129 0.015406562054208274
0 0.2306451612903226 0.7693295292439373 0.050806451612903224 0.013980028530670471
0 0.4338709677419355 0.7686162624821683 0.050806451612903224 0.012553495007132667
0 0.12903225806451613 0.7701854493580599 0.050806451612903224 0.0094151212553495
0 0.3310483870967742 0.7708987161198289 0.0532258064516129 0.010841654778887305
0 0.5377016129032258 0.7701854493580599 0.05524193548387097 0.0094151212553495
0 0.7350806451612903 0.7701854493580599 0.02661290322580645 0.0094151212553495
0 0.8512096774193548 0.7771754636233952 0.050806451612903224 0.014265335235378032
0 0.12560483870967742 0.8382310984308131 0.04395161290322581 0.010841654778887305
0 0.11794354838709678 0.8796005706134095 0.03346774193548387 0.012553495007132667
0 0.15866935483870967 0.8796005706134095 0.031048387096774193 0.012553495007132667
0 0.20967741935483872 0.8803138373751783 0.05725806451612903 0.011126961483594865
0 0.5473790322580645 0.8803138373751783 0.031048387096774193 0.011126961483594865
0 0.44133064516129034 0.8982881597717546 0.07943548387096774 0.015691868758915834
0 0.558266129032258 0.8997146932952924 0.12862903225806452 0.015121255349500713
0 0.11028225806451612 0.8990014265335236 0.013306451612903225 0.010841654778887305
0 0.13225806451612904 0.8982881597717546 0.008870967741935484 0.0094151212553495
0 0.15342741935483872 0.8982881597717546 0.0375 0.012268188302425107
0 0.25161290322580643 0.8991440798858773 0.08387096774193549 0.013980028530670471
0 0.3199596774193548 0.8990014265335236 0.03508064516129032 0.010841654778887305
0 0.3685483870967742 0.8991440798858773 0.0532258064516129 0.013980028530670471
0 0.6842741935483871 0.8991440798858773 0.04435483870967742 0.013980028530670471
0 0.7407258064516129 0.8982881597717546 0.020161290322580645 0.012268188302425107
0 0.7705645161290322 0.9007132667617689 0.02661290322580645 0.010841654778887305
0 0.8036290322580645 0.9007132667617689 0.02661290322580645 0.010841654778887305
0 0.8233870967741935 0.8998573466476462 0.017741935483870968 0.00912981455064194
0 0.8633064516129032 0.9007132667617689 0.062096774193548386 0.010841654778887305
0 0.7715725806451613 0.9171184022824537 0.03346774193548387 0.015691868758915834
0 0.11895161290322581 0.9178316690442225 0.035483870967741936 0.010841654778887305
0 0.1566532258064516 0.9169757489300998 0.031048387096774193 0.012553495007132667
0 0.18971774193548388 0.9169757489300998 0.031048387096774193 0.012553495007132667
0 0.22721774193548386 0.9169757489300998 0.039919354838709675 0.012553495007132667
0 0.3342741935483871 0.9169757489300998 0.041935483870967745 0.012553495007132667
0 0.37963709677419355 0.9169757489300998 0.031048387096774193 0.012553495007132667
0 0.411491935483871 0.9169757489300998 0.028629032258064516 0.012553495007132667
0 0.4491935483870968 0.9169757489300998 0.03790322580645161 0.012553495007132667
0 0.5818548387096775 0.9186875891583453 0.1435483870967742 0.012553495007132667
0 0.6622983870967742 0.9185449358059914 0.017338709677419354 0.0094151212553495
0 0.4094758064516129 0.9382310984308131 0.07701612903225806 0.013980028530670471
0 0.4933467741935484 0.9389443651925821 0.07701612903225806 0.012553495007132667
0 0.575 0.9382310984308131 0.07741935483870968 0.013980028530670471
0 0.6612903225806451 0.9389443651925821 0.07741935483870968 0.012553495007132667
0 0.3233870967741935 0.9388017118402282 0.01129032258064516 0.0094151212553495
0 0.3564516129032258 0.9389443651925821 0.03306451612903226 0.012553495007132667
