0 0.13346774193548386 0.09514978601997147 0.050806451612903224 0.015691868758915834
0 0.4645161290322581 0.10998573466476462 0.07741935483870968 0.013980028530670471
0 0.40504032258064515 0.1115549215406562 0.028629032258064516 0.010841654778887305
0 0.5330645161290323 0.11069900142653352 0.03306451612903226 0.012553495007132667
0 0.5717741935483871 0.1115549215406562 0.03064516129032258 0.010841654778887305
0 0.6092741935483871 0.1115549215406562 0.04435483870967742 0.010841654778887305
0 0.14112903225806453 0.14907275320970043 0.04838709677419355 0.011126961483594865
0 0.5108870967741935 0.15378031383737517 0.32903225806451614 0.023395149786019972
0 0.1719758064516129 0.1607703281027104 0.04879032258064516 0.012268188302425107
0 0.12903225806451613 0.1607703281027104 0.03306451612903226 0.0094151212553495
0 0.20504032258064517 0.21554921540656205 0.07943548387096774 0.015691868758915834
0 0.11915322580645162 0.21626248216833097 0.039919354838709675 0.014265335235378032
0 0.12903225806451613 0.23894436519258203 0.05967741935483871 0.015691868758915834
0 0.11915322580645162 0.262339514978602 0.039919354838709675 0.015691868758915834
0 0.2713709677419355 0.2630527817403709 0.2120967741935484 0.017118402282453638
0 0.43588709677419357 0.262339514978602 0.09919354838709678 0.015691868758915834
0 0.5431451612903225 0.262339514978602 0.09274193548387097 0.015691868758915834
0 0.12459677419354839 0.2967189728958631 0.05967741935483871 0.015406562054208274
0 0.16532258064516128 0.29600570613409416 0.017741935483870968 0.013980028530670471
0 0.25826612903225804 0.2967189728958631 0.14153225806451614 0.015406562054208274
0 0.35745967741935486 0.2967189728958631 0.039919354838709675 0.015406562054208274
0 0.4534274193548387 0.2967189728958631 0.13024193548387097 0.015406562054208274
0 0.5816532258064516 0.2967189728958631 0.09959677419354838 0.015406562054208274
0 0.6975806451612904 0.2967189728958631 0.11048387096774194 0.015406562054208274
0 0.7947580645161291 0.2967189728958631 0.062096774193548386 0.015406562054208274
0 0.8566532258064516 0.2967189728958631 0.039919354838709675 0.015406562054208274
0 0.9074596774193548 0.2967189728958631 0.039919354838709675 0.015406562054208274
0 0.12459677419354839 0.31940085592011414 0.05967741935483871 0.013980028530670471
0 0.19737903225806452 0.3202567760342368 0.06411290322580646 0.015691868758915834
0 0.13669354838709677 0.36547788873038517 0.021774193548387097 0.015406562054208274
0 0.16653225806451613 0.36547788873038517 0.024193548387096774 0.015406562054208274
0 0.20080645161290323 0.36547788873038517 0.03064516129032258 0.015406562054208274
0 0.28568548387096776 0.36547788873038517 0.12137096774193548 0.015406562054208274
0 0.40725806451612906 0.36547788873038517 0.09919354838709678 0.015406562054208274
0 0.5066532258064516 0.36547788873038517 0.08185483870967741 0.015406562054208274
0 0.10463709677419354 0.36633380884450784 0.015725806451612902 0.010841654778887305
0 0.1693548387096774 0.3891583452211127 0.08870967741935484 0.015977175463623396
0 0.38729838709677417 0.38815977175463623 0.12137096774193548 0.017403708987161197
0 0.5596774193548387 0.38815977175463623 0.10403225806451613 0.017403708987161197
0 0.10141129032258064 0.38887303851640515 0.013306451612903225 0.012553495007132667
0 0.23608870967741935 0.38815977175463623 0.02217741935483871 0.013980028530670471
0 0.28588709677419355 0.3890156918687589 0.05967741935483871 0.015691868758915834
0 0.4778225806451613 0.38815977175463623 0.041935483870967745 0.013980028530670471
0 0.16532258064516128 0.41069900142653354 0.08387096774193549 0.015691868758915834
0 0.24818548387096775 0.41069900142653354 0.046370967741935484 0.015691868758915834
0 0.2923387096774194 0.41069900142653354 0.03306451612903226 0.015691868758915834
0 0.3411290322580645 0.41069900142653354 0.050806451612903224 0.015691868758915834
0 0.41169354838709676 0.41069900142653354 0.09032258064516129 0.015691868758915834
0 0.5429435483870968 0.41069900142653354 0.1721774193548387 0.015691868758915834
0 0.10141129032258064 0.4115549215406562 0.013306451612903225 0.011126961483594865
0 0.1655241935483871 0.4333808844507846 0.07943548387096774 0.017118402282453638
0 0.10141129032258064 0.43423680456490726 0.013306451612903225 0.012553495007132667
0 0.12681451612903225 0.45606276747503566 0.024596774193548387 0.015691868758915834
0 0.4425403225806452 0.45606276747503566 0.5721774193548387 0.015691868758915834
0 0.12681451612903225 0.4787446504992867 0.024596774193548387 0.014265335235378032
0 0.3629032258064516 0.47945791726105563 0.4129032258064516 0.015691868758915834
0 0.6445564516129032 0.47945791726105563 0.1504032258064516 0.015691868758915834
0 0.7794354838709677 0.47945791726105563 0.10161290322580645 0.015691868758915834
0 0.4723790322580645 0.5021398002853067 0.6318548387096774 0.017118402282453638
0 0.12681451612903225 0.5022824536376604 0.024596774193548387 0.013980028530670471
0 0.12560483870967742 0.5241084165477888 0.02217741935483871 0.014265335235378032
0 0.463508064516129 0.5248216833095578 0.6141129032258065 0.015691868758915834
0 0.28568548387096776 0.5475035663338088 0.12137096774193548 0.017118402282453638
0 0.4060483870967742 0.5475035663338088 0.10161290322580645 0.017118402282453638
0 0.10141129032258064 0.5483594864479315 0.013306451612903225 0.012553495007132667
0 0.17096774193548386 0.5482168330955778 0.09032258064516129 0.015691868758915834
0 0.4913306451612903 0.5482168330955778 0.046370967741935484 0.015691868758915834
0 0.11471774193548387 0.5935805991440799 0.039919354838709675 0.015691868758915834
0 0.1842741935483871 0.5935805991440799 0.05967741935483871 0.015691868758915834
0 0.276008064516129 0.5935805991440799 0.09717741935483871 0.015691868758915834
0 0.35866935483870965 0.5935805991440799 0.024596774193548387 0.015691868758915834
0 0.8411290322580646 0.7639087018544936 0.03064516129032258 0.0094151212553495
0 0.8887096774193548 0.7639087018544936 0.01532258064516129 0.0094151212553495
0 0.2306451612903226 0.7679029957203994 0.050806451612903224 0.013980028530670471
0 0.43306451612903224 0.7700427960057061 0.05161290322580645 0.015406562054208274
0 0.6435483870967742 0.7686162624821683 0.050806451612903224 0.015406562054208274
0 0.12903225806451613 0.7701854493580599 0.050806451612903224 0.0094151212553495
0 0.3310483870967742 0.7701854493580599 0.0532258064516129 0.0094151212553495
0 0.5377016129032258 0.7701854493580599 0.05524193548387097 0.0094151212553495
0 0.7417338709677419 0.7701854493580599 0.039919354838709675 0.0094151212553495
0 0.85 0.7763195435092725 0.04838709677419355 0.012553495007132667
0 0.12439516129032258 0.8382310984308131 0.046370967741935484 0.010841654778887305
0 0.18649193548387097 0.8373751783166904 0.05524193548387097 0.012553495007132667
0 0.28245967741935485 0.8380884450784594 0.05282258064516129 0.013980028530670471
0 0.11794354838709678 0.8796005706134095 0.03346774193548387 0.012553495007132667
0 0.16088709677419355 0.8803138373751783 0.035483870967741936 0.013980028530670471
0 0.2129032258064516 0.8803138373751783 0.06854838709677419 0.011126961483594865
0 0.5463709677419355 0.8796005706134095 0.03306451612903226 0.012553495007132667
0 0.2433467741935484 0.8991440798858773 0.06895161290322581 0.014550641940085592
0 0.3685483870967742 0.8982881597717546 0.0532258064516129 0.015691868758915834
0 0.11028225806451612 0.8990014265335236 0.013306451612903225 0.010841654778887305
0 0.14899193548387096 0.8982881597717546 0.046370967741935484 0.012268188302425107
0 0.31108870967741936 0.8991440798858773 0.05282258064516129 0.013980028530670471
0 0.41592741935483873 0.8982881597717546 0.028629032258064516 0.012268188302425107
0 0.6850806451612903 0.8980028530670471 0.04516129032258064 0.013409415121255349
0 0.7153225806451613 0.8990014265335236 0.017741935483870968 0.010841654778887305
0 0.11895161290322581 0.9178316690442225 0.035483870967741936 0.010841654778887305
0 0.1566532258064516 0.9169757489300998 0.031048387096774193 0.012553495007132667
0 0.19314516129032258 0.9178316690442225 0.03306451612903226 0.010841654778887305
0 0.2284274193548387 0.9169757489300998 0.0375 0.012553495007132667
0 0.33326612903225805 0.9169757489300998 0.04395161290322581 0.012553495007132667
0 0.7725806451612903 0.9178316690442225 0.035483870967741936 0.014265335235378032
