0 0.13346774193548386 0.09514978601997147 0.050806451612903224 0.015691868758915834
0 0.5110887096774194 0.15378031383737517 0.36008064516129035 0.023395149786019972
0 0.20504032258064517 0.21626248216833097 0.07943548387096774 0.017118402282453638
0 0.12016129032258065 0.21626248216833097 0.03790322580645161 0.014265335235378032
0 0.12903225806451613 0.2396576319543509 0.05967741935483871 0.017118402282453638
0 0.11915322580645162 0.262339514978602 0.039919354838709675 0.015691868758915834
0 0.24717741935483872 0.262339514978602 0.062096774193548386 0.015691868758915834
0 0.32560483870967744 0.262339514978602 0.08185483870967741 0.015691868758915834
0 0.40725806451612906 0.262339514978602 0.05967741935483871 0.015691868758915834
0 0.4669354838709677 0.262339514978602 0.041935483870967745 0.015691868758915834
0 0.5683467741935484 0.262339514978602 0.13911290322580644 0.015691868758915834
0 0.667741935483871 0.262339514978602 0.041935483870967745 0.015691868758915834
0 0.7175403225806452 0.262339514978602 0.039919354838709675 0.015691868758915834
0 0.18528225806451612 0.2631954350927247 0.04395161290322581 0.013980028530670471
0 0.15120967741935484 0.2967189728958631 0.050806451612903224 0.015406562054208274
0 0.3122983870967742 0.2967189728958631 0.2318548387096774 0.015406562054208274
0 0.44133064516129034 0.2967189728958631 0.031048387096774193 0.015406562054208274
0 0.1034274193548387 0.29757489300998574 0.013306451612903225 0.010841654778887305
0 0.2094758064516129 0.31940085592011414 0.06169354838709677 0.017403708987161197
0 0.29012096774193546 0.3185449358059914 0.08185483870967741 0.015691868758915834
0 0.3713709677419355 0.3209700427960057 0.06048387096774194 0.016547788873038517
0 0.4348790322580645 0.3185449358059914 0.039919354838709675 0.015691868758915834
0 0.536491935483871 0.31940085592011414 0.14153225806451614 0.017403708987161197
0 0.6798387096774193 0.31940085592011414 0.10161290322580645 0.017403708987161197
0 0.7737903225806452 0.31940085592011414 0.05967741935483871 0.017403708987161197
0 0.8354838709677419 0.31940085592011414 0.041935483870967745 0.017403708987161197
0 0.1034274193548387 0.320114122681883 0.013306451612903225 0.012553495007132667
0 0.14778225806451614 0.31940085592011414 0.04395161290322581 0.013980028530670471
0 0.8963709677419355 0.31940085592011414 0.062096774193548386 0.013980028530670471
0 0.12681451612903225 0.3419400855920114 0.06411290322580646 0.015691868758915834
0 0.14677419354838708 0.36476462196861625 0.024193548387096774 0.013980028530670471
0 0.2306451612903226 0.36547788873038517 0.09032258064516129 0.015406562054208274
0 0.30786290322580645 0.36476462196861625 0.046370967741935484 0.013980028530670471
0 0.3629032258064516 0.36547788873038517 0.03306451612903226 0.015406562054208274
0 0.4215725806451613 0.36476462196861625 0.031048387096774193 0.013980028530670471
0 0.482258064516129 0.36547788873038517 0.09032258064516129 0.015406562054208274
0 0.22620967741935483 0.38730385164051356 0.0814516129032258 0.015691868758915834
0 0.36088709677419356 0.38730385164051356 0.09032258064516129 0.015691868758915834
0 0.4689516129032258 0.38815977175463623 0.12580645161290321 0.017403708987161197
0 0.14677419354838708 0.38815977175463623 0.024193548387096774 0.013980028530670471
0 0.30120967741935484 0.38815977175463623 0.03306451612903226 0.013980028530670471
0 0.21512096774193548 0.4333808844507846 0.08185483870967741 0.017118402282453638
0 0.1157258064516129 0.43423680456490726 0.03790322580645161 0.015406562054208274
0 0.28245967741935485 0.43423680456490726 0.03508064516129032 0.015406562054208274
0 0.3387096774193548 0.43423680456490726 0.024193548387096774 0.015406562054208274
0 0.15544354838709679 0.43509272467902993 0.015725806451612902 0.010841654778887305
0 0.8411290322580646 0.7482168330955777 0.03064516129032258 0.0094151212553495
0 0.86875 0.7482168330955777 0.015725806451612902 0.0094151212553495
0 0.8887096774193548 0.7482168330955777 0.01532258064516129 0.0094151212553495
0 0.4338709677419355 0.7530670470756062 0.050806451612903224 0.015691868758915834
0 0.2306451612903226 0.7537803138373752 0.050806451612903224 0.014265335235378032
0 0.6445564516129032 0.7537803138373752 0.05282258064516129 0.014265335235378032
0 0.14334677419354838 0.7544935805991441 0.07943548387096774 0.0094151212553495
0 0.3233870967741935 0.7544935805991441 0.041935483870967745 0.0094151212553495
0 0.5508064516129032 0.7544935805991441 0.0814516129032258 0.0094151212553495
0 0.7350806451612903 0.7553495007132668 0.02661290322580645 0.011126961483594865
0 0.8512096774193548 0.7616262482168331 0.050806451612903224 0.013980028530670471
0 0.12560483870967742 0.8225392296718973 0.04395161290322581 0.010841654778887305
0 0.20725806451612902 0.8639087018544935 0.1282258064516129 0.015406562054208274
0 0.11794354838709678 0.8639087018544935 0.03346774193548387 0.012553495007132667
0 0.5473790322580645 0.8647646219686163 0.031048387096774193 0.010841654778887305
0 0.2433467741935484 0.8841654778887303 0.06895161290322581 0.015406562054208274
0 0.31108870967741936 0.8825962910128388 0.05282258064516129 0.015691868758915834
0 0.38064516129032255 0.8818830242510699 0.06854838709677419 0.014265335235378032
0 0.47358870967741934 0.8825962910128388 0.10362903225806451 0.015691868758915834
0 0.5913306451612903 0.8834522111269615 0.10201612903225807 0.015691868758915834
0 0.14899193548387096 0.8904422253922967 0.046370967741935484 0.012553495007132667
0 0.6858870967741936 0.8911554921540656 0.042741935483870966 0.011697574893009986
0 0.7153225806451613 0.8912981455064194 0.017741935483870968 0.010841654778887305
0 0.2435483870967742 0.8998573466476462 0.06451612903225806 0.013124108416547788
0 0.3002016129032258 0.8990014265335236 0.039919354838709675 0.010841654778887305
0 0.11895161290322581 0.9178316690442225 0.035483870967741936 0.010841654778887305
0 0.1566532258064516 0.9169757489300998 0.031048387096774193 0.012553495007132667
0 0.21189516129032257 0.9178316690442225 0.07056451612903226 0.010841654778887305
0 0.3342741935483871 0.9169757489300998 0.041935483870967745 0.012553495007132667
0 0.3784274193548387 0.9169757489300998 0.028629032258064516 0.012553495007132667
0 0.4348790322580645 0.9178316690442225 0.07056451612903226 0.010841654778887305
0 0.5276209677419355 0.9178316690442225 0.03508064516129032 0.010841654778887305
0 0.5784274193548387 0.9169757489300998 0.07056451612903226 0.012553495007132667
0 0.7493951612903226 0.9178316690442225 0.010887096774193548 0.010841654778887305
0 0.7725806451612903 0.9178316690442225 0.035483870967741936 0.014265335235378032
0 0.6314516129032258 0.9194008559201141 0.02661290322580645 0.011126961483594865
0 0.6534274193548387 0.9185449358059914 0.017338709677419354 0.0094151212553495
0 0.51875 0.9382310984308131 0.07943548387096774 0.013980028530670471
0 0.40725806451612906 0.9388017118402282 0.03306451612903226 0.0094151212553495
0 0.4502016129032258 0.9389443651925821 0.04879032258064516 0.012553495007132667
0 0.5961693548387097 0.9396576319543509 0.06169354838709677 0.011126961483594865
