0 0.13346774193548386 0.09514978601997147 0.050806451612903224 0.015691868758915834
0 0.38286290322580646 0.11069900142653352 0.06411290322580646 0.012553495007132667
0 0.4346774193548387 0.11069900142653352 0.017741935483870968 0.012553495007132667
0 0.47358870967741934 0.1115549215406562 0.046370967741935484 0.010841654778887305
0 0.5332661290322581 0.11069900142653352 0.06411290322580646 0.012553495007132667
0 0.5872983870967742 0.1115549215406562 0.031048387096774193 0.010841654778887305
0 0.6391129032258065 0.1115549215406562 0.05967741935483871 0.010841654778887305
0 0.13629032258064516 0.125962910128388 0.04516129032258064 0.011697574893009986
0 0.12439516129032258 0.13666191155492155 0.046370967741935484 0.010841654778887305
0 0.16975806451612904 0.13666191155492155 0.04435483870967742 0.010841654778887305
0 0.1465725806451613 0.1522111269614836 0.05524193548387097 0.020256776034236805
0 0.5108870967741935 0.15378031383737517 0.32903225806451614 0.023395149786019972
0 0.14455645161290323 0.1701854493580599 0.07298387096774193 0.015691868758915834
0 0.20504032258064517 0.21626248216833097 0.07943548387096774 0.017118402282453638
0 0.12016129032258065 0.21626248216833097 0.03790322580645161 0.014265335235378032
0 0.12903225806451613 0.2396576319543509 0.05967741935483871 0.017118402282453638
0 0.11915322580645162 0.262339514978602 0.039919354838709675 0.015691868758915834
0 0.23709677419354838 0.2630527817403709 0.1435483870967742 0.017118402282453638
0 0.3455645161290323 0.262339514978602 0.05967741935483871 0.015691868758915834
0 0.5276209677419355 0.2630527817403709 0.28266129032258064 0.017118402282453638
0 0.7185483870967742 0.262339514978602 0.0814516129032258 0.015691868758915834
0 0.7903225806451613 0.262339514978602 0.03951612903225806 0.015691868758915834
0 0.8389112903225806 0.262339514978602 0.039919354838709675 0.015691868758915834
0 0.15 0.2967189728958631 0.04838709677419355 0.015406562054208274
0 0.2737903225806452 0.2967189728958631 0.17661290322580644 0.015406562054208274
0 0.4127016129032258 0.2967189728958631 0.031048387096774193 0.015406562054208274
0 0.1034274193548387 0.29757489300998574 0.013306451612903225 0.010841654778887305
0 0.3818548387096774 0.29743223965763194 0.03064516129032258 0.013980028530670471
0 0.388508064516129 0.31940085592011414 0.28266129032258064 0.017403708987161197
0 0.7131048387096774 0.31940085592011414 0.07943548387096774 0.017403708987161197
0 0.8566532258064516 0.31940085592011414 0.039919354838709675 0.017403708987161197
0 0.1034274193548387 0.320114122681883 0.013306451612903225 0.012553495007132667
0 0.14556451612903226 0.31940085592011414 0.04435483870967742 0.013980028530670471
0 0.20625 0.31940085592011414 0.059274193548387095 0.013980028530670471
0 0.5584677419354839 0.31940085592011414 0.03951612903225806 0.013980028530670471
0 0.6016129032258064 0.3202567760342368 0.020161290322580645 0.015691868758915834
0 0.6423387096774194 0.3202567760342368 0.03951612903225806 0.015691868758915834
0 0.7959677419354839 0.3202567760342368 0.05967741935483871 0.015691868758915834
0 0.90625 0.31940085592011414 0.0375 0.013980028530670471
0 0.1566532258064516 0.3419400855920114 0.06169354838709677 0.015691868758915834
0 0.2284274193548387 0.3419400855920114 0.06411290322580646 0.015691868758915834
0 0.47681451612903225 0.3646219686162625 0.28266129032258064 0.017118402282453638
0 0.12681451612903225 0.36476462196861625 0.024596774193548387 0.013980028530670471
0 0.17983870967741936 0.36547788873038517 0.050806451612903224 0.015406562054208274
0 0.23608870967741935 0.36476462196861625 0.04395161290322581 0.013980028530670471
0 0.2957661290322581 0.36547788873038517 0.06169354838709677 0.015406562054208274
0 0.6588709677419354 0.36547788873038517 0.05967741935483871 0.015406562054208274
0 0.7175403225806452 0.36476462196861625 0.039919354838709675 0.013980028530670471
0 0.17641129032258066 0.38815977175463623 0.04395161290322581 0.017403708987161197
0 0.2558467741935484 0.38730385164051356 0.039919354838709675 0.015691868758915834
0 0.1280241935483871 0.38815977175463623 0.02217741935483871 0.013980028530670471
0 0.21512096774193548 0.38815977175463623 0.01975806451612903 0.013980028530670471
0 0.21491935483870966 0.4115549215406562 0.050806451612903224 0.013980028530670471
0 0.3629032258064516 0.4115549215406562 0.03306451612903226 0.013980028530670471
0 0.49778225806451615 0.4115549215406562 0.08588709677419355 0.013980028530670471
0 0.6600806451612903 0.4108416547788873 0.08387096774193549 0.012553495007132667
0 0.8189516129032258 0.41069900142653354 0.008870967741935484 0.0094151212553495
0 0.3641129032258065 0.49586305278174037 0.035483870967741936 0.14835948644793154
0 0.21512096774193548 0.4295292439372325 0.1350806451612903 0.015691868758915834
0 0.5254032258064516 0.4295292439372325 0.03064516129032258 0.012268188302425107
0 0.5584677419354839 0.43024251069900143 0.02661290322580645 0.010841654778887305
0 0.6790322580645162 0.43024251069900143 0.041935483870967745 0.010841654778887305
0 0.719758064516129 0.43024251069900143 0.02661290322580645 0.010841654778887305
0 0.848991935483871 0.43024251069900143 0.028629032258064516 0.010841654778887305
0 0.8810483870967742 0.43024251069900143 0.02661290322580645 0.010841654778887305
0 0.20846774193548387 0.4490727532097004 0.08629032258064516 0.014265335235378032
0 0.5264112903225806 0.4490727532097004 0.028629032258064516 0.010841654778887305
0 0.5584677419354839 0.4490727532097004 0.02661290322580645 0.010841654778887305
0 0.6854838709677419 0.44821683309557775 0.02903225806451613 0.012553495007132667
0 0.719758064516129 0.4490727532097004 0.02661290322580645 0.010841654778887305
0 0.848991935483871 0.4490727532097004 0.028629032258064516 0.010841654778887305
0 0.8810483870967742 0.4490727532097004 0.02661290322580645 0.010841654778887305
0 0.20846774193548387 0.46776034236804565 0.08629032258064516 0.013980028530670471
0 0.5254032258064516 0.46704707560627673 0.03064516129032258 0.012553495007132667
0 0.5584677419354839 0.46790299572039945 0.02661290322580645 0.010841654778887305
0 0.6854838709677419 0.46704707560627673 0.02903225806451613 0.012553495007132667
0 0.719758064516129 0.46790299572039945 0.02661290322580645 0.010841654778887305
0 0.8477822580645161 0.46704707560627673 0.031048387096774193 0.012553495007132667
0 0.8798387096774194 0.46704707560627673 0.02903225806451613 0.012553495007132667
0 0.20725806451612902 0.4865905848787446 0.08387096774193549 0.013980028530670471
0 0.5254032258064516 0.48587731811697576 0.03064516129032258 0.012553495007132667
0 0.5574596774193549 0.48587731811697576 0.028629032258064516 0.012553495007132667
0 0.6610887096774194 0.4865905848787446 0.010887096774193548 0.011126961483594865
0 0.6854838709677419 0.48587731811697576 0.02903225806451613 0.012553495007132667
0 0.719758064516129 0.4865905848787446 0.02661290322580645 0.011126961483594865
0 0.8223790322580645 0.4865905848787446 0.010887096774193548 0.011126961483594865
0 0.8477822580645161 0.48587731811697576 0.031048387096774193 0.012553495007132667
0 0.8798387096774194 0.48587731811697576 0.02903225806451613 0.012553495007132667
0 0.20846774193548387 0.5054208273894436 0.0814516129032258 0.013980028530670471
0 0.5254032258064516 0.504564907275321 0.03064516129032258 0.012268188302425107
0 0.5584677419354839 0.5052781740370899 0.02661290322580645 0.010841654778887305
0 0.6866935483870967 0.5052781740370899 0.02661290322580645 0.010841654778887305
0 0.719758064516129 0.5052781740370899 0.02661290322580645 0.010841654778887305
0 0.8477822580645161 0.504564907275321 0.031048387096774193 0.012268188302425107
0 0.8798387096774194 0.504564907275321 0.02903225806451613 0.012268188302425107
0 0.20846774193548387 0.5241084165477888 0.0814516129032258 0.014265335235378032
0 0.5243951612903226 0.5232524964336662 0.028629032258064516 0.012553495007132667
0 0.5584677419354839 0.5241084165477888 0.02661290322580645 0.010841654778887305
0 0.6866935483870967 0.5241084165477888 0.02661290322580645 0.010841654778887305
0 0.719758064516129 0.5241084165477888 0.02661290322580645 0.010841654778887305
0 0.848991935483871 0.5241084165477888 0.028629032258064516 0.010841654778887305
0 0.8798387096774194 0.5232524964336662 0.02903225806451613 0.012553495007132667
0 0.20846774193548387 0.5427960057061341 0.08629032258064516 0.013980028530670471
0 0.6866935483870967 0.5427960057061341 0.02661290322580645 0.011126961483594865
0 0.8798387096774194 0.5420827389443652 0.02903225806451613 0.012553495007132667
0 0.2592741935483871 0.5436519258202568 0.01532258064516129 0.0094151212553495
0 0.5254032258064516 0.5436519258202568 0.02661290322580645 0.0094151212553495
0 0.5584677419354839 0.5436519258202568 0.02661290322580645 0.0094151212553495
0 0.719758064516129 0.5436519258202568 0.02661290322580645 0.0094151212553495
0 0.8477822580645161 0.5436519258202568 0.02620967741935484 0.0094151212553495
0 0.21733870967741936 0.561626248216833 0.11693548387096774 0.013980028530670471
0 0.6866935483870967 0.5614835948644793 0.02661290322580645 0.010841654778887305
0 0.5254032258064516 0.562339514978602 0.02661290322580645 0.00912981455064194
0 0.5584677419354839 0.562339514978602 0.02661290322580645 0.00912981455064194
0 0.719758064516129 0.562339514978602 0.02661290322580645 0.00912981455064194
0 0.8477822580645161 0.562339514978602 0.02620967741935484 0.00912981455064194
0 0.8810483870967742 0.562339514978602 0.02661290322580645 0.00912981455064194
0 0.2161290322580645 0.5803138373751783 0.08387096774193549 0.014265335235378032
0 0.3641129032258065 0.5803138373751783 0.03064516129032258 0.014265335235378032
0 0.8798387096774194 0.5803138373751783 0.02903225806451613 0.014265335235378032
0 0.5243951612903226 0.581169757489301 0.028629032258064516 0.012553495007132667
0 0.5584677419354839 0.5818830242510699 0.02661290322580645 0.011126961483594865
0 0.6866935483870967 0.5818830242510699 0.02661290322580645 0.011126961483594865
0 0.719758064516129 0.5810271041369472 0.02661290322580645 0.0094151212553495
0 0.8465725806451613 0.581169757489301 0.028629032258064516 0.012553495007132667
0 0.5574596774193549 0.5990014265335235 0.028629032258064516 0.013980028530670471
0 0.6788306451612903 0.5998573466476462 0.046370967741935484 0.012268188302425107
0 0.71875 0.5990014265335235 0.028629032258064516 0.013980028530670471
0 0.8477822580645161 0.5990014265335235 0.031048387096774193 0.013980028530670471
0 0.8798387096774194 0.5990014265335235 0.02903225806451613 0.013980028530670471
0 0.25483870967741934 0.6005706134094151 0.020161290322580645 0.010841654778887305
0 0.28568548387096776 0.5998573466476462 0.01975806451612903 0.012268188302425107
0 0.5 0.6005706134094151 0.01129032258064516 0.010841654778887305
0 0.5243951612903226 0.5998573466476462 0.028629032258064516 0.012268188302425107
0 0.8179435483870968 0.5998573466476462 0.01975806451612903 0.012268188302425107
0 0.2006048387096774 0.6225392296718972 0.08830645161290322 0.017118402282453638
0 0.27923387096774194 0.6218259629101284 0.046370967741935484 0.015691868758915834
0 0.32217741935483873 0.6218259629101284 0.035483870967741936 0.015691868758915834
0 0.45141129032258065 0.6225392296718972 0.21411290322580645 0.017118402282453638
0 0.12681451612903225 0.6225392296718972 0.024596774193548387 0.014265335235378032
0 0.12782258064516128 0.6443651925820256 0.02661290322580645 0.013980028530670471
0 0.17983870967741936 0.6452211126961483 0.050806451612903224 0.015691868758915834
0 0.35080645161290325 0.6452211126961483 0.2693548387096774 0.015691868758915834
0 0.28588709677419355 0.6679029957203995 0.20080645161290323 0.017118402282453638
0 0.11471774193548387 0.6686162624821683 0.039919354838709675 0.015691868758915834
0 0.16431451612903225 0.6686162624821683 0.015725806451612902 0.012268188302425107
0 0.4137096774193548 0.6677603423680456 0.03306451612903226 0.013980028530670471
0 0.16310483870967743 0.6912981455064194 0.013306451612903225 0.014265335235378032
0 0.20524193548387096 0.6905848787446505 0.04435483870967742 0.015691868758915834
0 0.2657258064516129 0.6905848787446505 0.05967741935483871 0.015691868758915834
0 0.4469758064516129 0.6912981455064194 0.28024193548387094 0.017118402282453638
0 0.6282258064516129 0.6905848787446505 0.05967741935483871 0.015691868758915834
0 0.6899193548387097 0.6905848787446505 0.041935483870967745 0.015691868758915834
0 0.759475806451613 0.6905848787446505 0.07943548387096774 0.015691868758915834
0 0.8268145161290322 0.6905848787446505 0.03346774193548387 0.015691868758915834
0 0.8808467741935484 0.6905848787446505 0.02217741935483871 0.015691868758915834
