0 0.3497983870967742 0.7639087018544936 0.09475806451612903 0.0094151212553495
0 0.8411290322580646 0.7639087018544936 0.03064516129032258 0.0094151212553495
0 0.8887096774193548 0.7639087018544936 0.01532258064516129 0.0094151212553495
0 0.22983870967741934 0.7701854493580599 0.05161290322580645 0.015121255349500713
0 0.425 0.7686162624821683 0.03306451612903226 0.015406562054208274
0 0.6455645161290322 0.7686162624821683 0.050806451612903224 0.012553495007132667
0 0.12903225806451613 0.7701854493580599 0.050806451612903224 0.0094151212553495
0 0.5377016129032258 0.7701854493580599 0.05524193548387097 0.0094151212553495
0 0.7417338709677419 0.7701854493580599 0.039919354838709675 0.0094151212553495
0 0.31108870967741936 0.7764621968616262 0.013306451612903225 0.0094151212553495
0 0.8512096774193548 0.7771754636233952 0.050806451612903224 0.014265335235378032
0 0.28084677419354837 0.838944365192582 0.05120967741935484 0.015121255349500713
0 0.12439516129032258 0.8382310984308131 0.046370967741935484 0.010841654778887305
0 0.18649193548387097 0.8373751783166904 0.05524193548387097 0.012553495007132667
0 0.11794354838709678 0.8796005706134095 0.03346774193548387 0.012553495007132667
0 0.1963709677419355 0.8803138373751783 0.10161290322580645 0.011126961483594865
0 0.5473790322580645 0.8803138373751783 0.031048387096774193 0.011126961483594865
0 0.2439516129032258 0.8982881597717546 0.06854838709677419 0.015691868758915834
0 0.31108870967741936 0.897432239657632 0.05282258064516129 0.013980028530670471
0 0.369758064516129 0.897432239657632 0.050806451612903224 0.013980028530670471
0 0.11028225806451612 0.8990014265335236 0.013306451612903225 0.010841654778887305
0 0.14899193548387096 0.8982881597717546 0.046370967741935484 0.012268188302425107
0 0.42701612903225805 0.8982881597717546 0.050806451612903224 0.012268188302425107
0 0.4745967741935484 0.8982881597717546 0.02661290322580645 0.012268188302425107
0 0.6850806451612903 0.8980028530670471 0.04516129032258064 0.013409415121255349
0 0.7153225806451613 0.8990014265335236 0.017741935483870968 0.010841654778887305
0 0.33326612903225805 0.916262482168331 0.04395161290322581 0.013980028530670471
0 0.11895161290322581 0.9178316690442225 0.035483870967741936 0.010841654778887305
0 0.1566532258064516 0.9169757489300998 0.031048387096774193 0.012553495007132667
0 0.18971774193548388 0.9169757489300998 0.031048387096774193 0.012553495007132667
0 0.2284274193548387 0.9169757489300998 0.0375 0.012553495007132667
0 0.3784274193548387 0.9169757489300998 0.028629032258064516 0.012553495007132667
0 0.4137096774193548 0.9169757489300998 0.03306451612903226 0.012553495007132667
0 0.4504032258064516 0.9169757489300998 0.035483870967741936 0.012553495007132667
0 0.5483870967741935 0.9186875891583453 0.05967741935483871 0.012553495007132667
0 0.6114919354838709 0.9178316690442225 0.05282258064516129 0.010841654778887305
0 0.7725806451612903 0.9178316690442225 0.035483870967741936 0.014265335235378032
0 0.6578629032258064 0.9194008559201141 0.02620967741935484 0.011126961483594865
0 0.6778225806451613 0.9185449358059914 0.017741935483870968 0.0094151212553495
