0 0.13346774193548386 0.09514978601997147 0.050806451612903224 0.015691868758915834
0 0.4149193548387097 0.1115549215406562 0.03064516129032258 0.010841654778887305
0 0.48346774193548386 0.1115549215406562 0.075 0.010841654778887305
0 0.5506048387096775 0.11069900142653352 0.046370967741935484 0.012553495007132667
0 0.6092741935483871 0.1115549215406562 0.0532258064516129 0.010841654778887305
0 0.5131048387096774 0.1544935805991441 0.2979838709677419 0.021968616262482168
0 0.20504032258064517 0.21626248216833097 0.07943548387096774 0.017118402282453638
0 0.12016129032258065 0.21626248216833097 0.03790322580645161 0.014265335235378032
0 0.12903225806451613 0.2396576319543509 0.05967741935483871 0.017118402282453638
0 0.18528225806451612 0.262339514978602 0.04395161290322581 0.015691868758915834
0 0.32883064516129035 0.262339514978602 0.22056451612903225 0.015691868758915834
0 0.5276209677419355 0.262339514978602 0.1504032258064516 0.015691868758915834
0 0.6356854838709678 0.262339514978602 0.039919354838709675 0.015691868758915834
0 0.7173387096774193 0.262339514978602 0.10161290322580645 0.015691868758915834
0 0.8014112903225806 0.262339514978602 0.039919354838709675 0.015691868758915834
0 0.8433467741935484 0.262339514978602 0.017338709677419354 0.015691868758915834
0 0.8963709677419355 0.262339514978602 0.062096774193548386 0.015691868758915834
0 0.11915322580645162 0.27403708987161196 0.039919354838709675 0.013980028530670471
0 0.18528225806451612 0.28573466476462195 0.039919354838709675 0.015691868758915834
0 0.2558467741935484 0.28573466476462195 0.07943548387096774 0.015691868758915834
0 0.14455645161290323 0.3185449358059914 0.0375 0.015691868758915834
0 0.1034274193548387 0.320114122681883 0.013306451612903225 0.012553495007132667
0 0.12883064516129034 0.34122681883024253 0.028629032258064516 0.014265335235378032
0 0.21411290322580645 0.3419400855920114 0.11935483870967742 0.015691868758915834
0 0.411491935483871 0.3419400855920114 0.2495967741935484 0.015691868758915834
0 0.5872983870967742 0.3419400855920114 0.02217741935483871 0.015691868758915834
0 0.6114919354838709 0.3419400855920114 0.031048387096774193 0.015691868758915834
0 0.555241935483871 0.3427960057061341 0.01532258064516129 0.011126961483594865
0 0.3675403225806452 0.3646219686162625 0.12137096774193548 0.017118402282453638
0 0.12681451612903225 0.36476462196861625 0.024596774193548387 0.013980028530670471
0 0.225 0.36547788873038517 0.13709677419354838 0.015406562054208274
0 0.49233870967741933 0.36547788873038517 0.1282258064516129 0.015406562054208274
0 0.5784274193548387 0.36476462196861625 0.02217741935483871 0.013980028530670471
0 0.6026209677419355 0.36476462196861625 0.031048387096774193 0.013980028530670471
0 0.6346774193548387 0.36476462196861625 0.03790322580645161 0.013980028530670471
0 0.14778225806451614 0.38730385164051356 0.04395161290322581 0.015691868758915834
0 0.36532258064516127 0.38815977175463623 0.37338709677419357 0.017403708987161197
0 0.5850806451612903 0.38730385164051356 0.03951612903225806 0.015691868758915834
0 0.667741935483871 0.38815977175463623 0.09919354838709678 0.017403708987161197
0 0.7495967741935484 0.38730385164051356 0.041935483870967745 0.015691868758915834
0 0.8455645161290323 0.38730385164051356 0.062096774193548386 0.015691868758915834
0 0.9064516129032258 0.38730385164051356 0.041935483870967745 0.015691868758915834
0 0.1034274193548387 0.38887303851640515 0.013306451612903225 0.012553495007132667
0 0.7913306451612904 0.38815977175463623 0.01975806451612903 0.013980028530670471
0 0.1377016129032258 0.41069900142653354 0.01975806451612903 0.015691868758915834
0 0.18629032258064515 0.41069900142653354 0.05967741935483871 0.015691868758915834
0 0.24717741935483872 0.41069900142653354 0.03951612903225806 0.015691868758915834
0 0.35100806451612904 0.41069900142653354 0.14556451612903226 0.015691868758915834
0 0.4679435483870968 0.41069900142653354 0.06653225806451613 0.015691868758915834
0 0.11471774193548387 0.45606276747503566 0.039919354838709675 0.015691868758915834
0 0.1786290322580645 0.45606276747503566 0.04435483870967742 0.015691868758915834
0 0.317741935483871 0.45606276747503566 0.2120967741935484 0.015691868758915834
0 0.5088709677419355 0.45606276747503566 0.15241935483870966 0.015691868758915834
0 0.6159274193548387 0.45606276747503566 0.039919354838709675 0.015691868758915834
0 0.6689516129032258 0.45606276747503566 0.03951612903225806 0.015691868758915834
0 0.7328629032258065 0.45606276747503566 0.06169354838709677 0.015691868758915834
0 0.7935483870967742 0.45606276747503566 0.041935483870967745 0.015691868758915834
0 0.8455645161290323 0.45606276747503566 0.03951612903225806 0.015691868758915834
0 0.8953629032258065 0.45606276747503566 0.0375 0.015691868758915834
0 0.13669354838709677 0.4982881597717546 0.017741935483870968 0.015691868758915834
0 0.3497983870967742 0.7631954350927247 0.09475806451612903 0.010841654778887305
0 0.6356854838709678 0.7639087018544936 0.031048387096774193 0.0094151212553495
0 0.6633064516129032 0.7639087018544936 0.01532258064516129 0.0094151212553495
0 0.682258064516129 0.7639087018544936 0.017741935483870968 0.0094151212553495
0 0.43266129032258066 0.7686162624821683 0.0532258064516129 0.015406562054208274
0 0.2282258064516129 0.7693295292439373 0.050806451612903224 0.013980028530670471
0 0.12681451612903225 0.7701854493580599 0.05524193548387097 0.0094151212553495
0 0.5298387096774193 0.7701854493580599 0.03951612903225806 0.0094151212553495
0 0.6455645161290322 0.7771754636233952 0.050806451612903224 0.014265335235378032
0 0.12338709677419354 0.8382310984308131 0.04435483870967742 0.010841654778887305
0 0.19193548387096773 0.8794579172610556 0.10161290322580645 0.015691868758915834
0 0.2780241935483871 0.8796005706134095 0.06653225806451613 0.012553495007132667
0 0.5463709677419355 0.8787446504992867 0.03306451612903226 0.014265335235378032
0 0.1157258064516129 0.8803138373751783 0.03306451612903226 0.013980028530670471
0 0.34919354838709676 0.8990014265335236 0.05161290322580645 0.015406562054208274
0 0.42258064516129035 0.8982881597717546 0.07741935483870968 0.015691868758915834
0 0.14778225806451614 0.8982881597717546 0.04395161290322581 0.012268188302425107
0 0.23266129032258065 0.8991440798858773 0.050806451612903224 0.013980028530670471
0 0.2923387096774194 0.8982881597717546 0.050806451612903224 0.012268188302425107
0 0.5231854838709677 0.8991440798858773 0.12782258064516128 0.013980028530670471
0 0.686491935483871 0.8998573466476462 0.04395161290322581 0.012553495007132667
0 0.7340725806451613 0.8998573466476462 0.0375 0.00912981455064194
0 0.7792338709677419 0.9007132667617689 0.04395161290322581 0.010841654778887305
0 0.8169354838709677 0.8998573466476462 0.017741935483870968 0.00912981455064194
0 0.33326612903225805 0.916262482168331 0.04395161290322581 0.013980028530670471
0 0.8024193548387096 0.9171184022824537 0.09516129032258064 0.015691868758915834
0 0.11794354838709678 0.9178316690442225 0.03346774193548387 0.010841654778887305
0 0.15443548387096775 0.9178316690442225 0.02661290322580645 0.010841654778887305
0 0.19193548387096773 0.9178316690442225 0.03064516129032258 0.010841654778887305
0 0.22600806451612904 0.9169757489300998 0.0375 0.012553495007132667
0 0.3774193548387097 0.9169757489300998 0.03064516129032258 0.012553495007132667
0 0.4127016129032258 0.9178316690442225 0.031048387096774193 0.010841654778887305
0 0.4491935483870968 0.9169757489300998 0.03790322580645161 0.012553495007132667
0 0.4558467741935484 0.9389443651925821 0.06814516129032258 0.012553495007132667
0 0.5276209677419355 0.9389443651925821 0.04879032258064516 0.012553495007132667
0 0.5971774193548387 0.9389443651925821 0.07741935483870968 0.012553495007132667
0 0.39838709677419354 0.9389443651925821 0.03306451612903226 0.012553495007132667
