0 0.3818548387096774 0.07646219686162625 0.03064516129032258 0.012553495007132667
0 0.41169354838709676 0.07646219686162625 0.03306451612903226 0.012553495007132667
0 0.4657258064516129 0.07717546362339515 0.062096774193548386 0.013980028530670471
0 0.5320564516129033 0.07646219686162625 0.06169354838709677 0.012553495007132667
0 0.6004032258064516 0.07717546362339515 0.062096774193548386 0.013980028530670471
0 0.13346774193548386 0.09514978601997147 0.050806451612903224 0.015691868758915834
0 0.49879032258064515 0.1209700427960057 0.2693548387096774 0.023395149786019972
0 0.11915322580645162 0.1818830242510699 0.039919354838709675 0.013980028530670471
0 0.20504032258064517 0.18273894436519258 0.07943548387096774 0.015691868758915834
0 0.12883064516129034 0.20613409415121256 0.06411290322580646 0.015691868758915834
0 0.11915322580645162 0.22952924393723254 0.039919354838709675 0.015691868758915834
0 0.18528225806451612 0.22952924393723254 0.04395161290322581 0.015691868758915834
0 0.23508064516129032 0.22952924393723254 0.041935483870967745 0.015691868758915834
0 0.3056451612903226 0.22952924393723254 0.0814516129032258 0.015691868758915834
0 0.3774193548387097 0.22952924393723254 0.03951612903225806 0.015691868758915834
0 0.43709677419354837 0.22952924393723254 0.062096774193548386 0.015691868758915834
0 0.4975806451612903 0.22867332382310984 0.041935483870967745 0.013980028530670471
0 0.592741935483871 0.22952924393723254 0.13064516129032258 0.015691868758915834
0 0.6887096774193548 0.22867332382310984 0.03951612903225806 0.013980028530670471
0 0.12560483870967742 0.262339514978602 0.04395161290322581 0.015691868758915834
0 0.17419354838709677 0.262339514978602 0.03951612903225806 0.015691868758915834
0 0.24717741935483872 0.262339514978602 0.08387096774193549 0.015691868758915834
0 0.35766129032258065 0.262339514978602 0.10161290322580645 0.015691868758915834
0 0.4383064516129032 0.262339514978602 0.041935483870967745 0.015691868758915834
0 0.5431451612903225 0.2630527817403709 0.15 0.017118402282453638
0 0.6622983870967742 0.262339514978602 0.06169354838709677 0.015691868758915834
0 0.7219758064516129 0.262339514978602 0.039919354838709675 0.015691868758915834
0 0.8024193548387096 0.262339514978602 0.09919354838709678 0.015691868758915834
0 0.8830645161290323 0.262339514978602 0.03951612903225806 0.015691868758915834
0 0.10685483870967742 0.2850213980028531 0.024193548387096774 0.014265335235378032
0 0.38629032258064516 0.30841654778887306 0.05725806451612903 0.017118402282453638
0 0.45806451612903226 0.30770328102710415 0.05967741935483871 0.015691868758915834
0 0.5391129032258064 0.30713266761768904 0.07983870967741935 0.016833095577746076
0 0.12883064516129034 0.30841654778887306 0.028629032258064516 0.014265335235378032
0 0.1808467741935484 0.3091298145506419 0.04879032258064516 0.015691868758915834
0 0.24818548387096775 0.3091298145506419 0.046370967741935484 0.015691868758915834
0 0.3165322580645161 0.3091298145506419 0.05967741935483871 0.015691868758915834
0 0.5981854838709677 0.30841654778887306 0.02217741935483871 0.014265335235378032
0 0.6401209677419355 0.30841654778887306 0.02217741935483871 0.014265335235378032
0 0.6721774193548387 0.30841654778887306 0.03306451612903226 0.014265335235378032
0 0.12681451612903225 0.3310984308131241 0.024596774193548387 0.015691868758915834
0 0.21068548387096775 0.3310984308131241 0.10846774193548388 0.015691868758915834
0 0.3034274193548387 0.3310984308131241 0.05524193548387097 0.015691868758915834
0 0.36088709677419356 0.3310984308131241 0.050806451612903224 0.015691868758915834
0 0.4568548387096774 0.3310984308131241 0.14596774193548387 0.015691868758915834
0 0.21068548387096775 0.3544935805991441 0.05040322580645161 0.015691868758915834
0 0.25705645161290325 0.3544935805991441 0.024596774193548387 0.015691868758915834
0 0.3002016129032258 0.3544935805991441 0.04879032258064516 0.015691868758915834
0 0.20201612903225807 0.37717546362339516 0.050806451612903224 0.014265335235378032
0 0.26471774193548386 0.37717546362339516 0.039919354838709675 0.014265335235378032
0 0.12681451612903225 0.3998573466476462 0.024596774193548387 0.015691868758915834
0 0.20745967741935484 0.3998573466476462 0.08830645161290322 0.015691868758915834
0 0.5860887096774193 0.40057061340941513 0.6334677419354838 0.017118402282453638
0 0.13991935483870968 0.4225392296718973 0.08629032258064516 0.014265335235378032
0 0.1157258064516129 0.44522111269614834 0.03790322580645161 0.015691868758915834
0 0.23387096774193547 0.44522111269614834 0.10161290322580645 0.015691868758915834
0 0.16431451612903225 0.4467902995720399 0.015725806451612902 0.012553495007132667
0 0.3133064516129032 0.44593437945791725 0.035483870967741936 0.014265335235378032
0 0.16310483870967743 0.46947218259629103 0.013306451612903225 0.013980028530670471
0 0.23508064516129032 0.4686162624821683 0.09919354838709678 0.015691868758915834
0 0.31451612903225806 0.4686162624821683 0.03306451612903226 0.015691868758915834
0 0.36733870967741933 0.4686162624821683 0.024193548387096774 0.015691868758915834
0 0.6191532258064516 0.7810271041369472 0.028629032258064516 0.0094151212553495
0 0.646774193548387 0.7810271041369472 0.017741935483870968 0.0094151212553495
0 0.666733870967742 0.7810271041369472 0.017338709677419354 0.0094151212553495
0 0.425 0.7850213980028531 0.050806451612903224 0.013980028530670471
0 0.15 0.7865905848787447 0.09274193548387097 0.010841654778887305
0 0.22721774193548386 0.785734664764622 0.05282258064516129 0.012553495007132667
0 0.33649193548387096 0.7865905848787447 0.08185483870967741 0.010841654778887305
0 0.5108870967741935 0.7873038516405135 0.024193548387096774 0.0094151212553495
0 0.6213709677419355 0.7944365192582026 0.03306451612903226 0.013980028530670471
0 0.646774193548387 0.7937232524964336 0.017741935483870968 0.012553495007132667
0 0.2770161290322581 0.8546362339514979 0.050806451612903224 0.015691868758915834
0 0.12439516129032258 0.8553495007132668 0.046370967741935484 0.010841654778887305
0 0.18528225806451612 0.8553495007132668 0.05282258064516129 0.010841654778887305
0 0.1588709677419355 0.8960057061340941 0.035483870967741936 0.013980028530670471
0 0.22399193548387097 0.8960057061340941 0.09475806451612903 0.013980028530670471
0 0.5330645161290323 0.8960057061340941 0.03306451612903226 0.013980028530670471
0 0.11693548387096774 0.896718972895863 0.035483870967741936 0.012553495007132667
0 0.14899193548387096 0.9146932952924394 0.046370967741935484 0.014265335235378032
0 0.24818548387096775 0.9146932952924394 0.08588709677419355 0.014265335235378032
0 0.3155241935483871 0.9146932952924394 0.03508064516129032 0.014265335235378032
0 0.3907258064516129 0.9146932952924394 0.10161290322580645 0.014265335235378032
0 0.49213709677419354 0.9146932952924394 0.08830645161290322 0.014265335235378032
0 0.11028225806451612 0.9154065620542082 0.013306451612903225 0.0094151212553495
0 0.6689516129032258 0.916262482168331 0.04435483870967742 0.013980028530670471
0 0.7175403225806452 0.916262482168331 0.03508064516129032 0.011126961483594865
0 0.7616935483870968 0.916262482168331 0.04435483870967742 0.011126961483594865
0 0.7969758064516129 0.9178316690442225 0.02620967741935484 0.010841654778887305
0 0.8233870967741935 0.9171184022824537 0.017741935483870968 0.0094151212553495
0 0.19294354838709676 0.9333808844507846 0.10362903225806451 0.013980028530670471
0 0.40826612903225806 0.9333808844507846 0.1060483870967742 0.013980028530670471
0 0.5594758064516129 0.9333808844507846 0.13024193548387097 0.013980028530670471
0 0.7826612903225807 0.9333808844507846 0.09516129032258064 0.013980028530670471
0 0.11895161290322581 0.9349500713266762 0.035483870967741936 0.010841654778887305
0 0.3278225806451613 0.9349500713266762 0.041935483870967745 0.010841654778887305
0 0.6403225806451613 0.9349500713266762 0.017741935483870968 0.010841654778887305
