0 0.37298387096774194 0.07646219686162625 0.04838709677419355 0.012553495007132667
0 0.4282258064516129 0.07646219686162625 0.04838709677419355 0.012553495007132667
0 0.4879032258064516 0.07646219686162625 0.04838709677419355 0.012553495007132667
0 0.5320564516129033 0.07717546362339515 0.03508064516129032 0.013980028530670471
0 0.5860887096774193 0.07646219686162625 0.046370967741935484 0.012553495007132667
0 0.63125 0.07717546362339515 0.031048387096774193 0.011126961483594865
0 0.13346774193548386 0.09514978601997147 0.050806451612903224 0.015691868758915834
0 0.8377016129032258 0.1115549215406562 0.028629032258064516 0.014265335235378032
0 0.5 0.1209700427960057 0.20967741935483872 0.023395149786019972
0 0.11915322580645162 0.1818830242510699 0.039919354838709675 0.013980028530670471
0 0.20504032258064517 0.18273894436519258 0.07943548387096774 0.015691868758915834
0 0.12883064516129034 0.20613409415121256 0.06411290322580646 0.015691868758915834
0 0.5286290322580646 0.22881597717546362 0.0814516129032258 0.017118402282453638
0 0.11915322580645162 0.22867332382310984 0.039919354838709675 0.013980028530670471
0 0.23709677419354838 0.22952924393723254 0.1435483870967742 0.015691868758915834
0 0.33548387096774196 0.22952924393723254 0.03951612903225806 0.015691868758915834
0 0.40625 0.22952924393723254 0.07943548387096774 0.015691868758915834
0 0.46673387096774194 0.22952924393723254 0.01975806451612903 0.015691868758915834
0 0.5971774193548387 0.22952924393723254 0.041935483870967745 0.015691868758915834
0 0.15 0.262339514978602 0.04838709677419355 0.015691868758915834
0 0.3034274193548387 0.2630527817403709 0.2407258064516129 0.017118402282453638
0 0.4745967741935484 0.262339514978602 0.05725806451612903 0.015691868758915834
0 0.5784274193548387 0.2630527817403709 0.13266129032258064 0.017118402282453638
0 0.6911290322580645 0.262339514978602 0.075 0.015691868758915834
0 0.8048387096774193 0.262339514978602 0.07741935483870968 0.015691868758915834
0 0.8741935483870967 0.262339514978602 0.04838709677419355 0.015691868758915834
0 0.10241935483870968 0.2630527817403709 0.01129032258064516 0.010841654778887305
0 0.7473790322580646 0.2631954350927247 0.01975806451612903 0.013980028530670471
0 0.10241935483870968 0.28659058487874467 0.01532258064516129 0.013980028530670471
0 0.15221774193548387 0.28573466476462195 0.05766129032258065 0.015691868758915834
0 0.2592741935483871 0.28573466476462195 0.1346774193548387 0.015691868758915834
0 0.3564516129032258 0.28573466476462195 0.03790322580645161 0.015691868758915834
0 0.42258064516129035 0.28573466476462195 0.07741935483870968 0.015691868758915834
0 0.48104838709677417 0.28573466476462195 0.017741935483870968 0.015691868758915834
0 0.5497983870967742 0.28573466476462195 0.09717741935483871 0.015691868758915834
0 0.6358870967741935 0.2850213980028531 0.05725806451612903 0.014265335235378032
0 0.6931451612903226 0.28573466476462195 0.03951612903225806 0.015691868758915834
0 0.7703629032258065 0.28573466476462195 0.09717741935483871 0.015691868758915834
0 0.8598790322580645 0.28573466476462195 0.06411290322580646 0.015691868758915834
0 0.12681451612903225 0.30770328102710415 0.024596774193548387 0.015691868758915834
0 0.3074596774193548 0.30998573466476464 0.09959677419354838 0.016833095577746076
0 0.48004032258064516 0.30770328102710415 0.05524193548387097 0.015691868758915834
0 0.5862903225806452 0.30841654778887306 0.1435483870967742 0.017118402282453638
0 0.6931451612903226 0.30841654778887306 0.06612903225806452 0.017118402282453638
0 0.8169354838709677 0.30841654778887306 0.06612903225806452 0.017118402282453638
0 0.8796370967741935 0.30841654778887306 0.046370967741935484 0.017118402282453638
0 0.16431451612903225 0.30841654778887306 0.01975806451612903 0.014265335235378032
0 0.23165322580645162 0.3091298145506419 0.031048387096774193 0.015691868758915834
0 0.40846774193548385 0.3091298145506419 0.06612903225806452 0.015691868758915834
0 0.7560483870967742 0.3091298145506419 0.050806451612903224 0.015691868758915834
0 0.12681451612903225 0.3310984308131241 0.024596774193548387 0.015691868758915834
0 0.19959677419354838 0.331811697574893 0.09032258064516129 0.017118402282453638
0 0.2836693548387097 0.3310984308131241 0.05524193548387097 0.015691868758915834
0 0.3411290322580645 0.3310984308131241 0.050806451612903224 0.015691868758915834
0 0.4272177419354839 0.331811697574893 0.12137096774193548 0.017118402282453638
0 0.12681451612903225 0.3537803138373752 0.024596774193548387 0.014265335235378032
0 0.2006048387096774 0.3544935805991441 0.08830645161290322 0.015691868758915834
0 0.2669354838709677 0.3544935805991441 0.02661290322580645 0.015691868758915834
0 0.31108870967741936 0.3537803138373752 0.05282258064516129 0.014265335235378032
0 0.39838709677419354 0.3544935805991441 0.08629032258064516 0.015691868758915834
0 0.4713709677419355 0.3537803138373752 0.050806451612903224 0.014265335235378032
0 0.3487903225806452 0.35534950071326676 0.017741935483870968 0.011126961483594865
0 0.12883064516129034 0.37646219686162624 0.028629032258064516 0.015691868758915834
0 0.4879032258064516 0.37717546362339516 0.4637096774193548 0.017118402282453638
0 0.19959677419354838 0.37717546362339516 0.09032258064516129 0.014265335235378032
0 0.22600806451612904 0.4225392296718973 0.13911290322580644 0.017118402282453638
0 0.1157258064516129 0.4232524964336662 0.03790322580645161 0.015691868758915834
0 0.3233870967741935 0.4232524964336662 0.03306451612903226 0.015691868758915834
0 0.3774193548387097 0.4232524964336662 0.021774193548387097 0.015691868758915834
0 0.8201612903225807 0.7810271041369472 0.02903225806451613 0.0094151212553495
0 0.8467741935483871 0.7810271041369472 0.01532258064516129 0.0094151212553495
0 0.867741935483871 0.7810271041369472 0.017741935483870968 0.0094151212553495
0 0.22620967741935483 0.7850213980028531 0.050806451612903224 0.013980028530670471
0 0.425 0.7850213980028531 0.050806451612903224 0.013980028530670471
0 0.13004032258064516 0.7865905848787447 0.05282258064516129 0.010841654778887305
0 0.3409274193548387 0.7865905848787447 0.08588709677419355 0.010841654778887305
0 0.538508064516129 0.7865905848787447 0.07943548387096774 0.010841654778887305
0 0.629233870967742 0.785734664764622 0.04879032258064516 0.012553495007132667
0 0.7165322580645161 0.7873038516405135 0.024193548387096774 0.0094151212553495
0 0.8310483870967742 0.7944365192582026 0.050806451612903224 0.013980028530670471
0 0.12439516129032258 0.8553495007132668 0.046370967741935484 0.010841654778887305
0 0.18528225806451612 0.8553495007132668 0.05282258064516129 0.010841654778887305
0 0.2780241935483871 0.8553495007132668 0.04879032258064516 0.014265335235378032
0 0.20625 0.8960057061340941 0.13024193548387097 0.013980028530670471
0 0.5330645161290323 0.8960057061340941 0.03306451612903226 0.013980028530670471
0 0.11794354838709678 0.896718972895863 0.03346774193548387 0.012553495007132667
0 0.14899193548387096 0.9146932952924394 0.046370967741935484 0.014265335235378032
0 0.24818548387096775 0.9146932952924394 0.08588709677419355 0.014265335235378032
0 0.3155241935483871 0.9146932952924394 0.03508064516129032 0.014265335235378032
0 0.36532258064516127 0.9146932952924394 0.050806451612903224 0.014265335235378032
0 0.4403225806451613 0.9154065620542082 0.08629032258064516 0.015691868758915834
0 0.11028225806451612 0.9154065620542082 0.013306451612903225 0.0094151212553495
0 0.6701612903225806 0.916262482168331 0.041935483870967745 0.011126961483594865
0 0.7175403225806452 0.916262482168331 0.03508064516129032 0.011126961483594865
0 0.7693548387096775 0.916262482168331 0.05967741935483871 0.011126961483594865
0 0.8169354838709677 0.9171184022824537 0.017741935483870968 0.0094151212553495
0 0.19294354838709676 0.9333808844507846 0.10362903225806451 0.013980028530670471
0 0.3917338709677419 0.9333808844507846 0.07298387096774193 0.013980028530670471
0 0.5606854838709677 0.9333808844507846 0.12782258064516128 0.013980028530670471
0 0.7814516129032258 0.9333808844507846 0.09274193548387097 0.013980028530670471
0 0.11895161290322581 0.9349500713266762 0.035483870967741936 0.010841654778887305
0 0.32661290322580644 0.9342368045649073 0.04435483870967742 0.012268188302425107
0 0.6403225806451613 0.9349500713266762 0.017741935483870968 0.010841654778887305
