0 0.13346774193548386 0.09514978601997147 0.050806451612903224 0.015691868758915834
0 0.43366935483870966 0.10998573466476462 0.046370967741935484 0.013980028530670471
0 0.4965725806451613 0.11069900142653352 0.06169354838709677 0.012553495007132667
0 0.37963709677419355 0.1115549215406562 0.05282258064516129 0.010841654778887305
0 0.5574596774193549 0.1115549215406562 0.046370967741935484 0.010841654778887305
0 0.6258064516129033 0.1115549215406562 0.07741935483870968 0.010841654778887305
0 0.5108870967741935 0.1544935805991441 0.32903225806451614 0.021968616262482168
0 0.20504032258064517 0.21626248216833097 0.07943548387096774 0.017118402282453638
0 0.12016129032258065 0.21626248216833097 0.03790322580645161 0.014265335235378032
0 0.12903225806451613 0.23894436519258203 0.05967741935483871 0.015691868758915834
0 0.11915322580645162 0.262339514978602 0.039919354838709675 0.015691868758915834
0 0.20403225806451614 0.262339514978602 0.0814516129032258 0.015691868758915834
0 0.30685483870967745 0.262339514978602 0.10161290322580645 0.015691868758915834
0 0.38064516129032255 0.262339514978602 0.03306451612903226 0.015691868758915834
0 0.4469758064516129 0.262339514978602 0.08185483870967741 0.015691868758915834
0 0.5175403225806452 0.262339514978602 0.0375 0.015691868758915834
0 0.5673387096774194 0.262339514978602 0.03951612903225806 0.015691868758915834
0 0.15120967741935484 0.2967189728958631 0.050806451612903224 0.015406562054208274
0 0.20524193548387096 0.2967189728958631 0.04435483870967742 0.015406562054208274
0 0.3409274193548387 0.2967189728958631 0.21008064516129032 0.015406562054208274
0 0.4967741935483871 0.2967189728958631 0.08387096774193549 0.015406562054208274
0 0.10241935483870968 0.29757489300998574 0.01129032258064516 0.010841654778887305
0 0.16370967741935483 0.3208273894436519 0.08225806451612903 0.016833095577746076
0 0.2669354838709677 0.31940085592011414 0.10161290322580645 0.017403708987161197
0 0.4161290322580645 0.31940085592011414 0.09919354838709678 0.017403708987161197
0 0.5076612903225807 0.31940085592011414 0.062096774193548386 0.017403708987161197
0 0.5685483870967742 0.31940085592011414 0.041935483870967745 0.017403708987161197
0 0.6491935483870968 0.31940085592011414 0.10161290322580645 0.017403708987161197
0 0.7417338709677419 0.3185449358059914 0.06653225806451613 0.015691868758915834
0 0.10241935483870968 0.320114122681883 0.01129032258064516 0.012553495007132667
0 0.3411290322580645 0.31940085592011414 0.03306451612903226 0.013980028530670471
0 0.12681451612903225 0.3419400855920114 0.024596774193548387 0.015691868758915834
0 0.35201612903225804 0.3419400855920114 0.07258064516129033 0.015691868758915834
0 0.5032258064516129 0.3419400855920114 0.0532258064516129 0.015691868758915834
0 0.1808467741935484 0.3427960057061341 0.04879032258064516 0.013980028530670471
0 0.2372983870967742 0.3427960057061341 0.046370967741935484 0.013980028530670471
0 0.28911290322580646 0.3427960057061341 0.02661290322580645 0.013980028530670471
0 0.42379032258064514 0.3427960057061341 0.0532258064516129 0.013980028530670471
0 0.12681451612903225 0.36476462196861625 0.024596774193548387 0.013980028530670471
0 0.17983870967741936 0.36547788873038517 0.050806451612903224 0.015406562054208274
0 0.28568548387096776 0.36547788873038517 0.13911290322580644 0.015406562054208274
0 0.38064516129032255 0.36547788873038517 0.03306451612903226 0.015406562054208274
0 0.44576612903225804 0.36547788873038517 0.07943548387096774 0.015406562054208274
0 0.12681451612903225 0.38730385164051356 0.024596774193548387 0.015691868758915834
0 0.2006048387096774 0.38815977175463623 0.08830645161290322 0.017403708987161197
0 0.28588709677419355 0.38730385164051356 0.05967741935483871 0.015691868758915834
0 0.3465725806451613 0.38730385164051356 0.039919354838709675 0.015691868758915834
0 0.20625 0.4333808844507846 0.09959677419354838 0.017118402282453638
0 0.4879032258064516 0.4333808844507846 0.08387096774193549 0.017118402282453638
0 0.1157258064516129 0.43423680456490726 0.03790322580645161 0.015406562054208274
0 0.28024193548387094 0.43352353780313835 0.035483870967741936 0.013980028530670471
0 0.3465725806451613 0.43423680456490726 0.07943548387096774 0.015406562054208274
0 0.4171370967741935 0.43423680456490726 0.039919354838709675 0.015406562054208274
0 0.555241935483871 0.43423680456490726 0.03306451612903226 0.015406562054208274
0 0.6092741935483871 0.43423680456490726 0.021774193548387097 0.015406562054208274
0 0.6346774193548387 0.8186875891583452 0.02903225806451613 0.0094151212553495
0 0.6633064516129032 0.8186875891583452 0.01532258064516129 0.0094151212553495
0 0.6810483870967742 0.8186875891583452 0.01532258064516129 0.0094151212553495
0 0.2306451612903226 0.8225392296718973 0.050806451612903224 0.014265335235378032
0 0.4338709677419355 0.8225392296718973 0.050806451612903224 0.014265335235378032
0 0.13004032258064516 0.8241084165477889 0.05282258064516129 0.011126961483594865
0 0.3431451612903226 0.8241084165477889 0.0814516129032258 0.011126961483594865
0 0.5298387096774193 0.8241084165477889 0.03951612903225806 0.011126961483594865
0 0.6445564516129032 0.8303851640513552 0.05282258064516129 0.013980028530670471
0 0.12237903225806451 0.8576319543509272 0.046370967741935484 0.012553495007132667
0 0.1774193548387097 0.8787446504992867 0.06854838709677419 0.014265335235378032
0 0.11794354838709678 0.8796005706134095 0.03346774193548387 0.012553495007132667
0 0.24717741935483872 0.8803138373751783 0.06612903225806452 0.011126961483594865
0 0.5463709677419355 0.8796005706134095 0.03306451612903226 0.012553495007132667
0 0.2439516129032258 0.897432239657632 0.06854838709677419 0.013980028530670471
0 0.31028225806451615 0.8998573466476462 0.053629032258064514 0.015406562054208274
0 0.3685483870967742 0.8982881597717546 0.0532258064516129 0.015691868758915834
0 0.11028225806451612 0.8990014265335236 0.013306451612903225 0.010841654778887305
0 0.14899193548387096 0.8982881597717546 0.046370967741935484 0.012268188302425107
0 0.4282258064516129 0.8991440798858773 0.0532258064516129 0.013980028530670471
0 0.4745967741935484 0.8982881597717546 0.03064516129032258 0.012268188302425107
0 0.6854838709677419 0.8998573466476462 0.041935483870967745 0.012553495007132667
0 0.7792338709677419 0.8998573466476462 0.04395161290322581 0.012553495007132667
0 0.7340725806451613 0.8998573466476462 0.0375 0.00912981455064194
0 0.8145161290322581 0.8998573466476462 0.017741935483870968 0.00912981455064194
0 0.8014112903225806 0.9171184022824537 0.09314516129032258 0.015691868758915834
0 0.11895161290322581 0.9178316690442225 0.035483870967741936 0.010841654778887305
0 0.15766129032258064 0.9178316690442225 0.02903225806451613 0.010841654778887305
0 0.19294354838709676 0.9169757489300998 0.0375 0.012553495007132667
0 0.2284274193548387 0.9169757489300998 0.0375 0.012553495007132667
0 0.33326612903225805 0.9169757489300998 0.04395161290322581 0.012553495007132667
0 0.38064516129032255 0.9169757489300998 0.03306451612903226 0.012553495007132667
0 0.4338709677419355 0.9178316690442225 0.06854838709677419 0.010841654778887305
