0 0.13346774193548386 0.09514978601997147 0.050806451612903224 0.015691868758915834
0 0.38729838709677417 0.1115549215406562 0.046370967741935484 0.010841654778887305
0 0.4314516129032258 0.11069900142653352 0.03306451612903226 0.012553495007132667
0 0.47016129032258064 0.1108416547788873 0.03064516129032258 0.0094151212553495
0 0.5076612903225807 0.1115549215406562 0.03064516129032258 0.010841654778887305
0 0.5594758064516129 0.11069900142653352 0.06411290322580646 0.012553495007132667
0 0.6282258064516129 0.1115549215406562 0.05967741935483871 0.010841654778887305
0 0.43588709677419357 0.15378031383737517 0.17903225806451614 0.023395149786019972
0 0.6014112903225807 0.1544935805991441 0.14798387096774193 0.021968616262482168
0 0.1963709677419355 0.21554921540656205 0.062096774193548386 0.015691868758915834
0 0.2558467741935484 0.21554921540656205 0.039919354838709675 0.015691868758915834
0 0.11915322580645162 0.21626248216833097 0.039919354838709675 0.014265335235378032
0 0.12903225806451613 0.2396576319543509 0.05967741935483871 0.017118402282453638
0 0.11915322580645162 0.262339514978602 0.039919354838709675 0.015691868758915834
0 0.21411290322580645 0.2630527817403709 0.10161290322580645 0.017118402282453638
0 0.37620967741935485 0.2630527817403709 0.20080645161290323 0.017118402282453638
0 0.5177419354838709 0.2630527817403709 0.05967741935483871 0.017118402282453638
0 0.5784274193548387 0.262339514978602 0.039919354838709675 0.015691868758915834
0 0.6282258064516129 0.262339514978602 0.041935483870967745 0.015691868758915834
0 0.6778225806451613 0.262339514978602 0.03951612903225806 0.015691868758915834
0 0.7296370967741935 0.262339514978602 0.04233870967741935 0.015691868758915834
0 0.7792338709677419 0.262339514978602 0.039919354838709675 0.015691868758915834
0 0.15120967741935484 0.2967189728958631 0.050806451612903224 0.015406562054208274
0 0.20524193548387096 0.2967189728958631 0.04435483870967742 0.015406562054208274
0 0.3056451612903226 0.2967189728958631 0.13951612903225807 0.015406562054208274
0 0.4459677419354839 0.2967189728958631 0.11935483870967742 0.015406562054208274
0 0.10241935483870968 0.29757489300998574 0.01129032258064516 0.010841654778887305
0 0.17379032258064517 0.3202567760342368 0.10161290322580645 0.016833095577746076
0 0.35625 0.31940085592011414 0.2407258064516129 0.017403708987161197
0 0.5604838709677419 0.320114122681883 0.17258064516129032 0.017118402282453638
0 0.6866935483870967 0.31940085592011414 0.05725806451612903 0.017403708987161197
0 0.7471774193548387 0.3185449358059914 0.041935483870967745 0.015691868758915834
0 0.7969758064516129 0.31940085592011414 0.039919354838709675 0.017403708987161197
0 0.1034274193548387 0.320114122681883 0.013306451612903225 0.012553495007132667
0 0.8477822580645161 0.31940085592011414 0.039919354838709675 0.013980028530670471
0 0.8985887096774193 0.3202567760342368 0.039919354838709675 0.015691868758915834
0 0.1443548387096774 0.3419400855920114 0.05967741935483871 0.015691868758915834
0 0.21733870967741936 0.3419400855920114 0.05967741935483871 0.015691868758915834
0 0.2780241935483871 0.3419400855920114 0.039919354838709675 0.015691868758915834
0 0.35866935483870965 0.3419400855920114 0.09959677419354838 0.015691868758915834
0 0.4504032258064516 0.3419400855920114 0.05725806451612903 0.015691868758915834
0 0.5221774193548387 0.3419400855920114 0.05967741935483871 0.015691868758915834
0 0.5915322580645161 0.3419400855920114 0.05725806451612903 0.015691868758915834
0 0.6445564516129032 0.3419400855920114 0.02217741935483871 0.015691868758915834
0 0.6953629032258064 0.3419400855920114 0.05766129032258065 0.015691868758915834
0 0.7893145161290323 0.3419400855920114 0.10362903225806451 0.015691868758915834
0 0.8887096774193548 0.3419400855920114 0.05967741935483871 0.015691868758915834
0 0.15423387096774194 0.36547788873038517 0.07943548387096774 0.015406562054208274
0 0.23508064516129032 0.36547788873038517 0.05967741935483871 0.015406562054208274
0 0.3233870967741935 0.36547788873038517 0.09919354838709678 0.015406562054208274
0 0.42379032258064514 0.36547788873038517 0.07983870967741935 0.015406562054208274
0 0.5032258064516129 0.36547788873038517 0.05725806451612903 0.015406562054208274
0 0.5860887096774193 0.36547788873038517 0.08588709677419355 0.015406562054208274
0 0.17419354838709677 0.38815977175463623 0.03951612903225806 0.017403708987161197
0 0.25040322580645163 0.38815977175463623 0.11290322580645161 0.017403708987161197
0 0.4161290322580645 0.38815977175463623 0.20080645161290323 0.017403708987161197
0 0.6137096774193549 0.38815977175463623 0.17258064516129032 0.017403708987161197
0 0.12681451612903225 0.38815977175463623 0.024596774193548387 0.013980028530670471
0 0.7296370967741935 0.3890156918687589 0.04233870967741935 0.015691868758915834
0 0.12681451612903225 0.4099857346647646 0.024596774193548387 0.014265335235378032
0 0.1752016129032258 0.41069900142653354 0.0375 0.015691868758915834
0 0.2306451612903226 0.41069900142653354 0.050806451612903224 0.015691868758915834
0 0.2903225806451613 0.41069900142653354 0.050806451612903224 0.015691868758915834
0 0.3342741935483871 0.4115549215406562 0.01532258064516129 0.013980028530670471
0 0.4183467741935484 0.41069900142653354 0.046370967741935484 0.015691868758915834
0 0.501008064516129 0.41069900142653354 0.031048387096774193 0.015691868758915834
0 0.5508064516129032 0.41069900142653354 0.06854838709677419 0.015691868758915834
0 0.6193548387096774 0.41069900142653354 0.041935483870967745 0.015691868758915834
0 0.6600806451612903 0.41069900142653354 0.021774193548387097 0.015691868758915834
0 0.6943548387096774 0.41069900142653354 0.03306451612903226 0.015691868758915834
0 0.7407258064516129 0.41069900142653354 0.041935483870967745 0.015691868758915834
0 0.7947580645161291 0.41069900142653354 0.0532258064516129 0.015691868758915834
0 0.37641129032258064 0.4122681883024251 0.0375 0.012553495007132667
0 0.4647177419354839 0.4115549215406562 0.01975806451612903 0.013980028530670471
0 0.2846774193548387 0.4333808844507846 0.03951612903225806 0.017118402282453638
0 0.5241935483870968 0.4333808844507846 0.05967741935483871 0.017118402282453638
0 0.12883064516129034 0.43352353780313835 0.028629032258064516 0.013980028530670471
0 0.17419354838709677 0.43423680456490726 0.03951612903225806 0.015406562054208274
0 0.2306451612903226 0.43423680456490726 0.050806451612903224 0.015406562054208274
0 0.3554435483870968 0.43423680456490726 0.07943548387096774 0.015406562054208274
0 0.41935483870967744 0.43352353780313835 0.03064516129032258 0.013980028530670471
0 0.4657258064516129 0.43423680456490726 0.03951612903225806 0.015406562054208274
0 0.5862903225806452 0.43352353780313835 0.041935483870967745 0.013980028530670471
0 0.6247983870967742 0.43423680456490726 0.02217741935483871 0.015406562054208274
0 0.6633064516129032 0.43423680456490726 0.041935483870967745 0.015406562054208274
0 0.7473790322580646 0.43423680456490726 0.08588709677419355 0.015406562054208274
0 0.8233870967741935 0.43423680456490726 0.04435483870967742 0.015406562054208274
0 0.8818548387096774 0.43423680456490726 0.05967741935483871 0.015406562054208274
0 0.3199596774193548 0.45606276747503566 0.11491935483870967 0.015691868758915834
0 0.425 0.45606276747503566 0.07741935483870968 0.015691868758915834
0 0.501008064516129 0.45606276747503566 0.05766129032258065 0.015691868758915834
0 0.5673387096774194 0.45606276747503566 0.05725806451612903 0.015691868758915834
0 0.645766129032258 0.45606276747503566 0.08185483870967741 0.015691868758915834
0 0.8068548387096774 0.4569186875891583 0.20967741935483872 0.017403708987161197
0 0.27923387096774194 0.47945791726105563 0.0375 0.015691868758915834
0 0.3465725806451613 0.47945791726105563 0.07943548387096774 0.015691868758915834
0 0.41935483870967744 0.47945791726105563 0.03951612903225806 0.015691868758915834
0 0.4889112903225806 0.47945791726105563 0.08185483870967741 0.015691868758915834
0 0.5695564516129032 0.47945791726105563 0.06169354838709677 0.015691868758915834
0 0.629233870967742 0.47945791726105563 0.039919354838709675 0.015691868758915834
0 0.6810483870967742 0.4787446504992867 0.041935483870967745 0.014265335235378032
0 0.12782258064516128 0.5014265335235378 0.02661290322580645 0.015691868758915834
0 0.16754032258064516 0.5021398002853067 0.039919354838709675 0.017118402282453638
0 0.34415322580645163 0.5021398002853067 0.1060483870967742 0.017118402282453638
0 0.5747983870967742 0.5037089871611983 0.15685483870967742 0.016833095577746076
0 0.7461693548387097 0.5021398002853067 0.1721774193548387 0.017118402282453638
0 0.21391129032258063 0.5022824536376604 0.039919354838709675 0.013980028530670471
0 0.26471774193548386 0.5029957203994294 0.04879032258064516 0.015406562054208274
0 0.42379032258064514 0.5029957203994294 0.03951612903225806 0.015406562054208274
0 0.4689516129032258 0.5029957203994294 0.041935483870967745 0.015406562054208274
0 0.12782258064516128 0.5241084165477888 0.02661290322580645 0.014265335235378032
0 0.17419354838709677 0.5248216833095578 0.03951612903225806 0.015691868758915834
0 0.2306451612903226 0.5248216833095578 0.050806451612903224 0.015691868758915834
0 0.2903225806451613 0.5255349500713267 0.050806451612903224 0.017118402282453638
0 0.3377016129032258 0.5248216833095578 0.02620967741935484 0.015691868758915834
0 0.37399193548387094 0.5248216833095578 0.028629032258064516 0.015691868758915834
0 0.41391129032258067 0.5248216833095578 0.0375 0.015691868758915834
0 0.4647177419354839 0.5248216833095578 0.05524193548387097 0.015691868758915834
0 0.12883064516129034 0.5475035663338088 0.028629032258064516 0.014265335235378032
0 0.17419354838709677 0.5482168330955778 0.03951612903225806 0.015691868758915834
0 0.225 0.5482168330955778 0.03951612903225806 0.015691868758915834
0 0.20625 0.5708987161198288 0.08185483870967741 0.017118402282453638
0 0.27580645161290324 0.5708987161198288 0.03951612903225806 0.017118402282453638
0 0.33669354838709675 0.5701854493580599 0.05967741935483871 0.015691868758915834
0 0.4425403225806452 0.5701854493580599 0.13024193548387097 0.015691868758915834
0 0.5419354838709678 0.5701854493580599 0.050806451612903224 0.015691868758915834
0 0.14677419354838708 0.5710413694721826 0.024193548387096774 0.013980028530670471
0 0.14556451612903226 0.5935805991440799 0.021774193548387097 0.015691868758915834
0 0.20504032258064517 0.5935805991440799 0.07943548387096774 0.015691868758915834
0 0.27580645161290324 0.5935805991440799 0.03951612903225806 0.015691868758915834
0 0.33548387096774196 0.5935805991440799 0.062096774193548386 0.015691868758915834
0 0.3929435483870968 0.5935805991440799 0.031048387096774193 0.015691868758915834
0 0.4272177419354839 0.5935805991440799 0.01975806451612903 0.015691868758915834
0 0.4689516129032258 0.5935805991440799 0.041935483870967745 0.015691868758915834
0 0.5375 0.5935805991440799 0.0814516129032258 0.015691868758915834
0 0.18528225806451612 0.6162624821683309 0.039919354838709675 0.017118402282453638
0 0.3310483870967742 0.6162624821683309 0.09274193548387097 0.017118402282453638
0 0.5022177419354839 0.615549215406562 0.028629032258064516 0.015691868758915834
0 0.14455645161290323 0.6162624821683309 0.01975806451612903 0.014265335235378032
0 0.24596774193548387 0.6162624821683309 0.05967741935483871 0.014265335235378032
0 0.40060483870967745 0.6162624821683309 0.03346774193548387 0.014265335235378032
0 0.45241935483870965 0.6162624821683309 0.0532258064516129 0.014265335235378032
0 0.20504032258064517 0.638944365192582 0.07943548387096774 0.015691868758915834
0 0.2770161290322581 0.638944365192582 0.041935483870967745 0.015691868758915834
0 0.33669354838709675 0.638944365192582 0.05967741935483871 0.015691868758915834
0 0.3917338709677419 0.638944365192582 0.028629032258064516 0.015691868758915834
0 0.14455645161290323 0.638944365192582 0.01975806451612903 0.012268188302425107
0 0.1157258064516129 0.6843081312410841 0.03790322580645161 0.015691868758915834
0 0.20524193548387096 0.6850213980028531 0.10161290322580645 0.017118402282453638
0 0.36532258064516127 0.6850213980028531 0.20080645161290323 0.017118402282453638
0 0.49778225806451615 0.6843081312410841 0.0375 0.015691868758915834
0 0.5473790322580645 0.6843081312410841 0.039919354838709675 0.015691868758915834
0 0.5981854838709677 0.6843081312410841 0.039919354838709675 0.015691868758915834
0 0.6479838709677419 0.6843081312410841 0.041935483870967745 0.015691868758915834
0 0.7516129032258064 0.6843081312410841 0.024193548387096774 0.015691868758915834
0 0.6953629032258064 0.6850213980028531 0.03508064516129032 0.014265335235378032
