0 0.4038306451612903 0.7412268188302426 0.1810483870967742 0.023395149786019972
0 0.6147177419354839 0.7412268188302426 0.2407258064516129 0.023395149786019972
0 0.12237903225806451 0.7748930099857346 0.046370967741935484 0.012553495007132667
0 0.21169354838709678 0.7756062767475036 0.075 0.011126961483594865
0 0.8433467741935484 0.8186875891583452 0.031048387096774193 0.0094151212553495
0 0.8709677419354839 0.8186875891583452 0.01532258064516129 0.0094151212553495
0 0.8897177419354839 0.8186875891583452 0.017338709677419354 0.0094151212553495
0 0.2282258064516129 0.8225392296718973 0.050806451612903224 0.014265335235378032
0 0.4338709677419355 0.8225392296718973 0.050806451612903224 0.014265335235378032
0 0.646774193548387 0.8225392296718973 0.0532258064516129 0.014265335235378032
0 0.12681451612903225 0.8241084165477889 0.05524193548387097 0.011126961483594865
0 0.3497983870967742 0.8241084165477889 0.09475806451612903 0.011126961483594865
0 0.5377016129032258 0.8241084165477889 0.05524193548387097 0.011126961483594865
0 0.742741935483871 0.8241084165477889 0.041935483870967745 0.011126961483594865
0 0.8443548387096774 0.831811697574893 0.03306451612903226 0.013980028530670471
0 0.869758064516129 0.8310984308131241 0.017741935483870968 0.012553495007132667
0 0.12116935483870968 0.8584878744650499 0.04395161290322581 0.010841654778887305
0 0.5463709677419355 0.8787446504992867 0.03306451612903226 0.014265335235378032
0 0.1157258064516129 0.8796005706134095 0.03306451612903226 0.012553495007132667
0 0.1719758064516129 0.8803138373751783 0.05766129032258065 0.011126961483594865
0 0.22278225806451613 0.8803138373751783 0.04395161290322581 0.011126961483594865
0 0.24153225806451614 0.8982881597717546 0.06854838709677419 0.015691868758915834
0 0.3094758064516129 0.8975748930099857 0.053629032258064514 0.015406562054208274
0 0.1465725806451613 0.8982881597717546 0.046370967741935484 0.012268188302425107
0 0.37620967741935485 0.8991440798858773 0.06854838709677419 0.013980028530670471
0 0.43266129032258066 0.8990014265335236 0.02661290322580645 0.010841654778887305
0 0.6721774193548387 0.8982881597717546 0.020161290322580645 0.012268188302425107
0 0.6953629032258064 0.9007132667617689 0.02620967741935484 0.010841654778887305
0 0.7461693548387097 0.8998573466476462 0.031048387096774193 0.00912981455064194
0 0.7881048387096774 0.8998573466476462 0.04395161290322581 0.00912981455064194
0 0.8302419354838709 0.9007132667617689 0.02661290322580645 0.010841654778887305
0 0.85 0.8998573466476462 0.017741935483870968 0.00912981455064194
0 0.7737903225806452 0.916262482168331 0.03306451612903226 0.013980028530670471
0 0.11673387096774193 0.9178316690442225 0.031048387096774193 0.010841654778887305
0 0.15544354838709679 0.9178316690442225 0.028629032258064516 0.010841654778887305
0 0.19193548387096773 0.9178316690442225 0.035483870967741936 0.010841654778887305
0 0.22600806451612904 0.9169757489300998 0.0375 0.012553495007132667
0 0.33326612903225805 0.9169757489300998 0.04395161290322581 0.012553495007132667
0 0.3784274193548387 0.9178316690442225 0.028629032258064516 0.010841654778887305
0 0.4104838709677419 0.9169757489300998 0.03064516129032258 0.012553495007132667
0 0.4491935483870968 0.9169757489300998 0.03790322580645161 0.012553495007132667
0 0.540725806451613 0.9186875891583453 0.04435483870967742 0.012553495007132667
0 0.5915322580645161 0.9178316690442225 0.04435483870967742 0.010841654778887305
0 0.6314516129032258 0.9194008559201141 0.02661290322580645 0.011126961483594865
0 0.6534274193548387 0.9185449358059914 0.017338709677419354 0.0094151212553495
0 0.44475806451612904 0.9389443651925821 0.06370967741935483 0.012553495007132667
0 0.5032258064516129 0.9382310984308131 0.03064516129032258 0.013980028530670471
0 0.5330645161290323 0.9382310984308131 0.03306451612903226 0.013980028530670471
0 0.5717741935483871 0.9382310984308131 0.03064516129032258 0.013980028530670471
0 0.6491935483870968 0.9382310984308131 0.062096774193548386 0.012268188302425107
0 0.37620967741935485 0.9396576319543509 0.05967741935483871 0.011126961483594865
0 0.6028225806451613 0.9389443651925821 0.017741935483870968 0.012553495007132667
