0 0.13346774193548386 0.09514978601997147 0.050806451612903224 0.015691868758915834
0 0.5685483870967742 0.11069900142653352 0.01532258064516129 0.012553495007132667
0 0.41592741935483873 0.11069900142653352 0.046370967741935484 0.012553495007132667
0 0.45463709677419356 0.1115549215406562 0.013306451612903225 0.010841654778887305
0 0.48346774193548386 0.11069900142653352 0.03064516129032258 0.012553495007132667
0 0.5288306451612903 0.11069900142653352 0.046370967741935484 0.012553495007132667
0 0.6104838709677419 0.1115549215406562 0.050806451612903224 0.010841654778887305
0 0.5110887096774194 0.15378031383737517 0.2979838709677419 0.023395149786019972
0 0.20504032258064517 0.21626248216833097 0.07943548387096774 0.017118402282453638
0 0.12016129032258065 0.21626248216833097 0.03790322580645161 0.014265335235378032
0 0.13346774193548386 0.23894436519258203 0.050806451612903224 0.015691868758915834
0 0.23044354838709677 0.262339514978602 0.13024193548387097 0.015691868758915834
0 0.3310483870967742 0.262339514978602 0.07096774193548387 0.015691868758915834
0 0.4844758064516129 0.262339514978602 0.20120967741935483 0.015691868758915834
0 0.6324596774193548 0.262339514978602 0.059274193548387095 0.015691868758915834
0 0.6997983870967742 0.2614835948644793 0.039919354838709675 0.013980028530670471
0 0.7858870967741935 0.262339514978602 0.13225806451612904 0.015691868758915834
0 0.8907258064516129 0.262339514978602 0.05967741935483871 0.015691868758915834
0 0.11915322580645162 0.27403708987161196 0.039919354838709675 0.013980028530670471
0 0.17963709677419354 0.28659058487874467 0.028629032258064516 0.013980028530670471
0 0.14455645161290323 0.3185449358059914 0.0375 0.015691868758915834
0 0.1034274193548387 0.3209700427960057 0.013306451612903225 0.010841654778887305
0 0.12782258064516128 0.34122681883024253 0.02661290322580645 0.014265335235378032
0 0.21512096774193548 0.3419400855920114 0.12137096774193548 0.015691868758915834
0 0.31794354838709676 0.3419400855920114 0.07056451612903226 0.015691868758915834
0 0.37641129032258064 0.3419400855920114 0.0375 0.015691868758915834
0 0.42600806451612905 0.3419400855920114 0.05282258064516129 0.015691868758915834
0 0.47681451612903225 0.3419400855920114 0.039919354838709675 0.015691868758915834
0 0.5165322580645161 0.3419400855920114 0.03951612903225806 0.015691868758915834
0 0.5673387096774194 0.3419400855920114 0.0532258064516129 0.015691868758915834
0 0.6270161290322581 0.3419400855920114 0.05725806451612903 0.015691868758915834
0 0.6854838709677419 0.3419400855920114 0.050806451612903224 0.015691868758915834
0 0.7737903225806452 0.3419400855920114 0.11290322580645161 0.015691868758915834
0 0.8743951612903226 0.3419400855920114 0.07943548387096774 0.015691868758915834
0 0.6127016129032258 0.3646219686162625 0.046370967741935484 0.017118402282453638
0 0.12681451612903225 0.36476462196861625 0.024596774193548387 0.013980028530670471
0 0.23931451612903226 0.36547788873038517 0.1657258064516129 0.015406562054208274
0 0.3707661290322581 0.36476462196861625 0.031048387096774193 0.013980028530670471
0 0.42600806451612905 0.36476462196861625 0.05766129032258065 0.013980028530670471
0 0.51875 0.36547788873038517 0.11895161290322581 0.015406562054208274
0 0.6689516129032258 0.36547788873038517 0.0532258064516129 0.015406562054208274
0 0.7231854838709677 0.36476462196861625 0.046370967741935484 0.013980028530670471
0 0.7893145161290323 0.36547788873038517 0.07298387096774193 0.015406562054208274
0 0.8356854838709677 0.36547788873038517 0.01975806451612903 0.015406562054208274
0 0.8776209677419354 0.36547788873038517 0.05524193548387097 0.015406562054208274
0 0.33991935483870966 0.36547788873038517 0.021774193548387097 0.012553495007132667
0 0.1588709677419355 0.38815977175463623 0.06612903225806452 0.017403708987161197
0 0.3022177419354839 0.38730385164051356 0.19879032258064516 0.015691868758915834
0 0.4415322580645161 0.38815977175463623 0.05725806451612903 0.017403708987161197
0 0.5252016129032258 0.38730385164051356 0.08830645161290322 0.015691868758915834
0 0.6092741935483871 0.38730385164051356 0.05725806451612903 0.015691868758915834
0 0.7086693548387096 0.38730385164051356 0.11895161290322581 0.015691868758915834
0 0.8179435483870968 0.38730385164051356 0.07701612903225806 0.015691868758915834
0 0.8975806451612903 0.38730385164051356 0.05967741935483871 0.015691868758915834
0 0.10241935483870968 0.38887303851640515 0.01129032258064516 0.012553495007132667
0 0.1743951612903226 0.41069900142653354 0.09717741935483871 0.015691868758915834
0 0.2659274193548387 0.41069900142653354 0.06411290322580646 0.015691868758915834
0 0.12782258064516128 0.4326676176890157 0.02661290322580645 0.015691868758915834
0 0.20040322580645162 0.43209700427960057 0.09112903225806451 0.016833095577746076
0 0.42701612903225805 0.4333808844507846 0.20080645161290323 0.017118402282453638
0 0.567741935483871 0.4349500713266762 0.06048387096774194 0.016833095577746076
0 0.2846774193548387 0.43352353780313835 0.062096774193548386 0.013980028530670471
0 0.6282258064516129 0.43352353780313835 0.041935483870967745 0.013980028530670471
0 0.12560483870967742 0.45534950071326674 0.02217741935483871 0.014265335235378032
0 0.19959677419354838 0.45606276747503566 0.09032258064516129 0.015691868758915834
0 0.2713709677419355 0.45606276747503566 0.035483870967741936 0.015691868758915834
0 0.31129032258064515 0.45606276747503566 0.035483870967741936 0.015691868758915834
0 0.3596774193548387 0.45606276747503566 0.0532258064516129 0.015691868758915834
0 0.2064516129032258 0.4774607703281027 0.10403225806451613 0.016833095577746076
0 0.12681451612903225 0.4787446504992867 0.024596774193548387 0.014265335235378032
0 0.2957661290322581 0.47945791726105563 0.039919354838709675 0.015691868758915834
0 0.12681451612903225 0.5014265335235378 0.024596774193548387 0.015691868758915834
0 0.19959677419354838 0.5021398002853067 0.09032258064516129 0.017118402282453638
0 0.3663306451612903 0.5021398002853067 0.22056451612903225 0.017118402282453638
0 0.5616935483870967 0.5021398002853067 0.15241935483870966 0.017118402282453638
0 0.12681451612903225 0.5241084165477888 0.024596774193548387 0.014265335235378032
0 0.22056451612903225 0.5248216833095578 0.13225806451612904 0.015691868758915834
0 0.36189516129032256 0.5248216833095578 0.13266129032258064 0.015691868758915834
0 0.12681451612903225 0.54679029957204 0.024596774193548387 0.015691868758915834
0 0.22056451612903225 0.5475035663338088 0.13225806451612904 0.017118402282453638
0 0.3310483870967742 0.54679029957204 0.07096774193548387 0.015691868758915834
0 0.12681451612903225 0.5693295292439372 0.024596774193548387 0.013980028530670471
0 0.24052419354838708 0.5701854493580599 0.1721774193548387 0.015691868758915834
0 0.3752016129032258 0.5701854493580599 0.07943548387096774 0.015691868758915834
0 0.12681451612903225 0.5928673323823109 0.024596774193548387 0.014265335235378032
0 0.22157258064516128 0.5935805991440799 0.13024193548387097 0.015691868758915834
0 0.30786290322580645 0.5935805991440799 0.01975806451612903 0.015691868758915834
0 0.39858870967741933 0.5935805991440799 0.13911290322580644 0.015691868758915834
0 0.4901209677419355 0.5935805991440799 0.02217741935483871 0.015691868758915834
0 0.5320564516129033 0.5935805991440799 0.039919354838709675 0.015691868758915834
0 0.6225806451612903 0.5935805991440799 0.11935483870967742 0.015691868758915834
0 0.759475806451613 0.5935805991440799 0.13266129032258064 0.015691868758915834
0 0.8566532258064516 0.5928673323823109 0.039919354838709675 0.014265335235378032
0 0.9074596774193548 0.5935805991440799 0.039919354838709675 0.015691868758915834
0 0.19737903225806452 0.615549215406562 0.07701612903225806 0.015691868758915834
0 0.2592741935483871 0.615549215406562 0.020161290322580645 0.015691868758915834
0 0.3431451612903226 0.615549215406562 0.05967741935483871 0.015691868758915834
0 0.42379032258064514 0.6162624821683309 0.07983870967741935 0.017118402282453638
0 0.5274193548387097 0.615549215406562 0.10161290322580645 0.015691868758915834
0 0.630241935483871 0.615549215406562 0.0814516129032258 0.015691868758915834
0 0.7737903225806452 0.6162624821683309 0.0814516129032258 0.017118402282453638
0 0.8766129032258064 0.615549215406562 0.10161290322580645 0.015691868758915834
0 0.29012096774193546 0.6162624821683309 0.01975806451612903 0.014265335235378032
0 0.7020161290322581 0.6169757489300999 0.03951612903225806 0.015691868758915834
0 0.1941532258064516 0.638944365192582 0.07540322580645162 0.015691868758915834
0 0.2625 0.638944365192582 0.04838709677419355 0.015691868758915834
0 0.3090725806451613 0.6380884450784593 0.02217741935483871 0.013980028530670471
0 0.35 0.638944365192582 0.041935483870967745 0.015691868758915834
0 0.47016129032258064 0.638944365192582 0.1814516129032258 0.015691868758915834
0 0.5917338709677419 0.638944365192582 0.039919354838709675 0.015691868758915834
0 0.6665322580645161 0.638944365192582 0.08387096774193549 0.015691868758915834
0 0.7451612903225806 0.638944365192582 0.041935483870967745 0.015691868758915834
0 0.7848790322580645 0.638944365192582 0.01975806451612903 0.015691868758915834
0 0.8310483870967742 0.6380884450784593 0.050806451612903224 0.013980028530670471
0 0.865524193548387 0.6380884450784593 0.02217741935483871 0.013980028530670471
0 0.90625 0.638944365192582 0.0375 0.015691868758915834
0 0.1969758064516129 0.6627674750356634 0.07782258064516129 0.016547788873038517
0 0.3631048387096774 0.6607703281027104 0.12137096774193548 0.015406562054208274
0 0.4790322580645161 0.6607703281027104 0.07096774193548387 0.015406562054208274
0 0.5463709677419355 0.6607703281027104 0.03790322580645161 0.015406562054208274
0 0.648991935483871 0.6616262482168331 0.14153225806451614 0.017118402282453638
0 0.79375 0.6616262482168331 0.12137096774193548 0.017118402282453638
0 0.2703629032258065 0.6614835948644793 0.0375 0.013980028530670471
0 0.8951612903225806 0.662339514978602 0.05967741935483871 0.015691868758915834
0 0.17641129032258066 0.6843081312410841 0.039919354838709675 0.015691868758915834
0 0.2282258064516129 0.6843081312410841 0.041935483870967745 0.015691868758915834
0 0.3022177419354839 0.6843081312410841 0.07943548387096774 0.015691868758915834
0 0.3895161290322581 0.6843081312410841 0.06854838709677419 0.015691868758915834
0 0.4756048387096774 0.6843081312410841 0.08185483870967741 0.015691868758915834
0 0.5473790322580645 0.6850213980028531 0.039919354838709675 0.017118402282453638
0 0.6413306451612903 0.6843081312410841 0.12137096774193548 0.015691868758915834
0 0.7439516129032258 0.6843081312410841 0.062096774193548386 0.015691868758915834
0 0.8080645161290323 0.6843081312410841 0.04435483870967742 0.015691868758915834
0 0.886491935483871 0.6843081312410841 0.08185483870967741 0.015691868758915834
0 0.16653225806451613 0.7068473609129815 0.020161290322580645 0.013980028530670471
0 0.20745967741935484 0.7077032810271041 0.039919354838709675 0.015691868758915834
0 0.29778225806451614 0.7077032810271041 0.12379032258064517 0.015691868758915834
0 0.40060483870967745 0.7068473609129815 0.059274193548387095 0.013980028530670471
0 0.5231854838709677 0.7077032810271041 0.16330645161290322 0.015691868758915834
0 0.7086693548387096 0.7077032810271041 0.1721774193548387 0.015691868758915834
0 0.8157258064516129 0.7077032810271041 0.020161290322580645 0.015691868758915834
0 0.8808467741935484 0.7077032810271041 0.08830645161290322 0.015691868758915834
0 0.19475806451612904 0.7315263908701855 0.08225806451612903 0.016547788873038517
0 0.28911290322580646 0.7295292439372325 0.03951612903225806 0.015406562054208274
0 0.4316532258064516 0.7303851640513552 0.22298387096774194 0.017118402282453638
0 0.5949596774193548 0.7295292439372325 0.0375 0.015406562054208274
0 0.6987903225806451 0.7303851640513552 0.0814516129032258 0.017118402282453638
0 0.8433467741935484 0.7295292439372325 0.039919354838709675 0.015406562054208274
0 0.2469758064516129 0.7302425106990014 0.02217741935483871 0.013980028530670471
0 0.5540322580645162 0.7310984308131241 0.017741935483870968 0.012268188302425107
0 0.6368951612903225 0.7310984308131241 0.01975806451612903 0.015691868758915834
0 0.7804435483870967 0.7310984308131241 0.059274193548387095 0.015691868758915834
0 0.8852822580645161 0.7302425106990014 0.02217741935483871 0.013980028530670471
0 0.9163306451612904 0.7302425106990014 0.02217741935483871 0.013980028530670471
0 0.17641129032258066 0.7530670470756062 0.039919354838709675 0.015691868758915834
0 0.25806451612903225 0.7530670470756062 0.10161290322580645 0.015691868758915834
0 0.3598790322580645 0.7530670470756062 0.07943548387096774 0.015691868758915834
0 0.43266129032258066 0.7530670470756062 0.03951612903225806 0.015691868758915834
0 0.5044354838709677 0.7530670470756062 0.0814516129032258 0.015691868758915834
0 0.6060483870967742 0.7530670470756062 0.09919354838709678 0.015691868758915834
0 0.6975806451612904 0.7530670470756062 0.062096774193548386 0.015691868758915834
0 0.7506048387096774 0.7530670470756062 0.02217741935483871 0.015691868758915834
0 0.7957661290322581 0.7530670470756062 0.046370967741935484 0.015691868758915834
0 0.8522177419354838 0.7537803138373752 0.013306451612903225 0.014265335235378032
0 0.8963709677419355 0.7530670470756062 0.062096774193548386 0.015691868758915834
0 0.17641129032258066 0.7764621968616262 0.039919354838709675 0.015691868758915834
0 0.23709677419354838 0.7764621968616262 0.05967741935483871 0.015691868758915834
0 0.30786290322580645 0.7764621968616262 0.059274193548387095 0.015691868758915834
0 0.37298387096774194 0.7764621968616262 0.0532258064516129 0.015691868758915834
0 0.41592741935483873 0.7764621968616262 0.01975806451612903 0.015691868758915834
0 0.11471774193548387 0.8218259629101283 0.039919354838709675 0.015691868758915834
0 0.20524193548387096 0.8218259629101283 0.10161290322580645 0.015691868758915834
0 0.28245967741935485 0.8218259629101283 0.03508064516129032 0.015691868758915834
0 0.3387096774193548 0.8218259629101283 0.024193548387096774 0.015691868758915834
