0 0.37298387096774194 0.07646219686162625 0.04838709677419355 0.012553495007132667
0 0.4282258064516129 0.07646219686162625 0.04838709677419355 0.012553495007132667
0 0.4879032258064516 0.07646219686162625 0.04838709677419355 0.012553495007132667
0 0.5320564516129033 0.07717546362339515 0.03508064516129032 0.013980028530670471
0 0.5860887096774193 0.07646219686162625 0.046370967741935484 0.012553495007132667
0 0.63125 0.07717546362339515 0.031048387096774193 0.011126961483594865
0 0.13346774193548386 0.09514978601997147 0.050806451612903224 0.015691868758915834
0 0.8354838709677419 0.1115549215406562 0.03306451612903226 0.014265335235378032
0 0.5 0.1209700427960057 0.20967741935483872 0.023395149786019972
0 0.11915322580645162 0.1818830242510699 0.039919354838709675 0.013980028530670471
0 0.20504032258064517 0.18273894436519258 0.07943548387096774 0.015691868758915834
0 0.12883064516129034 0.20613409415121256 0.06411290322580646 0.015691868758915834
0 0.11915322580645162 0.22952924393723254 0.039919354838709675 0.015691868758915834
0 0.1963709677419355 0.22867332382310984 0.062096774193548386 0.013980028530670471
0 0.2657258064516129 0.22952924393723254 0.05967741935483871 0.015691868758915834
0 0.32560483870967744 0.22952924393723254 0.0375 0.015691868758915834
0 0.1344758064516129 0.262339514978602 0.07943548387096774 0.015691868758915834
0 0.21512096774193548 0.262339514978602 0.059274193548387095 0.015691868758915834
0 0.27580645161290324 0.262339514978602 0.03951612903225806 0.015691868758915834
0 0.33649193548387096 0.262339514978602 0.06411290322580646 0.015691868758915834
0 0.3963709677419355 0.262339514978602 0.041935483870967745 0.015691868758915834
0 0.44576612903225804 0.262339514978602 0.039919354838709675 0.015691868758915834
0 0.5473790322580645 0.2630527817403709 0.07943548387096774 0.017118402282453638
0 0.6491935483870968 0.262339514978602 0.10161290322580645 0.015691868758915834
0 0.7417338709677419 0.262339514978602 0.06653225806451613 0.015691868758915834
0 0.4877016129032258 0.2631954350927247 0.02217741935483871 0.013980028530670471
0 0.15 0.28573466476462195 0.04838709677419355 0.015691868758915834
0 0.20080645161290323 0.28573466476462195 0.03064516129032258 0.015691868758915834
0 0.2592741935483871 0.28573466476462195 0.06854838709677419 0.015691868758915834
0 0.3564516129032258 0.28573466476462195 0.09919354838709678 0.015691868758915834
0 0.1034274193548387 0.28659058487874467 0.013306451612903225 0.011126961483594865
0 0.39737903225806454 0.30841654778887306 0.42379032258064514 0.017118402282453638
0 0.6798387096774193 0.30841654778887306 0.10161290322580645 0.017118402282453638
0 0.7649193548387097 0.30770328102710415 0.050806451612903224 0.015691868758915834
0 0.10241935483870968 0.30927246790299573 0.01129032258064516 0.012553495007132667
0 0.14677419354838708 0.3091298145506419 0.041935483870967745 0.015691868758915834
0 0.16875 0.3310984308131241 0.0907258064516129 0.015691868758915834
0 0.49778225806451615 0.331811697574893 0.5455645161290322 0.017118402282453638
0 0.10141129032258064 0.3326676176890157 0.013306451612903225 0.012553495007132667
0 0.2560483870967742 0.37717546362339516 0.14112903225806453 0.017118402282453638
0 0.3532258064516129 0.37646219686162624 0.035483870967741936 0.015691868758915834
0 0.11471774193548387 0.37717546362339516 0.039919354838709675 0.014265335235378032
0 0.16532258064516128 0.3780313837375178 0.017741935483870968 0.012553495007132667
0 0.16310483870967743 0.4007132667617689 0.013306451612903225 0.013980028530670471
0 0.21512096774193548 0.3998573466476462 0.059274193548387095 0.015691868758915834
0 0.27358870967741933 0.3998573466476462 0.03508064516129032 0.015691868758915834
0 0.3278225806451613 0.3998573466476462 0.024193548387096774 0.015691868758915834
0 0.8201612903225807 0.7810271041369472 0.02903225806451613 0.0094151212553495
0 0.8467741935483871 0.7810271041369472 0.01532258064516129 0.0094151212553495
0 0.867741935483871 0.7810271041369472 0.017741935483870968 0.0094151212553495
0 0.22641129032258064 0.7865905848787447 0.053629032258064514 0.015406562054208274
0 0.4161290322580645 0.7850213980028531 0.03306451612903226 0.013980028530670471
0 0.13004032258064516 0.7865905848787447 0.05282258064516129 0.010841654778887305
0 0.3243951612903226 0.7874465049928673 0.05282258064516129 0.012553495007132667
0 0.5254032258064516 0.7865905848787447 0.0532258064516129 0.010841654778887305
0 0.630241935483871 0.785734664764622 0.050806451612903224 0.012553495007132667
0 0.7165322580645161 0.7873038516405135 0.024193548387096774 0.0094151212553495
0 0.8310483870967742 0.7944365192582026 0.050806451612903224 0.013980028530670471
0 0.12338709677419354 0.8553495007132668 0.04435483870967742 0.010841654778887305
0 0.1588709677419355 0.8960057061340941 0.035483870967741936 0.013980028530670471
0 0.20625 0.896718972895863 0.059274193548387095 0.012553495007132667
0 0.5320564516129033 0.8960057061340941 0.03508064516129032 0.013980028530670471
0 0.11693548387096774 0.896718972895863 0.035483870967741936 0.012553495007132667
0 0.14899193548387096 0.9146932952924394 0.046370967741935484 0.014265335235378032
0 0.24818548387096775 0.9146932952924394 0.08588709677419355 0.014265335235378032
0 0.3155241935483871 0.9146932952924394 0.03508064516129032 0.014265335235378032
0 0.11028225806451612 0.9154065620542082 0.013306451612903225 0.0094151212553495
0 0.3663306451612903 0.9155492154065621 0.05282258064516129 0.012553495007132667
0 0.40826612903225806 0.9155492154065621 0.02217741935483871 0.012553495007132667
0 0.6689516129032258 0.916262482168331 0.04435483870967742 0.013980028530670471
0 0.7175403225806452 0.916262482168331 0.03508064516129032 0.011126961483594865
0 0.7693548387096775 0.916262482168331 0.05967741935483871 0.011126961483594865
0 0.8169354838709677 0.9171184022824537 0.017741935483870968 0.0094151212553495
0 0.19294354838709676 0.9333808844507846 0.10362903225806451 0.013980028530670471
0 0.3917338709677419 0.9333808844507846 0.07298387096774193 0.013980028530670471
0 0.5495967741935484 0.9342368045649073 0.08387096774193549 0.012268188302425107
0 0.7814516129032258 0.9333808844507846 0.09274193548387097 0.013980028530670471
0 0.11895161290322581 0.9349500713266762 0.035483870967741936 0.010841654778887305
0 0.32661290322580644 0.9342368045649073 0.04435483870967742 0.012268188302425107
0 0.6245967741935484 0.9349500713266762 0.017741935483870968 0.010841654778887305
0 0.6004032258064516 0.9358059914407989 0.017741935483870968 0.00912981455064194
