0 0.13346774193548386 0.09514978601997147 0.050806451612903224 0.015691868758915834
0 0.38064516129032255 0.1115549215406562 0.01532258064516129 0.010841654778887305
0 0.40725806451612906 0.11069900142653352 0.02903225806451613 0.012553495007132667
0 0.4534274193548387 0.11069900142653352 0.046370967741935484 0.012553495007132667
0 0.5153225806451613 0.1115549215406562 0.05967741935483871 0.010841654778887305
0 0.5673387096774194 0.11069900142653352 0.03064516129032258 0.012553495007132667
0 0.6213709677419355 0.1115549215406562 0.05967741935483871 0.010841654778887305
0 0.865524193548387 0.14593437945791726 0.05766129032258065 0.017403708987161197
0 0.5110887096774194 0.15378031383737517 0.14798387096774193 0.023395149786019972
0 0.8633064516129032 0.162339514978602 0.04435483870967742 0.018830242510699
0 0.20504032258064517 0.21626248216833097 0.07943548387096774 0.017118402282453638
0 0.12016129032258065 0.21626248216833097 0.03790322580645161 0.014265335235378032
0 0.12903225806451613 0.2396576319543509 0.05967741935483871 0.017118402282453638
0 0.11915322580645162 0.262339514978602 0.039919354838709675 0.015691868758915834
0 0.2659274193548387 0.2630527817403709 0.09959677419354838 0.017118402282453638
0 0.3564516129032258 0.262339514978602 0.05967741935483871 0.015691868758915834
0 0.42701612903225805 0.262339514978602 0.05967741935483871 0.015691868758915834
0 0.4780241935483871 0.262339514978602 0.01975806451612903 0.015691868758915834
0 0.5165322580645161 0.262339514978602 0.03951612903225806 0.015691868758915834
0 0.5673387096774194 0.262339514978602 0.03951612903225806 0.015691868758915834
0 0.6689516129032258 0.262339514978602 0.03951612903225806 0.015691868758915834
0 0.18528225806451612 0.2631954350927247 0.04395161290322581 0.013980028530670471
0 0.6193548387096774 0.2631954350927247 0.041935483870967745 0.013980028530670471
0 0.15120967741935484 0.2967189728958631 0.050806451612903224 0.015406562054208274
0 0.3233870967741935 0.2967189728958631 0.27580645161290324 0.015406562054208274
0 0.10241935483870968 0.29757489300998574 0.01129032258064516 0.010841654778887305
0 0.17540322580645162 0.31940085592011414 0.09919354838709678 0.017403708987161197
0 0.33669354838709675 0.31940085592011414 0.05967741935483871 0.017403708987161197
0 0.38729838709677417 0.3202567760342368 0.015725806451612902 0.015691868758915834
0 0.4383064516129032 0.31940085592011414 0.05967741935483871 0.017403708987161197
0 0.5173387096774194 0.320114122681883 0.08225806451612903 0.016547788873038517
0 0.6588709677419354 0.31940085592011414 0.041935483870967745 0.017403708987161197
0 0.7518145161290323 0.31940085592011414 0.10362903225806451 0.017403708987161197
0 0.1034274193548387 0.320114122681883 0.013306451612903225 0.012553495007132667
0 0.2657258064516129 0.31940085592011414 0.05967741935483871 0.013980028530670471
0 0.5981854838709677 0.3202567760342368 0.06169354838709677 0.015691868758915834
0 0.12681451612903225 0.3419400855920114 0.024596774193548387 0.015691868758915834
0 0.1752016129032258 0.3419400855920114 0.0375 0.015691868758915834
0 0.2306451612903226 0.3419400855920114 0.050806451612903224 0.015691868758915834
0 0.2967741935483871 0.3419400855920114 0.05967741935483871 0.015691868758915834
0 0.34758064516129034 0.3427960057061341 0.020161290322580645 0.013980028530670471
0 0.12681451612903225 0.36476462196861625 0.024596774193548387 0.013980028530670471
0 0.17419354838709677 0.36547788873038517 0.03951612903225806 0.015406562054208274
0 0.2306451612903226 0.36547788873038517 0.050806451612903224 0.015406562054208274
0 0.30786290322580645 0.36547788873038517 0.08588709677419355 0.015406562054208274
0 0.38064516129032255 0.36547788873038517 0.050806451612903224 0.015406562054208274
0 0.6356854838709678 0.7639087018544936 0.031048387096774193 0.0094151212553495
0 0.663508064516129 0.7646219686162625 0.01975806451612903 0.010841654778887305
0 0.6800403225806452 0.7646219686162625 0.02217741935483871 0.010841654778887305
0 0.43306451612903224 0.7693295292439373 0.05161290322580645 0.015121255349500713
0 0.2306451612903226 0.7693295292439373 0.050806451612903224 0.013980028530670471
0 0.3310483870967742 0.769472182596291 0.0532258064516129 0.010841654778887305
0 0.12903225806451613 0.7701854493580599 0.050806451612903224 0.0094151212553495
0 0.5231854838709677 0.7701854493580599 0.02620967741935484 0.0094151212553495
0 0.6455645161290322 0.7771754636233952 0.050806451612903224 0.014265335235378032
0 0.12560483870967742 0.8382310984308131 0.04395161290322581 0.010841654778887305
0 0.11794354838709678 0.8796005706134095 0.03346774193548387 0.012553495007132667
0 0.17419354838709677 0.8810271041369472 0.05725806451612903 0.012553495007132667
0 0.21955645161290321 0.8796005706134095 0.0375 0.012553495007132667
0 0.5463709677419355 0.8796005706134095 0.03306451612903226 0.012553495007132667
0 0.317741935483871 0.897432239657632 0.035483870967741936 0.013980028530670471
0 0.3935483870967742 0.8988587731811698 0.10403225806451613 0.015121255349500713
0 0.11028225806451612 0.8990014265335236 0.013306451612903225 0.010841654778887305
0 0.14899193548387096 0.8982881597717546 0.046370967741935484 0.012268188302425107
0 0.25161290322580643 0.8991440798858773 0.08387096774193549 0.013980028530670471
0 0.4657258064516129 0.8982881597717546 0.02661290322580645 0.012268188302425107
0 0.6858870967741936 0.8990014265335236 0.042741935483870966 0.011412268188302425
0 0.8278225806451613 0.8990014265335236 0.02661290322580645 0.010841654778887305
0 0.7340725806451613 0.8998573466476462 0.03346774193548387 0.00912981455064194
0 0.7705645161290322 0.8998573466476462 0.02661290322580645 0.00912981455064194
0 0.8022177419354839 0.9015691868758916 0.027016129032258064 0.010841654778887305
0 0.3342741935483871 0.916262482168331 0.041935483870967745 0.013980028530670471
0 0.8014112903225806 0.9171184022824537 0.09314516129032258 0.015691868758915834
0 0.11895161290322581 0.9178316690442225 0.035483870967741936 0.010841654778887305
0 0.1566532258064516 0.9169757489300998 0.031048387096774193 0.012553495007132667
0 0.2129032258064516 0.9178316690442225 0.06854838709677419 0.010841654778887305
0 0.37963709677419355 0.9169757489300998 0.031048387096774193 0.012553495007132667
0 0.4161290322580645 0.9178316690442225 0.03306451612903226 0.010841654778887305
0 0.45141129032258065 0.9169757489300998 0.0375 0.012553495007132667
0 0.5375 0.9178316690442225 0.03306451612903226 0.010841654778887305
0 0.5673387096774194 0.9178316690442225 0.02661290322580645 0.010841654778887305
0 0.6114919354838709 0.9178316690442225 0.05282258064516129 0.010841654778887305
0 0.6578629032258064 0.9194008559201141 0.02620967741935484 0.011126961483594865
0 0.6778225806451613 0.9185449358059914 0.017741935483870968 0.0094151212553495
