0 0.13346774193548386 0.09514978601997147 0.050806451612903224 0.015691868758915834
0 0.4104838709677419 0.11069900142653352 0.03064516129032258 0.012553495007132667
0 0.48004032258064516 0.1115549215406562 0.07701612903225806 0.010841654778887305
0 0.5461693548387097 0.11069900142653352 0.046370967741935484 0.012553495007132667
0 0.6048387096774194 0.1115549215406562 0.0532258064516129 0.010841654778887305
0 0.5131048387096774 0.1544935805991441 0.2979838709677419 0.021968616262482168
0 0.20504032258064517 0.21626248216833097 0.07943548387096774 0.017118402282453638
0 0.12016129032258065 0.21626248216833097 0.03790322580645161 0.014265335235378032
0 0.12903225806451613 0.23894436519258203 0.05967741935483871 0.015691868758915834
0 0.11915322580645162 0.262339514978602 0.039919354838709675 0.015691868758915834
0 0.28568548387096776 0.262339514978602 0.0375 0.015691868758915834
0 0.3455645161290323 0.262339514978602 0.05967741935483871 0.015691868758915834
0 0.4155241935483871 0.26390870185449355 0.06008064516129032 0.016547788873038517
0 0.47681451612903225 0.262339514978602 0.039919354838709675 0.015691868758915834
0 0.5264112903225806 0.262339514978602 0.0375 0.015691868758915834
0 0.18528225806451612 0.2631954350927247 0.04395161290322581 0.013980028530670471
0 0.23508064516129032 0.2631954350927247 0.041935483870967745 0.013980028530670471
0 0.15 0.2967189728958631 0.04838709677419355 0.015406562054208274
0 0.3157258064516129 0.2967189728958631 0.26048387096774195 0.015406562054208274
0 0.4612903225806452 0.2967189728958631 0.03064516129032258 0.015406562054208274
0 0.5020161290322581 0.2967189728958631 0.03306451612903226 0.015406562054208274
0 0.1034274193548387 0.29757489300998574 0.013306451612903225 0.010841654778887305
0 0.2560483870967742 0.31940085592011414 0.1588709677419355 0.017403708987161197
0 0.5066532258064516 0.31940085592011414 0.08185483870967741 0.017403708987161197
0 0.5883064516129032 0.31940085592011414 0.05967741935483871 0.017403708987161197
0 0.648991935483871 0.31940085592011414 0.039919354838709675 0.017403708987161197
0 0.7296370967741935 0.31940085592011414 0.09959677419354838 0.017403708987161197
0 0.1034274193548387 0.320114122681883 0.013306451612903225 0.012553495007132667
0 0.14556451612903226 0.31940085592011414 0.04435483870967742 0.013980028530670471
0 0.3663306451612903 0.3202567760342368 0.039919354838709675 0.015691868758915834
0 0.42701612903225805 0.31940085592011414 0.05967741935483871 0.013980028530670471
0 0.8223790322580645 0.31940085592011414 0.06411290322580646 0.013980028530670471
0 0.12681451612903225 0.3419400855920114 0.024596774193548387 0.015691868758915834
0 0.1808467741935484 0.3419400855920114 0.04879032258064516 0.015691868758915834
0 0.2372983870967742 0.3419400855920114 0.046370967741935484 0.015691868758915834
0 0.3663306451612903 0.3419400855920114 0.04395161290322581 0.015691868758915834
0 0.4526209677419355 0.3419400855920114 0.11491935483870967 0.015691868758915834
0 0.2913306451612903 0.3427960057061341 0.031048387096774193 0.013980028530670471
0 0.32983870967741935 0.3427960057061341 0.03306451612903226 0.013980028530670471
0 0.12681451612903225 0.36476462196861625 0.024596774193548387 0.013980028530670471
0 0.17983870967741936 0.36547788873038517 0.050806451612903224 0.015406562054208274
0 0.22943548387096774 0.36547788873038517 0.03064516129032258 0.015406562054208274
0 0.2957661290322581 0.36547788873038517 0.07943548387096774 0.015406562054208274
0 0.12782258064516128 0.38730385164051356 0.02661290322580645 0.015691868758915834
0 0.1808467741935484 0.38673323823109845 0.052016129032258066 0.016262482168330955
0 0.33548387096774196 0.38815977175463623 0.03951612903225806 0.017403708987161197
0 0.39737903225806454 0.38730385164051356 0.06169354838709677 0.015691868758915834
0 0.23608870967741935 0.38815977175463623 0.04395161290322581 0.013980028530670471
0 0.28689516129032255 0.38815977175463623 0.039919354838709675 0.013980028530670471
0 0.4502016129032258 0.38815977175463623 0.031048387096774193 0.013980028530670471
0 0.12681451612903225 0.41069900142653354 0.024596774193548387 0.015691868758915834
0 0.17641129032258066 0.41069900142653354 0.04395161290322581 0.015691868758915834
0 0.23608870967741935 0.41069900142653354 0.04395161290322581 0.015691868758915834
0 0.3463709677419355 0.41069900142653354 0.1588709677419355 0.015691868758915834
0 0.4568548387096774 0.41069900142653354 0.03951612903225806 0.015691868758915834
0 0.5088709677419355 0.41069900142653354 0.041935483870967745 0.015691868758915834
0 0.5485887096774194 0.41069900142653354 0.01975806451612903 0.015691868758915834
0 0.5883064516129032 0.41069900142653354 0.041935483870967745 0.015691868758915834
0 0.6381048387096774 0.41069900142653354 0.039919354838709675 0.015691868758915834
0 0.6899193548387097 0.41069900142653354 0.041935483870967745 0.015691868758915834
0 0.7407258064516129 0.41069900142653354 0.041935483870967745 0.015691868758915834
0 0.7814516129032258 0.41069900142653354 0.02661290322580645 0.015691868758915834
0 0.83125 0.41069900142653354 0.024596774193548387 0.015691868758915834
0 0.3497983870967742 0.8022824536376605 0.09475806451612903 0.010841654778887305
0 0.6356854838709678 0.8029957203994293 0.031048387096774193 0.0094151212553495
0 0.6633064516129032 0.8029957203994293 0.01532258064516129 0.0094151212553495
0 0.682258064516129 0.8029957203994293 0.017741935483870968 0.0094151212553495
0 0.2282258064516129 0.8069900142653352 0.050806451612903224 0.013980028530670471
0 0.425 0.8069900142653352 0.03306451612903226 0.013980028530670471
0 0.12782258064516128 0.8084165477888731 0.0532258064516129 0.011126961483594865
0 0.5298387096774193 0.8084165477888731 0.03951612903225806 0.011126961483594865
0 0.6455645161290322 0.8146932952924394 0.050806451612903224 0.013980028530670471
0 0.3090725806451613 0.815549215406562 0.013306451612903225 0.0094151212553495
0 0.11995967741935484 0.8419400855920114 0.046370967741935484 0.012553495007132667
0 0.22620967741935483 0.8639087018544935 0.17016129032258065 0.015406562054208274
0 0.1157258064516129 0.8646219686162625 0.03306451612903226 0.013980028530670471
0 0.5463709677419355 0.8639087018544935 0.03306451612903226 0.012553495007132667
0 0.29354838709677417 0.8818830242510699 0.0532258064516129 0.014265335235378032
0 0.35423387096774195 0.8818830242510699 0.05040322580645161 0.014265335235378032
0 0.4137096774193548 0.8818830242510699 0.050806451612903224 0.014265335235378032
0 0.5441532258064516 0.8825962910128388 0.1963709677419355 0.015691868758915834
0 0.23387096774193547 0.8834522111269615 0.0532258064516129 0.013980028530670471
0 0.14778225806451614 0.8904422253922967 0.04395161290322581 0.012553495007132667
0 0.686491935483871 0.8921540656205421 0.04395161290322581 0.012553495007132667
0 0.7362903225806452 0.8920114122681883 0.03306451612903226 0.0094151212553495
0 0.7792338709677419 0.892867332382311 0.04395161290322581 0.011126961483594865
0 0.8169354838709677 0.8920114122681883 0.017741935483870968 0.0094151212553495
0 0.2542338709677419 0.8971469329529244 0.09314516129032258 0.014550641940085592
0 0.33326612903225805 0.916262482168331 0.04395161290322581 0.013980028530670471
0 0.11673387096774193 0.9178316690442225 0.031048387096774193 0.010841654778887305
0 0.15544354838709679 0.9178316690442225 0.028629032258064516 0.010841654778887305
0 0.18850806451612903 0.9169757489300998 0.028629032258064516 0.012553495007132667
0 0.22600806451612904 0.9178316690442225 0.0375 0.010841654778887305
0 0.3774193548387097 0.9169757489300998 0.03064516129032258 0.012553495007132667
0 0.4149193548387097 0.9178316690442225 0.035483870967741936 0.010841654778887305
0 0.4491935483870968 0.9169757489300998 0.03790322580645161 0.012553495007132667
0 0.5618951612903226 0.9178316690442225 0.08185483870967741 0.010841654778887305
0 0.6368951612903225 0.9178316690442225 0.05040322580645161 0.010841654778887305
0 0.6955645161290323 0.9178316690442225 0.017741935483870968 0.010841654778887305
0 0.7737903225806452 0.9169757489300998 0.03306451612903226 0.012553495007132667
0 0.6709677419354839 0.9185449358059914 0.017741935483870968 0.0094151212553495
0 0.3752016129032258 0.9389443651925821 0.031048387096774193 0.012553495007132667
0 0.482258064516129 0.9382310984308131 0.020161290322580645 0.013980028530670471
0 0.5044354838709677 0.9389443651925821 0.01532258064516129 0.012553495007132667
0 0.5419354838709678 0.9382310984308131 0.0467741935483871 0.013980028530670471
0 0.6336693548387097 0.9382310984308131 0.12379032258064517 0.013980028530670471
0 0.33891129032258066 0.9396576319543509 0.028629032258064516 0.011126961483594865
0 0.4137096774193548 0.9389443651925821 0.03306451612903226 0.012553495007132667
0 0.4526209677419355 0.9388017118402282 0.031048387096774193 0.0094151212553495
