0 0.37298387096774194 0.07646219686162625 0.04838709677419355 0.012553495007132667
0 0.4282258064516129 0.07646219686162625 0.04838709677419355 0.012553495007132667
0 0.4879032258064516 0.07646219686162625 0.04838709677419355 0.012553495007132667
0 0.5320564516129033 0.07717546362339515 0.03508064516129032 0.013980028530670471
0 0.5860887096774193 0.07646219686162625 0.046370967741935484 0.012553495007132667
0 0.63125 0.07717546362339515 0.031048387096774193 0.011126961483594865
0 0.13346774193548386 0.09514978601997147 0.050806451612903224 0.015691868758915834
0 0.8377016129032258 0.1115549215406562 0.028629032258064516 0.014265335235378032
0 0.5 0.1209700427960057 0.20967741935483872 0.023395149786019972
0 0.11915322580645162 0.1818830242510699 0.039919354838709675 0.013980028530670471
0 0.20504032258064517 0.18273894436519258 0.07943548387096774 0.015691868758915834
0 0.12883064516129034 0.20613409415121256 0.06411290322580646 0.015691868758915834
0 0.49778225806451615 0.22881597717546362 0.09959677419354838 0.017118402282453638
0 0.11915322580645162 0.22867332382310984 0.039919354838709675 0.013980028530670471
0 0.1941532258064516 0.22952924393723254 0.06169354838709677 0.015691868758915834
0 0.2558467741935484 0.22952924393723254 0.039919354838709675 0.015691868758915834
0 0.3165322580645161 0.22867332382310984 0.05967741935483871 0.013980028530670471
0 0.3961693548387097 0.22952924393723254 0.08185483870967741 0.015691868758915834
0 0.5872983870967742 0.22952924393723254 0.06169354838709677 0.015691868758915834
0 0.646774193548387 0.22952924393723254 0.03951612903225806 0.015691868758915834
0 0.15120967741935484 0.262339514978602 0.050806451612903224 0.015691868758915834
0 0.3310483870967742 0.262339514978602 0.2911290322580645 0.015691868758915834
0 0.5387096774193548 0.262339514978602 0.10161290322580645 0.015691868758915834
0 0.6181451612903226 0.262339514978602 0.062096774193548386 0.015691868758915834
0 0.1034274193548387 0.26390870185449355 0.013306451612903225 0.012553495007132667
0 0.4491935483870968 0.2850213980028531 0.09919354838709678 0.017118402282453638
0 0.10241935483870968 0.28659058487874467 0.01532258064516129 0.013980028530670471
0 0.1532258064516129 0.28573466476462195 0.05967741935483871 0.015691868758915834
0 0.2129032258064516 0.28573466476462195 0.03790322580645161 0.015691868758915834
0 0.2725806451612903 0.2850213980028531 0.05967741935483871 0.014265335235378032
0 0.35100806451612904 0.28573466476462195 0.07943548387096774 0.015691868758915834
0 0.5397177419354838 0.28573466476462195 0.059274193548387095 0.015691868758915834
0 0.5969758064516129 0.28573466476462195 0.0375 0.015691868758915834
0 0.6766129032258065 0.28573466476462195 0.09919354838709678 0.015691868758915834
0 0.7649193548387097 0.28573466476462195 0.05967741935483871 0.015691868758915834
0 0.8235887096774194 0.28573466476462195 0.039919354838709675 0.015691868758915834
0 0.8719758064516129 0.28573466476462195 0.039919354838709675 0.015691868758915834
0 0.1532258064516129 0.30770328102710415 0.05967741935483871 0.015691868758915834
0 0.22399193548387097 0.30770328102710415 0.06411290322580646 0.015691868758915834
0 0.12782258064516128 0.3310984308131241 0.02661290322580645 0.015691868758915834
0 0.17983870967741936 0.3310984308131241 0.050806451612903224 0.015691868758915834
0 0.23830645161290323 0.3310984308131241 0.04838709677419355 0.015691868758915834
0 0.3310483870967742 0.3310984308131241 0.03064516129032258 0.015691868758915834
0 0.3850806451612903 0.3310984308131241 0.0814516129032258 0.015691868758915834
0 0.45141129032258065 0.3310984308131241 0.03346774193548387 0.015691868758915834
0 0.4866935483870968 0.3310984308131241 0.041935483870967745 0.015691868758915834
0 0.29012096774193546 0.3319543509272468 0.028629032258064516 0.013980028530670471
0 0.12681451612903225 0.3537803138373752 0.024596774193548387 0.014265335235378032
0 0.17983870967741936 0.3544935805991441 0.050806451612903224 0.015691868758915834
0 0.28689516129032255 0.3544935805991441 0.14153225806451614 0.015691868758915834
0 0.37641129032258064 0.3544935805991441 0.01975806451612903 0.015691868758915834
0 0.4161290322580645 0.3537803138373752 0.041935483870967745 0.014265335235378032
0 0.2006048387096774 0.37717546362339516 0.08830645161290322 0.017118402282453638
0 0.33891129032258066 0.37717546362339516 0.1657258064516129 0.017118402282453638
0 0.49899193548387094 0.37717546362339516 0.12379032258064517 0.017118402282453638
0 0.6082661290322581 0.37717546362339516 0.09959677419354838 0.017118402282453638
0 0.12681451612903225 0.37717546362339516 0.024596774193548387 0.014265335235378032
0 0.6931451612903226 0.37717546362339516 0.0532258064516129 0.014265335235378032
0 0.12681451612903225 0.3998573466476462 0.024596774193548387 0.015691868758915834
0 0.19959677419354838 0.3998573466476462 0.09032258064516129 0.015691868758915834
0 0.2881048387096774 0.3998573466476462 0.06411290322580646 0.015691868758915834
0 0.33548387096774196 0.3998573466476462 0.021774193548387097 0.015691868758915834
0 0.37641129032258064 0.3998573466476462 0.0375 0.015691868758915834
0 0.19959677419354838 0.4225392296718973 0.09032258064516129 0.017118402282453638
0 0.4215725806451613 0.4225392296718973 0.05282258064516129 0.017118402282453638
0 0.12681451612903225 0.4225392296718973 0.024596774193548387 0.014265335235378032
0 0.27923387096774194 0.4232524964336662 0.046370967741935484 0.015691868758915834
0 0.32217741935483873 0.4225392296718973 0.035483870967741936 0.014265335235378032
0 0.3707661290322581 0.4232524964336662 0.05282258064516129 0.015691868758915834
0 0.45806451612903226 0.4225392296718973 0.020161290322580645 0.014265335235378032
0 0.5332661290322581 0.4232524964336662 0.13024193548387097 0.015691868758915834
0 0.12681451612903225 0.44522111269614834 0.024596774193548387 0.015691868758915834
0 0.19959677419354838 0.44522111269614834 0.09032258064516129 0.015691868758915834
0 0.317741935483871 0.44593437945791725 0.12338709677419354 0.017118402282453638
0 0.41169354838709676 0.44522111269614834 0.050806451612903224 0.015691868758915834
0 0.12681451612903225 0.46776034236804565 0.024596774193548387 0.013980028530670471
0 0.1909274193548387 0.4686162624821683 0.07298387096774193 0.015691868758915834
0 0.3465725806451613 0.4686162624821683 0.20766129032258066 0.015691868758915834
0 0.5034274193548387 0.4686162624821683 0.08830645161290322 0.015691868758915834
0 0.6171370967741936 0.4686162624821683 0.12137096774193548 0.015691868758915834
0 0.7175403225806452 0.4686162624821683 0.07056451612903226 0.015691868758915834
0 0.8014112903225806 0.4686162624821683 0.08830645161290322 0.015691868758915834
0 0.8741935483870967 0.4686162624821683 0.05725806451612903 0.015691868758915834
0 0.1157258064516129 0.5139800285306705 0.03790322580645161 0.015691868758915834
0 0.276008064516129 0.5146932952924393 0.1810483870967742 0.017118402282453638
0 0.3939516129032258 0.5139800285306705 0.03306451612903226 0.015691868758915834
0 0.16431451612903225 0.5146932952924393 0.015725806451612902 0.010841654778887305
0 0.16310483870967743 0.5373751783166905 0.013306451612903225 0.012268188302425107
0 0.23508064516129032 0.5373751783166905 0.09919354838709678 0.015691868758915834
0 0.33649193548387096 0.5373751783166905 0.08185483870967741 0.015691868758915834
0 0.40403225806451615 0.5373751783166905 0.035483870967741936 0.015691868758915834
0 0.23508064516129032 0.5592011412268189 0.09919354838709678 0.015406562054208274
0 0.3463709677419355 0.5592011412268189 0.10161290322580645 0.015406562054208274
0 0.16310483870967743 0.5607703281027104 0.013306451612903225 0.012268188302425107
0 0.42379032258064514 0.5599144079885877 0.035483870967741936 0.013980028530670471
0 0.22620967741935483 0.5827389443651926 0.0814516129032258 0.015691868758915834
0 0.32560483870967744 0.5827389443651926 0.09959677419354838 0.015691868758915834
0 0.4028225806451613 0.5827389443651926 0.03306451612903226 0.015691868758915834
0 0.45907258064516127 0.5827389443651926 0.02217741935483871 0.015691868758915834
0 0.16310483870967743 0.5834522111269614 0.013306451612903225 0.010841654778887305
0 0.8201612903225807 0.7810271041369472 0.02903225806451613 0.0094151212553495
0 0.8467741935483871 0.7810271041369472 0.01532258064516129 0.0094151212553495
0 0.867741935483871 0.7810271041369472 0.017741935483870968 0.0094151212553495
0 0.22641129032258064 0.7865905848787447 0.053629032258064514 0.015406562054208274
0 0.13004032258064516 0.7865905848787447 0.05282258064516129 0.010841654778887305
0 0.3243951612903226 0.7865905848787447 0.05282258064516129 0.010841654778887305
0 0.425 0.785734664764622 0.050806451612903224 0.012553495007132667
0 0.5254032258064516 0.7865905848787447 0.0532258064516129 0.010841654778887305
0 0.630241935483871 0.785734664764622 0.050806451612903224 0.012553495007132667
0 0.7165322580645161 0.7873038516405135 0.024193548387096774 0.0094151212553495
0 0.8310483870967742 0.7944365192582026 0.050806451612903224 0.013980028530670471
0 0.12338709677419354 0.8553495007132668 0.04435483870967742 0.010841654778887305
0 0.1588709677419355 0.8960057061340941 0.035483870967741936 0.013980028530670471
0 0.20745967741935484 0.896718972895863 0.06169354838709677 0.012553495007132667
0 0.5320564516129033 0.8960057061340941 0.03508064516129032 0.013980028530670471
0 0.11693548387096774 0.896718972895863 0.035483870967741936 0.012553495007132667
0 0.14899193548387096 0.9146932952924394 0.046370967741935484 0.014265335235378032
0 0.24818548387096775 0.9146932952924394 0.08588709677419355 0.014265335235378032
0 0.3155241935483871 0.9146932952924394 0.03508064516129032 0.014265335235378032
0 0.11028225806451612 0.9154065620542082 0.013306451612903225 0.0094151212553495
0 0.3663306451612903 0.9155492154065621 0.05282258064516129 0.012553495007132667
0 0.40826612903225806 0.9155492154065621 0.02217741935483871 0.012553495007132667
0 0.6689516129032258 0.916262482168331 0.04435483870967742 0.013980028530670471
0 0.7175403225806452 0.916262482168331 0.03508064516129032 0.011126961483594865
0 0.7693548387096775 0.916262482168331 0.05967741935483871 0.011126961483594865
0 0.8169354838709677 0.9171184022824537 0.017741935483870968 0.0094151212553495
0 0.19294354838709676 0.9333808844507846 0.10362903225806451 0.013980028530670471
0 0.3917338709677419 0.9333808844507846 0.07298387096774193 0.013980028530670471
0 0.5495967741935484 0.9342368045649073 0.08387096774193549 0.012268188302425107
0 0.7814516129032258 0.9333808844507846 0.09274193548387097 0.013980028530670471
0 0.11895161290322581 0.9349500713266762 0.035483870967741936 0.010841654778887305
0 0.32661290322580644 0.9342368045649073 0.04435483870967742 0.012268188302425107
0 0.6245967741935484 0.9349500713266762 0.017741935483870968 0.010841654778887305
0 0.6004032258064516 0.9358059914407989 0.017741935483870968 0.00912981455064194
