0 0.13346774193548386 0.09514978601997147 0.050806451612903224 0.015691868758915834
0 0.38729838709677417 0.1115549215406562 0.0907258064516129 0.010841654778887305
0 0.45463709677419356 0.1115549215406562 0.031048387096774193 0.010841654778887305
0 0.4997983870967742 0.1115549215406562 0.046370967741935484 0.010841654778887305
0 0.5441532258064516 0.11069900142653352 0.03346774193548387 0.012553495007132667
0 0.5905241935483871 0.1115549215406562 0.046370967741935484 0.010841654778887305
0 0.6512096774193549 0.1115549215406562 0.062096774193548386 0.010841654778887305
0 0.12237903225806451 0.14122681883024252 0.03346774193548387 0.017118402282453638
0 0.5108870967741935 0.15378031383737517 0.32903225806451614 0.023395149786019972
0 0.16008064516129034 0.15549215406562053 0.05241935483870968 0.015977175463623396
0 0.19516129032258064 0.21554921540656205 0.05967741935483871 0.015691868758915834
0 0.2558467741935484 0.21554921540656205 0.039919354838709675 0.015691868758915834
0 0.12016129032258065 0.21626248216833097 0.03790322580645161 0.014265335235378032
0 0.12782258064516128 0.23894436519258203 0.062096774193548386 0.015691868758915834
0 0.11915322580645162 0.262339514978602 0.039919354838709675 0.015691868758915834
0 0.19516129032258064 0.2630527817403709 0.05967741935483871 0.017118402282453638
0 0.2560483870967742 0.262339514978602 0.04435483870967742 0.015691868758915834
0 0.3463709677419355 0.2630527817403709 0.11935483870967742 0.017118402282453638
0 0.4657258064516129 0.262339514978602 0.07983870967741935 0.015691868758915834
0 0.538508064516129 0.262339514978602 0.039919354838709675 0.015691868758915834
0 0.6082661290322581 0.2630527817403709 0.08185483870967741 0.017118402282453638
0 0.6800403225806452 0.262339514978602 0.039919354838709675 0.015691868758915834
0 0.7284274193548387 0.262339514978602 0.039919354838709675 0.015691868758915834
0 0.7792338709677419 0.2631954350927247 0.039919354838709675 0.013980028530670471
0 0.15120967741935484 0.2967189728958631 0.050806451612903224 0.015406562054208274
0 0.2814516129032258 0.2967189728958631 0.19193548387096773 0.015406562054208274
0 0.40403225806451615 0.2967189728958631 0.05725806451612903 0.015406562054208274
0 0.48346774193548386 0.2967189728958631 0.03064516129032258 0.015406562054208274
0 0.5044354838709677 0.29743223965763194 0.01532258064516129 0.013980028530670471
0 0.5804435483870968 0.2967189728958631 0.1060483870967742 0.015406562054208274
0 0.6743951612903226 0.2967189728958631 0.07298387096774193 0.015406562054208274
0 0.10241935483870968 0.29757489300998574 0.01129032258064516 0.010841654778887305
0 0.45141129032258065 0.29743223965763194 0.03346774193548387 0.013980028530670471
0 0.23608870967741935 0.31940085592011414 0.05766129032258065 0.017403708987161197
0 0.4403225806451613 0.31940085592011414 0.11290322580645161 0.017403708987161197
0 0.5199596774193549 0.31940085592011414 0.0375 0.017403708987161197
0 0.573991935483871 0.31940085592011414 0.05766129032258065 0.017403708987161197
0 0.644758064516129 0.3185449358059914 0.075 0.015691868758915834
0 0.7915322580645161 0.31940085592011414 0.050806451612903224 0.017403708987161197
0 0.10241935483870968 0.320114122681883 0.01129032258064516 0.012553495007132667
0 0.15443548387096775 0.31940085592011414 0.05725806451612903 0.013980028530670471
0 0.19193548387096773 0.31940085592011414 0.021774193548387097 0.013980028530670471
0 0.2881048387096774 0.3202567760342368 0.0375 0.015691868758915834
0 0.3243951612903226 0.3202567760342368 0.02217741935483871 0.015691868758915834
0 0.3596774193548387 0.3202567760342368 0.03951612903225806 0.015691868758915834
0 0.7096774193548387 0.3202567760342368 0.041935483870967745 0.015691868758915834
0 0.7518145161290323 0.31940085592011414 0.028629032258064516 0.013980028530670471
0 0.8401209677419355 0.3202567760342368 0.0375 0.015691868758915834
0 0.8929435483870968 0.3202567760342368 0.05524193548387097 0.015691868758915834
0 0.14455645161290323 0.3437945791726105 0.045564516129032256 0.016547788873038517
0 0.21391129032258063 0.3419400855920114 0.07943548387096774 0.015691868758915834
0 0.26370967741935486 0.3427960057061341 0.01532258064516129 0.013980028530670471
0 0.3342741935483871 0.3419400855920114 0.07741935483870968 0.015691868758915834
0 0.40725806451612906 0.3419400855920114 0.041935483870967745 0.015691868758915834
0 0.47661290322580646 0.3427960057061341 0.08387096774193549 0.017403708987161197
0 0.555241935483871 0.3419400855920114 0.05967741935483871 0.015691868758915834
0 0.6159274193548387 0.3419400855920114 0.039919354838709675 0.015691868758915834
0 0.686491935483871 0.3419400855920114 0.07943548387096774 0.015691868758915834
0 0.7905241935483871 0.3419400855920114 0.1060483870967742 0.015691868758915834
0 0.8887096774193548 0.3419400855920114 0.05967741935483871 0.015691868758915834
0 0.14556451612903226 0.36476462196861625 0.03951612903225806 0.013980028530670471
0 0.20504032258064517 0.36547788873038517 0.06169354838709677 0.015406562054208274
0 0.2770161290322581 0.36547788873038517 0.05967741935483871 0.015406562054208274
0 0.36088709677419356 0.36547788873038517 0.09032258064516129 0.015406562054208274
0 0.4393145161290323 0.36547788873038517 0.02217741935483871 0.015406562054208274
0 0.5241935483870968 0.6904422253922967 0.4217741935483871 0.025106990014265335
0 0.12560483870967742 0.7241084165477889 0.04395161290322581 0.010841654778887305
0 0.20967741935483872 0.7241084165477889 0.06612903225806452 0.010841654778887305
0 0.2526209677419355 0.7241084165477889 0.01975806451612903 0.010841654778887305
0 0.28125 0.7241084165477889 0.01975806451612903 0.014265335235378032
0 0.3189516129032258 0.7232524964336662 0.03306451612903226 0.012553495007132667
0 0.35524193548387095 0.7232524964336662 0.017741935483870968 0.012553495007132667
0 0.35080645161290325 0.7631954350927247 0.09274193548387097 0.010841654778887305
0 0.5574596774193549 0.7631954350927247 0.09475806451612903 0.010841654778887305
0 0.8411290322580646 0.7639087018544936 0.03064516129032258 0.0094151212553495
0 0.8887096774193548 0.7639087018544936 0.01532258064516129 0.0094151212553495
0 0.2306451612903226 0.7679029957203994 0.050806451612903224 0.013980028530670471
0 0.43306451612903224 0.7693295292439373 0.05161290322580645 0.015121255349500713
0 0.6445564516129032 0.7686162624821683 0.04879032258064516 0.015406562054208274
0 0.12903225806451613 0.7701854493580599 0.050806451612903224 0.0094151212553495
0 0.7417338709677419 0.7701854493580599 0.039919354838709675 0.0094151212553495
0 0.8522177419354838 0.7771754636233952 0.04879032258064516 0.010841654778887305
0 0.5165322580645161 0.7771754636233952 0.012903225806451613 0.007988587731811698
0 0.12439516129032258 0.8373751783166904 0.046370967741935484 0.012553495007132667
0 0.225 0.8794579172610556 0.16370967741935483 0.015691868758915834
0 0.11794354838709678 0.8796005706134095 0.03346774193548387 0.012553495007132667
0 0.5473790322580645 0.8803138373751783 0.031048387096774193 0.011126961483594865
0 0.5030241935483871 0.8988587731811698 0.11975806451612903 0.015121255349500713
0 0.605241935483871 0.897432239657632 0.07096774193548387 0.014550641940085592
0 0.11028225806451612 0.8990014265335236 0.013306451612903225 0.010841654778887305
0 0.14899193548387096 0.8982881597717546 0.046370967741935484 0.012268188302425107
0 0.2439516129032258 0.8991440798858773 0.06854838709677419 0.013980028530670471
0 0.3100806451612903 0.8991440798858773 0.050806451612903224 0.013980028530670471
0 0.3685483870967742 0.8982881597717546 0.0532258064516129 0.012268188302425107
0 0.4171370967741935 0.8990014265335236 0.02620967741935484 0.010841654778887305
0 0.6850806451612903 0.8980028530670471 0.04516129032258064 0.013409415121255349
0 0.7153225806451613 0.8990014265335236 0.017741935483870968 0.010841654778887305
0 0.3342741935483871 0.916262482168331 0.041935483870967745 0.013980028530670471
0 0.11895161290322581 0.9178316690442225 0.035483870967741936 0.010841654778887305
0 0.16088709677419355 0.9178316690442225 0.035483870967741936 0.010841654778887305
0 0.1909274193548387 0.9178316690442225 0.028629032258064516 0.010841654778887305
0 0.2284274193548387 0.9178316690442225 0.0375 0.010841654778887305
0 0.3784274193548387 0.9169757489300998 0.028629032258064516 0.012553495007132667
0 0.41391129032258067 0.9178316690442225 0.028629032258064516 0.010841654778887305
0 0.4491935483870968 0.9169757489300998 0.03790322580645161 0.012553495007132667
0 0.5243951612903226 0.9178316690442225 0.028629032258064516 0.010841654778887305
0 0.5804435483870968 0.9169757489300998 0.07943548387096774 0.012553495007132667
0 0.7725806451612903 0.9178316690442225 0.035483870967741936 0.014265335235378032
0 0.6403225806451613 0.9194008559201141 0.02661290322580645 0.011126961483594865
0 0.6622983870967742 0.9185449358059914 0.017338709677419354 0.0094151212553495
