0 0.13346774193548386 0.09514978601997147 0.050806451612903224 0.015691868758915834
0 0.4183467741935484 0.11069900142653352 0.046370967741935484 0.012553495007132667
0 0.4856854838709677 0.1115549215406562 0.07056451612903226 0.010841654778887305
0 0.5550403225806452 0.1115549215406562 0.046370967741935484 0.010841654778887305
0 0.6137096774193549 0.1115549215406562 0.0532258064516129 0.010841654778887305
0 0.5131048387096774 0.15378031383737517 0.2979838709677419 0.023395149786019972
0 0.3066532258064516 0.21626248216833097 0.28266129032258064 0.017118402282453638
0 0.12016129032258065 0.21626248216833097 0.03790322580645161 0.014265335235378032
0 0.12903225806451613 0.23894436519258203 0.05967741935483871 0.015691868758915834
0 0.11915322580645162 0.262339514978602 0.039919354838709675 0.015691868758915834
0 0.27580645161290324 0.262339514978602 0.11935483870967742 0.015691868758915834
0 0.3774193548387097 0.262339514978602 0.062096774193548386 0.015691868758915834
0 0.43709677419354837 0.262339514978602 0.03951612903225806 0.015691868758915834
0 0.5175403225806452 0.262339514978602 0.10362903225806451 0.015691868758915834
0 0.5971774193548387 0.262339514978602 0.041935483870967745 0.015691868758915834
0 0.18528225806451612 0.2631954350927247 0.04395161290322581 0.013980028530670471
0 0.15120967741935484 0.2967189728958631 0.050806451612903224 0.015406562054208274
0 0.24375 0.2967189728958631 0.12137096774193548 0.015406562054208274
0 0.43266129032258066 0.2967189728958631 0.22983870967741934 0.015406562054208274
0 0.572983870967742 0.2967189728958631 0.03306451612903226 0.015406562054208274
0 0.6125 0.2967189728958631 0.03306451612903226 0.015406562054208274
0 0.10241935483870968 0.29757489300998574 0.01129032258064516 0.010841654778887305
0 0.23387096774193547 0.3185449358059914 0.11935483870967742 0.015691868758915834
0 0.3342741935483871 0.31940085592011414 0.05967741935483871 0.017403708987161197
0 0.4183467741935484 0.31940085592011414 0.0907258064516129 0.017403708987161197
0 0.5032258064516129 0.31940085592011414 0.062096774193548386 0.017403708987161197
0 0.5917338709677419 0.31940085592011414 0.039919354838709675 0.017403708987161197
0 0.6524193548387097 0.31940085592011414 0.05967741935483871 0.017403708987161197
0 0.722983870967742 0.31940085592011414 0.05967741935483871 0.017403708987161197
0 0.8643145161290322 0.31940085592011414 0.10846774193548388 0.017403708987161197
0 0.10241935483870968 0.320114122681883 0.01129032258064516 0.012553495007132667
0 0.1443548387096774 0.31940085592011414 0.041935483870967745 0.013980028530670471
0 0.553024193548387 0.3202567760342368 0.01975806451612903 0.015691868758915834
0 0.7814516129032258 0.3202567760342368 0.03951612903225806 0.015691868758915834
0 0.1157258064516129 0.36547788873038517 0.03790322580645161 0.015406562054208274
0 0.22620967741935483 0.36547788873038517 0.0814516129032258 0.015406562054208274
0 0.2923387096774194 0.36547788873038517 0.03306451612903226 0.015406562054208274
0 0.16330645161290322 0.36547788873038517 0.017741935483870968 0.012553495007132667
0 0.2245967741935484 0.3885877318116976 0.07983870967741935 0.017118402282453638
0 0.2879032258064516 0.38730385164051356 0.024193548387096774 0.015691868758915834
0 0.16310483870967743 0.38887303851640515 0.013306451612903225 0.012553495007132667
0 0.3233870967741935 0.38815977175463623 0.03306451612903226 0.013980028530670471
0 0.16310483870967743 0.4108416547788873 0.013306451612903225 0.012553495007132667
0 0.2252016129032258 0.41069900142653354 0.07943548387096774 0.015691868758915834
0 0.28689516129032255 0.4099857346647646 0.02217741935483871 0.014265335235378032
0 0.3233870967741935 0.41069900142653354 0.03306451612903226 0.015691868758915834
0 0.25725806451612904 0.4333808844507846 0.1435483870967742 0.017118402282453638
0 0.16310483870967743 0.43423680456490726 0.013306451612903225 0.012553495007132667
0 0.34758064516129034 0.43352353780313835 0.024193548387096774 0.013980028530670471
0 0.3840725806451613 0.43423680456490726 0.03508064516129032 0.015406562054208274
0 0.28568548387096776 0.45706134094151213 0.20120967741935483 0.017118402282453638
0 0.4149193548387097 0.45606276747503566 0.035483870967741936 0.015691868758915834
0 0.4679435483870968 0.45606276747503566 0.02217741935483871 0.015691868758915834
0 0.16431451612903225 0.4569186875891583 0.01975806451612903 0.013980028530670471
0 0.5243951612903226 0.7263908701854493 0.3907258064516129 0.02168330955777461
0 0.5574596774193549 0.8022824536376605 0.09475806451612903 0.010841654778887305
0 0.8433467741935484 0.8029957203994293 0.031048387096774193 0.0094151212553495
0 0.8709677419354839 0.8029957203994293 0.01532258064516129 0.0094151212553495
0 0.8897177419354839 0.8029957203994293 0.017338709677419354 0.0094151212553495
0 0.2282258064516129 0.8069900142653352 0.050806451612903224 0.013980028530670471
0 0.43266129032258066 0.8069900142653352 0.04838709677419355 0.013980028530670471
0 0.6455645161290322 0.8069900142653352 0.050806451612903224 0.013980028530670471
0 0.12782258064516128 0.8084165477888731 0.0532258064516129 0.011126961483594865
0 0.32217741935483873 0.8084165477888731 0.03951612903225806 0.011126961483594865
0 0.7417338709677419 0.8084165477888731 0.039919354838709675 0.011126961483594865
0 0.5165322580645161 0.815549215406562 0.012903225806451613 0.0094151212553495
0 0.853225806451613 0.816262482168331 0.050806451612903224 0.014265335235378032
0 0.11995967741935484 0.8419400855920114 0.046370967741935484 0.012553495007132667
0 0.1157258064516129 0.8646219686162625 0.03306451612903226 0.013980028530670471
0 0.19193548387096773 0.8646219686162625 0.10161290322580645 0.013980028530670471
0 0.27580645161290324 0.8639087018544935 0.07096774193548387 0.012553495007132667
0 0.5463709677419355 0.8639087018544935 0.03306451612903226 0.012553495007132667
0 0.29354838709677417 0.8825962910128388 0.0532258064516129 0.015691868758915834
0 0.3554435483870968 0.8825962910128388 0.05282258064516129 0.015691868758915834
0 0.4181451612903226 0.8825962910128388 0.050806451612903224 0.015691868758915834
0 0.5673387096774194 0.8825962910128388 0.15483870967741936 0.015691868758915834
0 0.23266129032258065 0.8834522111269615 0.050806451612903224 0.013980028530670471
0 0.4689516129032258 0.8834522111269615 0.024193548387096774 0.011126961483594865
0 0.14879032258064517 0.8912981455064194 0.041935483870967745 0.010841654778887305
0 0.3320564516129032 0.916262482168331 0.046370967741935484 0.013980028530670471
0 0.8046370967741936 0.9171184022824537 0.12137096774193548 0.015691868758915834
0 0.10786290322580645 0.9178316690442225 0.013306451612903225 0.010841654778887305
0 0.12459677419354839 0.9178316690442225 0.01532258064516129 0.010841654778887305
0 0.15342741935483872 0.9169757489300998 0.028629032258064516 0.012553495007132667
0 0.19193548387096773 0.9178316690442225 0.035483870967741936 0.010841654778887305
0 0.225 0.9169757489300998 0.03951612903225806 0.012553495007132667
0 0.553024193548387 0.9178316690442225 0.08588709677419355 0.010841654778887305
0 0.6159274193548387 0.9178316690442225 0.04395161290322581 0.014265335235378032
0 0.6778225806451613 0.9178316690442225 0.017741935483870968 0.010841654778887305
0 0.6578629032258064 0.9194008559201141 0.02620967741935484 0.011126961483594865
0 0.4657258064516129 0.9382310984308131 0.04838709677419355 0.013980028530670471
0 0.5288306451612903 0.9389443651925821 0.046370967741935484 0.012553495007132667
0 0.5961693548387097 0.9382310984308131 0.07943548387096774 0.013980028530670471
0 0.3993951612903226 0.9396576319543509 0.031048387096774193 0.011126961483594865
0 0.42923387096774196 0.9389443651925821 0.01975806451612903 0.012553495007132667
