0 0.13346774193548386 0.09514978601997147 0.050806451612903224 0.015691868758915834
0 0.4879032258064516 0.10998573466476462 0.04838709677419355 0.013980028530670471
0 0.5639112903225807 0.1122681883024251 0.0907258064516129 0.012268188302425107
0 0.43608870967741936 0.1115549215406562 0.046370967741935484 0.010841654778887305
0 0.5108870967741935 0.1544935805991441 0.32903225806451614 0.021968616262482168
0 0.20504032258064517 0.21626248216833097 0.07943548387096774 0.017118402282453638
0 0.12016129032258065 0.21626248216833097 0.03790322580645161 0.014265335235378032
0 0.12903225806451613 0.2396576319543509 0.05967741935483871 0.017118402282453638
0 0.11915322580645162 0.262339514978602 0.039919354838709675 0.015691868758915834
0 0.18649193548387097 0.262339514978602 0.046370967741935484 0.015691868758915834
0 0.24495967741935484 0.262339514978602 0.039919354838709675 0.015691868758915834
0 0.3056451612903226 0.262339514978602 0.05967741935483871 0.015691868758915834
0 0.37620967741935485 0.262339514978602 0.05967741935483871 0.015691868758915834
0 0.5066532258064516 0.262339514978602 0.08185483870967741 0.015691868758915834
0 0.6072580645161291 0.2630527817403709 0.10161290322580645 0.017118402282453638
0 0.6887096774193548 0.262339514978602 0.03951612903225806 0.015691868758915834
0 0.7383064516129032 0.262339514978602 0.041935483870967745 0.015691868758915834
0 0.8102822580645161 0.262339514978602 0.07943548387096774 0.015691868758915834
0 0.43709677419354837 0.2631954350927247 0.03951612903225806 0.013980028530670471
0 0.14112903225806453 0.2967189728958631 0.04838709677419355 0.015406562054208274
0 0.24939516129032258 0.2967189728958631 0.13669354838709677 0.015406562054208274
0 0.3596774193548387 0.2967189728958631 0.075 0.015406562054208274
0 0.42379032258064514 0.2967189728958631 0.03951612903225806 0.015406562054208274
0 0.4778225806451613 0.2967189728958631 0.05967741935483871 0.015406562054208274
0 0.5320564516129033 0.2967189728958631 0.039919354838709675 0.015406562054208274
0 0.5772177419354839 0.2967189728958631 0.0375 0.015406562054208274
0 0.6324596774193548 0.2967189728958631 0.059274193548387095 0.015406562054208274
0 0.7086693548387096 0.2967189728958631 0.06169354838709677 0.015406562054208274
0 0.10463709677419354 0.29743223965763194 0.01975806451612903 0.013980028530670471
0 0.24495967741935484 0.31940085592011414 0.039919354838709675 0.017403708987161197
0 0.40181451612903224 0.31940085592011414 0.039919354838709675 0.017403708987161197
0 0.5209677419354839 0.31940085592011414 0.05725806451612903 0.017403708987161197
0 0.7076612903225806 0.31940085592011414 0.07741935483870968 0.017403708987161197
0 0.8179435483870968 0.31940085592011414 0.13024193548387097 0.017403708987161197
0 0.1034274193548387 0.320114122681883 0.013306451612903225 0.012553495007132667
0 0.14556451612903226 0.3202567760342368 0.0532258064516129 0.015691868758915834
0 0.19858870967741934 0.3202567760342368 0.039919354838709675 0.015691868758915834
0 0.3002016129032258 0.31940085592011414 0.05766129032258065 0.013980028530670471
0 0.3564516129032258 0.31940085592011414 0.03790322580645161 0.013980028530670471
0 0.42923387096774196 0.31940085592011414 0.01975806451612903 0.013980028530670471
0 0.46673387096774194 0.31940085592011414 0.0375 0.013980028530670471
0 0.5870967741935483 0.31940085592011414 0.05725806451612903 0.013980028530670471
0 0.6413306451612903 0.3202567760342368 0.0375 0.015691868758915834
0 0.9074596774193548 0.3202567760342368 0.039919354838709675 0.015691868758915834
0 0.14778225806451614 0.3419400855920114 0.05766129032258065 0.015691868758915834
0 0.2129032258064516 0.3419400855920114 0.05967741935483871 0.015691868758915834
0 0.2669354838709677 0.3419400855920114 0.03951612903225806 0.015691868758915834
0 0.34213709677419357 0.3419400855920114 0.09717741935483871 0.015691868758915834
0 0.42701612903225805 0.3419400855920114 0.05967741935483871 0.015691868758915834
0 0.12459677419354839 0.36861626248216833 0.02903225806451613 0.015406562054208274
0 0.18044354838709678 0.36990014265335236 0.07540322580645162 0.016833095577746076
0 0.8665322580645162 0.38430813124108415 0.07258064516129033 0.012553495007132667
0 0.9163306451612904 0.38430813124108415 0.02217741935483871 0.012553495007132667
0 0.24616935483870966 0.41069900142653354 0.07298387096774193 0.015691868758915834
0 0.4368951612903226 0.41069900142653354 0.07056451612903226 0.015691868758915834
0 0.5794354838709678 0.4099857346647646 0.050806451612903224 0.014265335235378032
0 0.6445564516129032 0.41069900142653354 0.07056451612903226 0.015691868758915834
0 0.8300403225806452 0.41069900142653354 0.07056451612903226 0.015691868758915834
0 0.1588709677419355 0.4405135520684736 0.0532258064516129 0.015406562054208274
0 0.2161290322580645 0.43980028530670473 0.0532258064516129 0.013980028530670471
0 0.3243951612903226 0.4405135520684736 0.07056451612903226 0.015406562054208274
0 0.6445564516129032 0.4405135520684736 0.03508064516129032 0.015406562054208274
0 0.6887096774193548 0.43980028530670473 0.04838709677419355 0.013980028530670471
0 0.8721774193548387 0.4405135520684736 0.05725806451612903 0.015406562054208274
0 0.2669354838709677 0.4412268188302425 0.035483870967741936 0.013980028530670471
0 0.5419354838709678 0.4412268188302425 0.0467741935483871 0.013980028530670471
0 0.5860887096774193 0.4412268188302425 0.028629032258064516 0.011126961483594865
0 0.6149193548387096 0.4405135520684736 0.024193548387096774 0.012553495007132667
0 0.7836693548387097 0.4412268188302425 0.04395161290322581 0.013980028530670471
0 0.8280241935483871 0.4412268188302425 0.031048387096774193 0.013980028530670471
0 0.44475806451612904 0.45149786019971466 0.08629032258064516 0.015691868758915834
0 0.1875 0.4614835948644793 0.11935483870967742 0.013980028530670471
0 0.2691532258064516 0.4614835948644793 0.03508064516129032 0.013980028530670471
0 0.32883064516129035 0.4614835948644793 0.07056451612903226 0.013980028530670471
0 0.5772177419354839 0.462339514978602 0.028629032258064516 0.012268188302425107
0 0.6181451612903226 0.4614835948644793 0.05725806451612903 0.013980028530670471
0 0.6723790322580645 0.4614835948644793 0.046370967741935484 0.013980028530670471
0 0.832258064516129 0.4614835948644793 0.04838709677419355 0.013980028530670471
0 0.18528225806451612 0.5021398002853067 0.0842741935483871 0.017118402282453638
0 0.26048387096774195 0.5021398002853067 0.05725806451612903 0.017118402282453638
0 0.34415322580645163 0.5021398002853067 0.09717741935483871 0.017118402282453638
0 0.41935483870967744 0.5021398002853067 0.04435483870967742 0.017118402282453638
0 0.5165322580645161 0.5021398002853067 0.13709677419354838 0.017118402282453638
0 0.6622983870967742 0.5014265335235378 0.13266129032258064 0.015691868758915834
0 0.75625 0.5014265335235378 0.0375 0.015691868758915834
0 0.12459677419354839 0.5029957203994294 0.024193548387096774 0.012553495007132667
0 0.1840725806451613 0.5263908701854494 0.08185483870967741 0.015406562054208274
0 0.25483870967741934 0.5263908701854494 0.050806451612903224 0.015406562054208274
0 0.3497983870967742 0.5263908701854494 0.06411290322580646 0.015406562054208274
0 0.12358870967741936 0.5271041369472182 0.02217741935483871 0.013980028530670471
0 0.3002016129032258 0.5271041369472182 0.031048387096774193 0.013980028530670471
0 0.12459677419354839 0.5499286733238231 0.024193548387096774 0.015691868758915834
0 0.1848790322580645 0.5512125534950071 0.0842741935483871 0.017118402282453638
0 0.2506048387096774 0.5499286733238231 0.0375 0.015691868758915834
0 0.2957661290322581 0.5499286733238231 0.039919354838709675 0.015691868758915834
0 0.1875 0.5960057061340941 0.08387096774193549 0.017118402282453638
0 0.37963709677419355 0.5960057061340941 0.07540322580645162 0.017118402282453638
0 0.4879032258064516 0.5960057061340941 0.1282258064516129 0.017118402282453638
0 0.5784274193548387 0.5960057061340941 0.039919354838709675 0.017118402282453638
0 0.11451612903225807 0.5967189728958631 0.035483870967741936 0.015691868758915834
0 0.26149193548387095 0.5958630527817403 0.059274193548387095 0.013980028530670471
0 0.3155241935483871 0.5967189728958631 0.039919354838709675 0.015691868758915834
0 0.6590725806451613 0.5967189728958631 0.1125 0.015691868758915834
0 0.7362903225806452 0.5958630527817403 0.03306451612903226 0.013980028530670471
0 0.18870967741935485 0.6186875891583452 0.041935483870967745 0.015691868758915834
0 0.24495967741935484 0.6186875891583452 0.05766129032258065 0.015691868758915834
0 0.30685483870967745 0.6186875891583452 0.05725806451612903 0.015691868758915834
0 0.38064516129032255 0.6186875891583452 0.07741935483870968 0.015691868758915834
0 0.1532258064516129 0.6194008559201141 0.020161290322580645 0.014265335235378032
0 0.4425403225806452 0.6194008559201141 0.03346774193548387 0.014265335235378032
0 0.1532258064516129 0.642796005706134 0.01532258064516129 0.014265335235378032
0 0.1875 0.6420827389443652 0.03951612903225806 0.015691868758915834
0 0.24153225806451614 0.6420827389443652 0.05967741935483871 0.015691868758915834
0 0.3167338709677419 0.6420827389443652 0.07701612903225806 0.015691868758915834
0 0.39838709677419354 0.6420827389443652 0.07741935483870968 0.015691868758915834
0 0.45907258064516127 0.6420827389443652 0.03508064516129032 0.015691868758915834
0 0.5034274193548387 0.6420827389443652 0.02217741935483871 0.015691868758915834
