0 0.6346774193548387 0.7841654778887304 0.02903225806451613 0.0094151212553495
0 0.663508064516129 0.7841654778887304 0.01975806451612903 0.0094151212553495
0 0.682258064516129 0.7841654778887304 0.017741935483870968 0.0094151212553495
0 0.22943548387096774 0.7881597717546363 0.0532258064516129 0.013980028530670471
0 0.42600806451612905 0.7881597717546363 0.03508064516129032 0.013980028530670471
0 0.12903225806451613 0.7897289586305278 0.050806451612903224 0.010841654778887305
0 0.32318548387096774 0.7897289586305278 0.0375 0.010841654778887305
0 0.5219758064516129 0.7888730385164051 0.028629032258064516 0.012553495007132667
0 0.6358870967741935 0.796718972895863 0.035483870967741936 0.012268188302425107
0 0.12560483870967742 0.8225392296718973 0.04395161290322581 0.010841654778887305
0 0.11794354838709678 0.8646219686162625 0.03346774193548387 0.013980028530670471
0 0.1907258064516129 0.8646219686162625 0.09516129032258064 0.013980028530670471
0 0.5473790322580645 0.8647646219686163 0.031048387096774193 0.010841654778887305
0 0.2439516129032258 0.8818830242510699 0.06854838709677419 0.014265335235378032
0 0.31209677419354837 0.8818830242510699 0.050806451612903224 0.014265335235378032
0 0.43588709677419357 0.8818830242510699 0.08629032258064516 0.014265335235378032
0 0.5826612903225806 0.8825962910128388 0.11935483870967742 0.015691868758915834
0 0.36532258064516127 0.8827389443651926 0.03306451612903226 0.012553495007132667
0 0.5012096774193548 0.8834522111269615 0.02661290322580645 0.011126961483594865
0 0.14899193548387096 0.8904422253922967 0.046370967741935484 0.012553495007132667
0 0.6858870967741936 0.8911554921540656 0.042741935483870966 0.011697574893009986
0 0.7794354838709677 0.8921540656205421 0.02661290322580645 0.012553495007132667
0 0.7461693548387097 0.8920114122681883 0.031048387096774193 0.0094151212553495
0 0.8068548387096774 0.8920114122681883 0.01532258064516129 0.0094151212553495
0 0.24274193548387096 0.8991440798858773 0.06612903225806452 0.013980028530670471
0 0.11895161290322581 0.9169757489300998 0.035483870967741936 0.012553495007132667
0 0.17419354838709677 0.9178316690442225 0.062096774193548386 0.010841654778887305
0 0.2284274193548387 0.9169757489300998 0.0375 0.012553495007132667
0 0.3342741935483871 0.9169757489300998 0.041935483870967745 0.012553495007132667
0 0.39737903225806454 0.9178316690442225 0.06169354838709677 0.010841654778887305
0 0.4491935483870968 0.9169757489300998 0.03790322580645161 0.012553495007132667
0 0.7725806451612903 0.9178316690442225 0.035483870967741936 0.014265335235378032
