0 0.38729838709677417 0.07717546362339515 0.046370967741935484 0.011126961483594865
0 0.4381048387096774 0.07646219686162625 0.046370967741935484 0.012553495007132667
0 0.4854838709677419 0.07646219686162625 0.03387096774193549 0.011982881597717546
0 0.5286290322580646 0.07646219686162625 0.03306451612903226 0.012553495007132667
0 0.5752016129032258 0.07717546362339515 0.046370967741935484 0.011126961483594865
0 0.6203629032258065 0.07717546362339515 0.031048387096774193 0.011126961483594865
0 0.8399193548387097 0.11312410841654778 0.050806451612903224 0.017403708987161197
0 0.5 0.1209700427960057 0.20967741935483872 0.023395149786019972
0 0.8411290322580646 0.12796005706134095 0.03951612903225806 0.015691868758915834
0 0.11915322580645162 0.1818830242510699 0.039919354838709675 0.013980028530670471
0 0.20504032258064517 0.18273894436519258 0.07943548387096774 0.015691868758915834
0 0.12883064516129034 0.20613409415121256 0.06411290322580646 0.015691868758915834
0 0.25483870967741934 0.22881597717546362 0.03790322580645161 0.017118402282453638
0 0.35625 0.22881597717546362 0.13911290322580644 0.017118402282453638
0 0.5264112903225806 0.22881597717546362 0.09959677419354838 0.017118402282453638
0 0.11915322580645162 0.22867332382310984 0.039919354838709675 0.013980028530670471
0 0.1941532258064516 0.22952924393723254 0.06169354838709677 0.015691868758915834
0 0.45141129032258065 0.22867332382310984 0.03346774193548387 0.013980028530670471
0 0.6203629032258065 0.22952924393723254 0.06169354838709677 0.015691868758915834
0 0.6778225806451613 0.22952924393723254 0.03951612903225806 0.015691868758915834
0 0.20403225806451614 0.2630527817403709 0.1967741935483871 0.017118402282453638
0 0.33548387096774196 0.262339514978602 0.05725806451612903 0.015691868758915834
0 0.388508064516129 0.262339514978602 0.05282258064516129 0.015691868758915834
0 0.4625 0.262339514978602 0.07741935483870968 0.015691868758915834
0 0.5298387096774193 0.262339514978602 0.03951612903225806 0.015691868758915834
0 0.6094758064516129 0.262339514978602 0.09717741935483871 0.015691868758915834
0 0.7362903225806452 0.262339514978602 0.05967741935483871 0.015691868758915834
0 0.7957661290322581 0.262339514978602 0.0375 0.015691868758915834
0 0.8643145161290322 0.2630527817403709 0.07701612903225806 0.017118402282453638
0 0.683266129032258 0.2631954350927247 0.03346774193548387 0.013980028530670471
0 0.3598790322580645 0.2850213980028531 0.12379032258064517 0.017118402282453638
0 0.13548387096774195 0.28573466476462195 0.07741935483870968 0.015691868758915834
0 0.21169354838709678 0.28573466476462195 0.05725806451612903 0.015691868758915834
0 0.2691532258064516 0.28573466476462195 0.039919354838709675 0.015691868758915834
0 0.4645161290322581 0.28573466476462195 0.05967741935483871 0.015691868758915834
0 0.5342741935483871 0.28573466476462195 0.05725806451612903 0.015691868758915834
0 0.6213709677419355 0.28573466476462195 0.09919354838709678 0.015691868758915834
0 0.7284274193548387 0.28573466476462195 0.09717741935483871 0.015691868758915834
0 0.8201612903225807 0.28573466476462195 0.06854838709677419 0.015691868758915834
0 0.1157258064516129 0.3310984308131241 0.03790322580645161 0.015691868758915834
0 0.2161290322580645 0.3310984308131241 0.14112903225806453 0.015691868758915834
0 0.32661290322580644 0.3310984308131241 0.062096774193548386 0.015691868758915834
0 0.3875 0.3310984308131241 0.041935483870967745 0.015691868758915834
0 0.4348790322580645 0.3310984308131241 0.03508064516129032 0.015691868758915834
0 0.4889112903225806 0.3310984308131241 0.024596774193548387 0.015691868758915834
0 0.4625 0.83509272467903 0.01532258064516129 0.010841654778887305
0 0.4149193548387097 0.8358059914407988 0.03064516129032258 0.0094151212553495
0 0.4425403225806452 0.8358059914407988 0.015725806451612902 0.0094151212553495
0 0.22620967741935483 0.8398002853067047 0.050806451612903224 0.013980028530670471
0 0.13004032258064516 0.8412268188302425 0.05282258064516129 0.011126961483594865
0 0.31129032258064515 0.8412268188302425 0.02661290322580645 0.011126961483594865
0 0.42600806451612905 0.8475035663338089 0.05282258064516129 0.013980028530670471
0 0.1247983870967742 0.8758915834522111 0.044758064516129036 0.011412268188302425
0 0.21512096774193548 0.8960057061340941 0.1125 0.013980028530670471
0 0.5332661290322581 0.8980028530670471 0.03185483870967742 0.011697574893009986
0 0.11794354838709678 0.896718972895863 0.03346774193548387 0.012553495007132667
0 0.1532258064516129 0.896718972895863 0.01532258064516129 0.00912981455064194
0 0.14899193548387096 0.9146932952924394 0.046370967741935484 0.014265335235378032
0 0.24818548387096775 0.9146932952924394 0.08588709677419355 0.014265335235378032
0 0.3165322580645161 0.9146932952924394 0.03306451612903226 0.014265335235378032
0 0.4403225806451613 0.9154065620542082 0.08629032258064516 0.015691868758915834
0 0.552016129032258 0.9146932952924394 0.11935483870967742 0.014265335235378032
0 0.11028225806451612 0.9154065620542082 0.013306451612903225 0.0094151212553495
0 0.3663306451612903 0.916262482168331 0.04879032258064516 0.011126961483594865
0 0.6689516129032258 0.916262482168331 0.04435483870967742 0.013980028530670471
0 0.7175403225806452 0.916262482168331 0.03508064516129032 0.011126961483594865
0 0.7693548387096775 0.916262482168331 0.05967741935483871 0.011126961483594865
0 0.8169354838709677 0.916262482168331 0.017741935483870968 0.011126961483594865
0 0.19294354838709676 0.9333808844507846 0.10362903225806451 0.013980028530670471
0 0.40725806451612906 0.9333808844507846 0.10403225806451613 0.013980028530670471
0 0.5584677419354839 0.9342368045649073 0.017741935483870968 0.012268188302425107
0 0.5959677419354839 0.9342368045649073 0.05725806451612903 0.012268188302425107
0 0.7826612903225807 0.9333808844507846 0.09516129032258064 0.013980028530670471
0 0.11895161290322581 0.9349500713266762 0.035483870967741936 0.010841654778887305
0 0.32661290322580644 0.9342368045649073 0.04435483870967742 0.012268188302425107
0 0.5286290322580646 0.9349500713266762 0.041935483870967745 0.010841654778887305
0 0.6403225806451613 0.9349500713266762 0.017741935483870968 0.010841654778887305
