0 0.13346774193548386 0.09514978601997147 0.050806451612903224 0.015691868758915834
0 0.36733870967741933 0.1115549215406562 0.05967741935483871 0.010841654778887305
0 0.42036290322580644 0.1115549215406562 0.028629032258064516 0.010841654778887305
0 0.49556451612903224 0.1115549215406562 0.09032258064516129 0.010841654778887305
0 0.5705645161290323 0.1115549215406562 0.041935483870967745 0.010841654778887305
0 0.6016129032258064 0.1115549215406562 0.01532258064516129 0.010841654778887305
0 0.6477822580645162 0.11069900142653352 0.06411290322580646 0.012553495007132667
0 0.5110887096774194 0.1544935805991441 0.36008064516129035 0.021968616262482168
0 0.8985887096774193 0.150641940085592 0.02620967741935484 0.014265335235378032
0 0.8544354838709678 0.15763195435092725 0.05725806451612903 0.021968616262482168
0 0.8975806451612903 0.162339514978602 0.024193548387096774 0.012553495007132667
0 0.20504032258064517 0.21626248216833097 0.07943548387096774 0.017118402282453638
0 0.12016129032258065 0.21626248216833097 0.03790322580645161 0.014265335235378032
0 0.12903225806451613 0.23894436519258203 0.05967741935483871 0.015691868758915834
0 0.11915322580645162 0.262339514978602 0.039919354838709675 0.015691868758915834
0 0.20403225806451614 0.2630527817403709 0.0814516129032258 0.017118402282453638
0 0.2747983870967742 0.262339514978602 0.0375 0.015691868758915834
0 0.33669354838709675 0.262339514978602 0.05967741935483871 0.015691868758915834
0 0.39737903225806454 0.262339514978602 0.039919354838709675 0.015691868758915834
0 0.4965725806451613 0.262339514978602 0.039919354838709675 0.015691868758915834
0 0.5584677419354839 0.262339514978602 0.062096774193548386 0.015691868758915834
0 0.6181451612903226 0.262339514978602 0.03951612903225806 0.015691868758915834
0 0.44818548387096774 0.2631954350927247 0.039919354838709675 0.013980028530670471
0 0.15120967741935484 0.2967189728958631 0.050806451612903224 0.015406562054208274
0 0.27157258064516127 0.2967189728958631 0.1721774193548387 0.015406562054208274
0 0.38629032258064516 0.2967189728958631 0.062096774193548386 0.015406562054208274
0 0.1034274193548387 0.29757489300998574 0.013306451612903225 0.010841654778887305
0 0.16370967741935483 0.3208273894436519 0.08225806451612903 0.016833095577746076
0 0.2957661290322581 0.31940085592011414 0.06169354838709677 0.017403708987161197
0 0.3564516129032258 0.3185449358059914 0.041935483870967745 0.015691868758915834
0 0.1034274193548387 0.320114122681883 0.013306451612903225 0.012553495007132667
0 0.23387096774193547 0.3202567760342368 0.03951612903225806 0.015691868758915834
0 0.4060483870967742 0.31940085592011414 0.03951612903225806 0.013980028530670471
0 0.4568548387096774 0.31940085592011414 0.03951612903225806 0.013980028530670471
0 0.5177419354838709 0.3202567760342368 0.05967741935483871 0.015691868758915834
0 0.5784274193548387 0.3202567760342368 0.039919354838709675 0.015691868758915834
0 0.12681451612903225 0.3419400855920114 0.024596774193548387 0.015691868758915834
0 0.19959677419354838 0.3419400855920114 0.09032258064516129 0.015691868758915834
0 0.2836693548387097 0.3419400855920114 0.05524193548387097 0.015691868758915834
0 0.3411290322580645 0.3419400855920114 0.050806451612903224 0.015691868758915834
0 0.49778225806451615 0.3427960057061341 0.2625 0.017403708987161197
0 0.13004032258064516 0.36547788873038517 0.02620967741935484 0.012553495007132667
0 0.1941532258064516 0.36547788873038517 0.07943548387096774 0.015406562054208274
0 0.5375 0.38815977175463623 0.041935483870967745 0.017403708987161197
0 0.6102822580645161 0.38730385164051356 0.08185483870967741 0.015691868758915834
0 0.14455645161290323 0.38815977175463623 0.01975806451612903 0.013980028530670471
0 0.1907258064516129 0.38815977175463623 0.050806451612903224 0.013980028530670471
0 0.24596774193548387 0.38815977175463623 0.041935483870967745 0.013980028530670471
0 0.3167338709677419 0.38815977175463623 0.08185483870967741 0.013980028530670471
0 0.4104838709677419 0.38815977175463623 0.04838709677419355 0.013980028530670471
0 0.4622983870967742 0.38815977175463623 0.028629032258064516 0.013980028530670471
0 0.5020161290322581 0.38815977175463623 0.03306451612903226 0.013980028530670471
0 0.6645161290322581 0.38815977175463623 0.03064516129032258 0.013980028530670471
0 0.2745967741935484 0.41069900142653354 0.041935483870967745 0.015691868758915834
0 0.3774193548387097 0.41069900142653354 0.14112903225806453 0.015691868758915834
0 0.5 0.41069900142653354 0.050806451612903224 0.015691868758915834
0 0.5518145161290322 0.41069900142653354 0.031048387096774193 0.015691868758915834
0 0.5917338709677419 0.41069900142653354 0.031048387096774193 0.015691868758915834
0 0.6282258064516129 0.41069900142653354 0.041935483870967745 0.015691868758915834
0 0.7153225806451613 0.41069900142653354 0.11451612903225807 0.015691868758915834
0 0.3465725806451613 0.4333808844507846 0.07943548387096774 0.017118402282453638
0 0.553024193548387 0.4333808844507846 0.07298387096774193 0.017118402282453638
0 0.2745967741935484 0.43352353780313835 0.041935483870967745 0.013980028530670471
0 0.4393145161290323 0.43352353780313835 0.04879032258064516 0.013980028530670471
0 0.49213709677419354 0.43352353780313835 0.031048387096774193 0.013980028530670471
0 0.6546370967741936 0.43352353780313835 0.1125 0.013980028530670471
0 0.18971774193548388 0.45606276747503566 0.04879032258064516 0.015691868758915834
0 0.2659274193548387 0.45606276747503566 0.08185483870967741 0.015691868758915834
0 0.35100806451612904 0.45606276747503566 0.07056451612903226 0.015691868758915834
0 0.42701612903225805 0.45606276747503566 0.05967741935483871 0.015691868758915834
0 0.49778225806451615 0.45606276747503566 0.059274193548387095 0.015691868758915834
0 0.5616935483870967 0.45606276747503566 0.050806451612903224 0.015691868758915834
0 0.6534274193548387 0.45606276747503566 0.11008064516129032 0.015691868758915834
0 0.742741935483871 0.45606276747503566 0.050806451612903224 0.015691868758915834
0 0.8048387096774193 0.45606276747503566 0.050806451612903224 0.015691868758915834
0 0.14455645161290323 0.4569186875891583 0.01975806451612903 0.013980028530670471
0 0.14455645161290323 0.4787446504992867 0.01975806451612903 0.014265335235378032
0 0.1907258064516129 0.47945791726105563 0.050806451612903224 0.015691868758915834
0 0.2659274193548387 0.47945791726105563 0.08185483870967741 0.015691868758915834
0 0.32560483870967744 0.47945791726105563 0.01975806451612903 0.015691868758915834
0 0.4314516129032258 0.47945791726105563 0.17016129032258065 0.015691868758915834
0 0.5584677419354839 0.47945791726105563 0.062096774193548386 0.015691868758915834
0 0.6237903225806452 0.47945791726105563 0.050806451612903224 0.015691868758915834
0 0.6778225806451613 0.47945791726105563 0.03951612903225806 0.015691868758915834
0 0.7284274193548387 0.47945791726105563 0.039919354838709675 0.015691868758915834
0 0.22056451612903225 0.5021398002853067 0.11048387096774194 0.017118402282453638
0 0.14455645161290323 0.5022824536376604 0.01975806451612903 0.013980028530670471
0 0.3034274193548387 0.5022824536376604 0.0375 0.013980028530670471
0 0.35100806451612904 0.5022824536376604 0.04879032258064516 0.013980028530670471
0 0.4316532258064516 0.5022824536376604 0.028629032258064516 0.013980028530670471
0 0.4790322580645161 0.5022824536376604 0.04838709677419355 0.013980028530670471
0 0.5320564516129033 0.5022824536376604 0.04879032258064516 0.013980028530670471
0 0.39838709677419354 0.5029957203994294 0.01532258064516129 0.00912981455064194
0 0.8401209677419355 0.7639087018544936 0.028629032258064516 0.0094151212553495
0 0.8887096774193548 0.7639087018544936 0.01532258064516129 0.0094151212553495
0 0.4342741935483871 0.7671897289586305 0.05161290322580645 0.015406562054208274
0 0.6455645161290322 0.7679029957203994 0.050806451612903224 0.013980028530670471
0 0.2306451612903226 0.7693295292439373 0.050806451612903224 0.013980028530670471
0 0.5377016129032258 0.769472182596291 0.05524193548387097 0.010841654778887305
0 0.12903225806451613 0.7701854493580599 0.050806451612903224 0.0094151212553495
0 0.32217741935483873 0.7701854493580599 0.03951612903225806 0.0094151212553495
0 0.7350806451612903 0.7701854493580599 0.02661290322580645 0.0094151212553495
0 0.8443548387096774 0.7771754636233952 0.03306451612903226 0.010841654778887305
0 0.869758064516129 0.7771754636233952 0.017741935483870968 0.010841654778887305
0 0.12439516129032258 0.8382310984308131 0.046370967741935484 0.010841654778887305
0 0.1907258064516129 0.8794579172610556 0.09516129032258064 0.015691868758915834
0 0.11794354838709678 0.8796005706134095 0.03346774193548387 0.012553495007132667
0 0.5463709677419355 0.8796005706134095 0.03306451612903226 0.012553495007132667
0 0.3199596774193548 0.897432239657632 0.03508064516129032 0.013980028530670471
0 0.4149193548387097 0.8982881597717546 0.11048387096774194 0.015691868758915834
0 0.11028225806451612 0.8990014265335236 0.013306451612903225 0.010841654778887305
0 0.14899193548387096 0.8982881597717546 0.046370967741935484 0.012268188302425107
0 0.25161290322580643 0.8991440798858773 0.08387096774193549 0.013980028530670471
0 0.6842741935483871 0.8991440798858773 0.04435483870967742 0.013980028530670471
0 0.7306451612903225 0.8982881597717546 0.035483870967741936 0.012268188302425107
0 0.757258064516129 0.8990014265335236 0.017741935483870968 0.010841654778887305
0 0.7868951612903226 0.9007132667617689 0.028629032258064516 0.010841654778887305
0 0.816733870967742 0.9007132667617689 0.02217741935483871 0.010841654778887305
0 0.8411290322580646 0.8998573466476462 0.017741935483870968 0.00912981455064194
0 0.8014112903225806 0.9171184022824537 0.09314516129032258 0.015691868758915834
0 0.11895161290322581 0.9178316690442225 0.035483870967741936 0.010841654778887305
0 0.1566532258064516 0.9169757489300998 0.031048387096774193 0.012553495007132667
0 0.1909274193548387 0.9178316690442225 0.028629032258064516 0.010841654778887305
0 0.2284274193548387 0.9169757489300998 0.0375 0.012553495007132667
0 0.33326612903225805 0.9169757489300998 0.04395161290322581 0.012553495007132667
0 0.5818548387096775 0.9178316690442225 0.041935483870967745 0.010841654778887305
0 0.540725806451613 0.9185449358059914 0.04435483870967742 0.0094151212553495
0 0.6159274193548387 0.9185449358059914 0.02620967741935484 0.0094151212553495
0 0.6358870967741935 0.9185449358059914 0.017741935483870968 0.0094151212553495
0 0.32036290322580646 0.9385164051355207 0.07137096774193548 0.012268188302425107
0 0.5120967741935484 0.9389443651925821 0.13225806451612904 0.012553495007132667
0 0.6899193548387097 0.9382310984308131 0.08629032258064516 0.013980028530670471
0 0.37641129032258064 0.9388017118402282 0.028629032258064516 0.0094151212553495
0 0.4137096774193548 0.9389443651925821 0.03306451612903226 0.012553495007132667
0 0.6038306451612904 0.9396576319543509 0.046370967741935484 0.011126961483594865
0 0.6336693548387097 0.9388017118402282 0.013306451612903225 0.0094151212553495
