0 0.13346774193548386 0.09514978601997147 0.050806451612903224 0.015691868758915834
0 0.38286290322580646 0.11069900142653352 0.06411290322580646 0.012553495007132667
0 0.4346774193548387 0.11069900142653352 0.017741935483870968 0.012553495007132667
0 0.47358870967741934 0.1115549215406562 0.046370967741935484 0.010841654778887305
0 0.5332661290322581 0.11069900142653352 0.06411290322580646 0.012553495007132667
0 0.5872983870967742 0.1115549215406562 0.031048387096774193 0.010841654778887305
0 0.6391129032258065 0.1115549215406562 0.05967741935483871 0.010841654778887305
0 0.13629032258064516 0.125962910128388 0.04516129032258064 0.011697574893009986
0 0.12439516129032258 0.13666191155492155 0.046370967741935484 0.010841654778887305
0 0.16975806451612904 0.13666191155492155 0.04435483870967742 0.010841654778887305
0 0.1465725806451613 0.1522111269614836 0.05524193548387097 0.020256776034236805
0 0.5108870967741935 0.15378031383737517 0.32903225806451614 0.023395149786019972
0 0.14455645161290323 0.1701854493580599 0.07298387096774193 0.015691868758915834
0 0.20504032258064517 0.21626248216833097 0.07943548387096774 0.017118402282453638
0 0.12016129032258065 0.21626248216833097 0.03790322580645161 0.014265335235378032
0 0.12903225806451613 0.2396576319543509 0.05967741935483871 0.017118402282453638
0 0.11915322580645162 0.262339514978602 0.039919354838709675 0.015691868758915834
0 0.19516129032258064 0.262339514978602 0.05967741935483871 0.015691868758915834
0 0.27580645161290324 0.262339514978602 0.07983870967741935 0.015691868758915834
0 0.3663306451612903 0.2630527817403709 0.07943548387096774 0.017118402282453638
0 0.47681451612903225 0.262339514978602 0.11895161290322581 0.015691868758915834
0 0.5673387096774194 0.262339514978602 0.03951612903225806 0.015691868758915834
0 0.6181451612903226 0.262339514978602 0.03951612903225806 0.015691868758915834
0 0.15120967741935484 0.2967189728958631 0.050806451612903224 0.015406562054208274
0 0.20524193548387096 0.2967189728958631 0.04435483870967742 0.015406562054208274
0 0.2558467741935484 0.2967189728958631 0.039919354838709675 0.015406562054208274
0 0.32661290322580644 0.2967189728958631 0.07983870967741935 0.015406562054208274
0 0.3951612903225806 0.2967189728958631 0.03951612903225806 0.015406562054208274
0 0.10241935483870968 0.29757489300998574 0.01129032258064516 0.010841654778887305
0 0.23608870967741935 0.31940085592011414 0.07943548387096774 0.017403708987161197
0 0.32661290322580644 0.31940085592011414 0.07983870967741935 0.017403708987161197
0 0.4469758064516129 0.31940085592011414 0.13911290322580644 0.017403708987161197
0 0.7002016129032258 0.3181169757489301 0.10201612903225807 0.016547788873038517
0 0.1034274193548387 0.320114122681883 0.013306451612903225 0.012553495007132667
0 0.15342741935483872 0.31940085592011414 0.05524193548387097 0.013980028530670471
0 0.5584677419354839 0.3202567760342368 0.062096774193548386 0.015691868758915834
0 0.6181451612903226 0.3202567760342368 0.03951612903225806 0.015691868758915834
0 0.7913306451612904 0.31940085592011414 0.06411290322580646 0.013980028530670471
0 0.12681451612903225 0.3419400855920114 0.024596774193548387 0.015691868758915834
0 0.2372983870967742 0.3419400855920114 0.046370967741935484 0.015691868758915834
0 0.3663306451612903 0.3419400855920114 0.04395161290322581 0.015691868758915834
0 0.1808467741935484 0.3427960057061341 0.04879032258064516 0.013980028530670471
0 0.28911290322580646 0.3427960057061341 0.02661290322580645 0.013980028530670471
0 0.32883064516129035 0.3427960057061341 0.02620967741935484 0.013980028530670471
0 0.4171370967741935 0.3427960057061341 0.04395161290322581 0.013980028530670471
0 0.49213709677419354 0.3427960057061341 0.05282258064516129 0.013980028530670471
0 0.12681451612903225 0.36476462196861625 0.024596774193548387 0.013980028530670471
0 0.17983870967741936 0.36547788873038517 0.050806451612903224 0.015406562054208274
0 0.2967741935483871 0.36547788873038517 0.16129032258064516 0.015406562054208274
0 0.40625 0.36547788873038517 0.06169354838709677 0.015406562054208274
0 0.12681451612903225 0.38730385164051356 0.024596774193548387 0.015691868758915834
0 0.17983870967741936 0.38815977175463623 0.050806451612903224 0.017403708987161197
0 0.2558467741935484 0.38730385164051356 0.07943548387096774 0.015691868758915834
0 0.3564516129032258 0.38730385164051356 0.024193548387096774 0.015691868758915834
0 0.4272177419354839 0.38815977175463623 0.08185483870967741 0.017403708987161197
0 0.4975806451612903 0.38730385164051356 0.041935483870967745 0.015691868758915834
0 0.5893145161290323 0.38730385164051356 0.06169354838709677 0.015691868758915834
0 0.6381048387096774 0.38730385164051356 0.02217741935483871 0.015691868758915834
0 0.6870967741935484 0.38958630527817406 0.06048387096774194 0.016833095577746076
0 0.32318548387096774 0.38815977175463623 0.0375 0.013980028530670471
0 0.5375 0.38815977175463623 0.020161290322580645 0.013980028530670471
0 0.12681451612903225 0.41069900142653354 0.024596774193548387 0.015691868758915834
0 0.17419354838709677 0.41069900142653354 0.03951612903225806 0.015691868758915834
0 0.2967741935483871 0.4326676176890157 0.041935483870967745 0.015691868758915834
0 0.36532258064516127 0.4333808844507846 0.0814516129032258 0.017118402282453638
0 0.47096774193548385 0.4349500713266762 0.10887096774193548 0.016833095577746076
0 0.5772177419354839 0.4333808844507846 0.08185483870967741 0.017118402282453638
0 0.648991935483871 0.4333808844507846 0.039919354838709675 0.017118402282453638
0 0.6987903225806451 0.4333808844507846 0.041935483870967745 0.017118402282453638
0 0.7846774193548387 0.4333808844507846 0.050806451612903224 0.017118402282453638
0 0.14556451612903226 0.43352353780313835 0.021774193548387097 0.013980028530670471
0 0.21512096774193548 0.43352353780313835 0.09959677419354838 0.013980028530670471
0 0.7397177419354839 0.43352353780313835 0.02217741935483871 0.013980028530670471
0 0.19516129032258064 0.45606276747503566 0.05967741935483871 0.015691868758915834
0 0.25483870967741934 0.45606276747503566 0.041935483870967745 0.015691868758915834
0 0.3165322580645161 0.45606276747503566 0.05967741935483871 0.015691868758915834
0 0.3961693548387097 0.4569186875891583 0.08185483870967741 0.017403708987161197
0 0.4679435483870968 0.45606276747503566 0.039919354838709675 0.015691868758915834
0 0.5165322580645161 0.45606276747503566 0.03951612903225806 0.015691868758915834
0 0.5685483870967742 0.45606276747503566 0.041935483870967745 0.015691868758915834
0 0.6181451612903226 0.45606276747503566 0.03951612903225806 0.015691868758915834
0 0.14556451612903226 0.4569186875891583 0.021774193548387097 0.013980028530670471
0 0.14455645161290323 0.47945791726105563 0.01975806451612903 0.015691868758915834
0 0.18528225806451612 0.47945791726105563 0.039919354838709675 0.015691868758915834
0 0.24495967741935484 0.47945791726105563 0.06169354838709677 0.015691868758915834
0 0.32661290322580644 0.4787446504992867 0.07983870967741935 0.014265335235378032
0 0.3961693548387097 0.47945791726105563 0.0375 0.015691868758915834
0 0.17419354838709677 0.5014265335235378 0.03951612903225806 0.015691868758915834
0 0.2967741935483871 0.5014265335235378 0.041935483870967745 0.015691868758915834
0 0.12681451612903225 0.5022824536376604 0.024596774193548387 0.013980028530670471
0 0.23508064516129032 0.5029957203994294 0.05967741935483871 0.015406562054208274
0 0.3564516129032258 0.5022824536376604 0.05967741935483871 0.013980028530670471
0 0.41592741935483873 0.5022824536376604 0.0375 0.013980028530670471
0 0.1963709677419355 0.5248216833095578 0.062096774193548386 0.015691868758915834
0 0.25483870967741934 0.5248216833095578 0.041935483870967745 0.015691868758915834
0 0.14778225806451614 0.5256776034236804 0.02620967741935484 0.013980028530670471
0 0.24838709677419354 0.5514978601997147 0.03306451612903226 0.012553495007132667
0 0.4127016129032258 0.5522111269614836 0.031048387096774193 0.011126961483594865
0 0.5838709677419355 0.5514978601997147 0.03306451612903226 0.012553495007132667
0 0.7747983870967742 0.551355206847361 0.031048387096774193 0.0094151212553495
0 0.24818548387096775 0.5756062767475035 0.08185483870967741 0.013980028530670471
0 0.4127016129032258 0.5756062767475035 0.031048387096774193 0.013980028530670471
0 0.5838709677419355 0.5756062767475035 0.050806451612903224 0.013980028530670471
0 0.24818548387096775 0.5975748930099857 0.08185483870967741 0.013980028530670471
0 0.4127016129032258 0.5967189728958631 0.031048387096774193 0.012268188302425107
0 0.5838709677419355 0.5975748930099857 0.050806451612903224 0.013980028530670471
0 0.24919354838709679 0.6178316690442225 0.08387096774193549 0.013980028530670471
0 0.4127016129032258 0.6178316690442225 0.031048387096774193 0.013980028530670471
0 0.5838709677419355 0.6178316690442225 0.050806451612903224 0.013980028530670471
0 0.24818548387096775 0.6398002853067047 0.09959677419354838 0.013980028530670471
0 0.41169354838709676 0.6398002853067047 0.03306451612903226 0.013980028530670471
0 0.5838709677419355 0.6398002853067047 0.050806451612903224 0.013980028530670471
0 0.24818548387096775 0.6614835948644793 0.11733870967741936 0.013980028530670471
0 0.41169354838709676 0.6614835948644793 0.050806451612903224 0.013980028530670471
0 0.5850806451612903 0.6614835948644793 0.04838709677419355 0.013980028530670471
0 0.14334677419354838 0.6888730385164051 0.02217741935483871 0.015691868758915834
0 0.21512096774193548 0.6888730385164051 0.09959677419354838 0.015691868758915834
0 0.30120967741935484 0.6888730385164051 0.050806451612903224 0.015691868758915834
0 0.36088709677419356 0.6888730385164051 0.050806451612903224 0.015691868758915834
0 0.411491935483871 0.6888730385164051 0.028629032258064516 0.015691868758915834
0 0.45141129032258065 0.6888730385164051 0.03346774193548387 0.015691868758915834
0 0.4889112903225806 0.6888730385164051 0.046370967741935484 0.015691868758915834
0 0.5540322580645162 0.6888730385164051 0.0532258064516129 0.015691868758915834
0 0.6590725806451613 0.6888730385164051 0.13911290322580644 0.015691868758915834
0 0.7836693548387097 0.6888730385164051 0.08830645161290322 0.015691868758915834
0 0.1842741935483871 0.7108416547788873 0.05967741935483871 0.015691868758915834
0 0.26713709677419356 0.7115549215406562 0.07943548387096774 0.017118402282453638
0 0.4171370967741935 0.7115549215406562 0.19879032258064516 0.017118402282453638
0 0.1157258064516129 0.7115549215406562 0.03790322580645161 0.014265335235378032
0 0.5473790322580645 0.7115549215406562 0.039919354838709675 0.014265335235378032
0 0.5949596774193548 0.7122681883024251 0.03346774193548387 0.015691868758915834
0 0.65 0.7122681883024251 0.024193548387096774 0.015691868758915834
