0 0.13346774193548386 0.09514978601997147 0.050806451612903224 0.015691868758915834
0 0.4183467741935484 0.11069900142653352 0.046370967741935484 0.012553495007132667
0 0.4856854838709677 0.1115549215406562 0.07056451612903226 0.010841654778887305
0 0.5550403225806452 0.1115549215406562 0.046370967741935484 0.010841654778887305
0 0.6137096774193549 0.1115549215406562 0.0532258064516129 0.010841654778887305
0 0.5131048387096774 0.15378031383737517 0.2979838709677419 0.023395149786019972
0 0.3167338709677419 0.21626248216833097 0.30282258064516127 0.017118402282453638
0 0.12016129032258065 0.21626248216833097 0.03790322580645161 0.014265335235378032
0 0.12459677419354839 0.23894436519258203 0.050806451612903224 0.015691868758915834
0 0.11915322580645162 0.262339514978602 0.039919354838709675 0.015691868758915834
0 0.2967741935483871 0.2630527817403709 0.16129032258064516 0.017118402282453638
0 0.40725806451612906 0.262339514978602 0.041935483870967745 0.015691868758915834
0 0.4568548387096774 0.262339514978602 0.03951612903225806 0.015691868758915834
0 0.51875 0.262339514978602 0.06169354838709677 0.015691868758915834
0 0.5762096774193548 0.262339514978602 0.03951612903225806 0.015691868758915834
0 0.18528225806451612 0.2631954350927247 0.04395161290322581 0.013980028530670471
0 0.15 0.2967189728958631 0.04838709677419355 0.015406562054208274
0 0.24495967741935484 0.2967189728958631 0.11895161290322581 0.015406562054208274
0 0.44475806451612904 0.2967189728958631 0.25806451612903225 0.015406562054208274
0 0.6036290322580645 0.2967189728958631 0.03306451612903226 0.015406562054208274
0 0.6423387096774194 0.2967189728958631 0.035483870967741936 0.015406562054208274
0 0.10241935483870968 0.29757489300998574 0.01129032258064516 0.010841654778887305
0 0.2725806451612903 0.31940085592011414 0.1967741935483871 0.017403708987161197
0 0.40060483870967745 0.31940085592011414 0.04233870967741935 0.017403708987161197
0 0.4790322580645161 0.31940085592011414 0.10161290322580645 0.017403708987161197
0 0.5860887096774193 0.32054208273894436 0.0407258064516129 0.016262482168330955
0 0.646774193548387 0.31940085592011414 0.05725806451612903 0.017403708987161197
0 0.7747983870967742 0.31940085592011414 0.039919354838709675 0.017403708987161197
0 0.8554435483870968 0.31940085592011414 0.10362903225806451 0.017403708987161197
0 0.10241935483870968 0.320114122681883 0.01129032258064516 0.012553495007132667
0 0.1443548387096774 0.31940085592011414 0.041935483870967745 0.013980028530670471
0 0.5473790322580645 0.3202567760342368 0.02217741935483871 0.015691868758915834
0 0.7153225806451613 0.3202567760342368 0.062096774193548386 0.015691868758915834
0 0.11471774193548387 0.38730385164051356 0.039919354838709675 0.015691868758915834
0 0.23508064516129032 0.38815977175463623 0.09919354838709678 0.017403708987161197
0 0.3963709677419355 0.38730385164051356 0.1435483870967742 0.015691868758915834
0 0.1655241935483871 0.38887303851640515 0.013306451612903225 0.012553495007132667
0 0.3056451612903226 0.3890156918687589 0.020161290322580645 0.015691868758915834
0 0.49435483870967745 0.38815977175463623 0.035483870967741936 0.013980028530670471
0 0.16431451612903225 0.4115549215406562 0.015725806451612902 0.013980028530670471
0 0.2252016129032258 0.41069900142653354 0.07943548387096774 0.015691868758915834
0 0.2913306451612903 0.41069900142653354 0.03508064516129032 0.015691868758915834
0 0.23608870967741935 0.4333808844507846 0.10120967741935484 0.017118402282453638
0 0.16310483870967743 0.43423680456490726 0.013306451612903225 0.012553495007132667
0 0.3122983870967742 0.43423680456490726 0.0375 0.015406562054208274
0 0.36733870967741933 0.43423680456490726 0.024193548387096774 0.015406562054208274
0 0.5243951612903226 0.7263908701854493 0.3907258064516129 0.02168330955777461
0 0.5574596774193549 0.8022824536376605 0.09475806451612903 0.010841654778887305
0 0.8433467741935484 0.8029957203994293 0.031048387096774193 0.0094151212553495
0 0.8709677419354839 0.8029957203994293 0.01532258064516129 0.0094151212553495
0 0.8897177419354839 0.8029957203994293 0.017338709677419354 0.0094151212553495
0 0.2282258064516129 0.8069900142653352 0.050806451612903224 0.013980028530670471
0 0.4338709677419355 0.8069900142653352 0.050806451612903224 0.013980028530670471
0 0.6455645161290322 0.8069900142653352 0.050806451612903224 0.013980028530670471
0 0.12782258064516128 0.8084165477888731 0.0532258064516129 0.011126961483594865
0 0.32217741935483873 0.8084165477888731 0.03951612903225806 0.011126961483594865
0 0.7417338709677419 0.8084165477888731 0.039919354838709675 0.011126961483594865
0 0.853225806451613 0.816262482168331 0.050806451612903224 0.014265335235378032
0 0.11995967741935484 0.8419400855920114 0.046370967741935484 0.012553495007132667
0 0.1157258064516129 0.8646219686162625 0.03306451612903226 0.013980028530670471
0 0.19193548387096773 0.8646219686162625 0.10161290322580645 0.013980028530670471
0 0.27580645161290324 0.8639087018544935 0.07096774193548387 0.012553495007132667
0 0.5463709677419355 0.8639087018544935 0.03306451612903226 0.012553495007132667
0 0.29354838709677417 0.8825962910128388 0.0532258064516129 0.015691868758915834
0 0.3554435483870968 0.8825962910128388 0.05282258064516129 0.015691868758915834
0 0.4181451612903226 0.8825962910128388 0.050806451612903224 0.015691868758915834
0 0.5673387096774194 0.8825962910128388 0.15483870967741936 0.015691868758915834
0 0.23266129032258065 0.8834522111269615 0.050806451612903224 0.013980028530670471
0 0.4689516129032258 0.8834522111269615 0.024193548387096774 0.011126961483594865
0 0.14879032258064517 0.8912981455064194 0.041935483870967745 0.010841654778887305
0 0.3320564516129032 0.916262482168331 0.046370967741935484 0.013980028530670471
0 0.8046370967741936 0.9171184022824537 0.12137096774193548 0.015691868758915834
0 0.10786290322580645 0.9178316690442225 0.013306451612903225 0.010841654778887305
0 0.12459677419354839 0.9178316690442225 0.01532258064516129 0.010841654778887305
0 0.15342741935483872 0.9169757489300998 0.028629032258064516 0.012553495007132667
0 0.19193548387096773 0.9178316690442225 0.035483870967741936 0.010841654778887305
0 0.225 0.9169757489300998 0.03951612903225806 0.012553495007132667
0 0.553024193548387 0.9178316690442225 0.08588709677419355 0.010841654778887305
0 0.6159274193548387 0.9178316690442225 0.04395161290322581 0.014265335235378032
0 0.6778225806451613 0.9178316690442225 0.017741935483870968 0.010841654778887305
0 0.6578629032258064 0.9194008559201141 0.02620967741935484 0.011126961483594865
0 0.4657258064516129 0.9382310984308131 0.04838709677419355 0.013980028530670471
0 0.5288306451612903 0.9389443651925821 0.046370967741935484 0.012553495007132667
0 0.5961693548387097 0.9382310984308131 0.07943548387096774 0.013980028530670471
0 0.3993951612903226 0.9396576319543509 0.031048387096774193 0.011126961483594865
0 0.43044354838709675 0.9396576319543509 0.017338709677419354 0.011126961483594865
