0 0.32217741935483873 0.8178316690442226 0.03951612903225806 0.011126961483594865
0 0.3675403225806452 0.8171184022824536 0.05524193548387097 0.012553495007132667
0 0.8433467741935484 0.8186875891583452 0.031048387096774193 0.0094151212553495
0 0.8709677419354839 0.8186875891583452 0.01532258064516129 0.0094151212553495
0 0.8907258064516129 0.8186875891583452 0.01532258064516129 0.0094151212553495
0 0.2282258064516129 0.8225392296718973 0.050806451612903224 0.014265335235378032
0 0.4171370967741935 0.82339514978602 0.013306451612903225 0.012553495007132667
0 0.4415322580645161 0.8225392296718973 0.035483870967741936 0.014265335235378032
0 0.6455645161290322 0.8225392296718973 0.050806451612903224 0.014265335235378032
0 0.12661290322580646 0.8241084165477889 0.050806451612903224 0.011126961483594865
0 0.5377016129032258 0.8241084165477889 0.05524193548387097 0.011126961483594865
0 0.742741935483871 0.8241084165477889 0.041935483870967745 0.011126961483594865
0 0.853225806451613 0.8310984308131241 0.050806451612903224 0.012553495007132667
0 0.12116935483870968 0.8584878744650499 0.04395161290322581 0.010841654778887305
0 0.5463709677419355 0.8787446504992867 0.03306451612903226 0.014265335235378032
0 0.1157258064516129 0.8796005706134095 0.03306451612903226 0.012553495007132667
0 0.1939516129032258 0.8803138373751783 0.10161290322580645 0.011126961483594865
0 0.24153225806451614 0.8982881597717546 0.06854838709677419 0.015691868758915834
0 0.3090725806451613 0.897432239657632 0.05282258064516129 0.013980028530670471
0 0.36733870967741933 0.897432239657632 0.050806451612903224 0.013980028530670471
0 0.1465725806451613 0.8982881597717546 0.046370967741935484 0.012268188302425107
0 0.42701612903225805 0.8982881597717546 0.050806451612903224 0.012268188302425107
0 0.47358870967741934 0.8982881597717546 0.028629032258064516 0.012268188302425107
0 0.6953629032258064 0.8998573466476462 0.06169354838709677 0.012553495007132667
0 0.1157258064516129 0.9169757489300998 0.03306451612903226 0.012553495007132667
0 0.15544354838709679 0.9178316690442225 0.028629032258064516 0.010841654778887305
0 0.19193548387096773 0.9178316690442225 0.035483870967741936 0.010841654778887305
0 0.22600806451612904 0.9169757489300998 0.0375 0.012553495007132667
0 0.33326612903225805 0.9169757489300998 0.04395161290322581 0.012553495007132667
0 0.3784274193548387 0.9178316690442225 0.028629032258064516 0.010841654778887305
0 0.4137096774193548 0.9178316690442225 0.03306451612903226 0.010841654778887305
0 0.4504032258064516 0.9178316690442225 0.035483870967741936 0.010841654778887305
0 0.5483870967741935 0.9186875891583453 0.05967741935483871 0.012553495007132667
0 0.6114919354838709 0.9178316690442225 0.05282258064516129 0.010841654778887305
0 0.7737903225806452 0.9169757489300998 0.03306451612903226 0.012553495007132667
0 0.6578629032258064 0.9194008559201141 0.02620967741935484 0.011126961483594865
0 0.6778225806451613 0.9185449358059914 0.017741935483870968 0.0094151212553495
