0 0.13346774193548386 0.09514978601997147 0.050806451612903224 0.015691868758915834
0 0.5606854838709677 0.10998573466476462 0.04879032258064516 0.013980028530670471
0 0.4161290322580645 0.11069900142653352 0.03306451612903226 0.012553495007132667
0 0.4403225806451613 0.1108416547788873 0.01532258064516129 0.0094151212553495
0 0.4689516129032258 0.11069900142653352 0.03306451612903226 0.012553495007132667
0 0.5076612903225807 0.1115549215406562 0.03064516129032258 0.010841654778887305
0 0.6048387096774194 0.1115549215406562 0.03064516129032258 0.010841654778887305
0 0.865524193548387 0.14750356633380884 0.04879032258064516 0.017118402282453638
0 0.5120967741935484 0.15378031383737517 0.3620967741935484 0.023395149786019972
0 0.20504032258064517 0.21626248216833097 0.07943548387096774 0.017118402282453638
0 0.12016129032258065 0.21626248216833097 0.03790322580645161 0.014265335235378032
0 0.12903225806451613 0.2396576319543509 0.05967741935483871 0.017118402282453638
0 0.11915322580645162 0.262339514978602 0.039919354838709675 0.015691868758915834
0 0.20403225806451614 0.262339514978602 0.0814516129032258 0.015691868758915834
0 0.28588709677419355 0.262339514978602 0.05967741935483871 0.015691868758915834
0 0.3850806451612903 0.262339514978602 0.09919354838709678 0.015691868758915834
0 0.4679435483870968 0.262339514978602 0.039919354838709675 0.015691868758915834
0 0.5397177419354838 0.262339514978602 0.08185483870967741 0.015691868758915834
0 0.6181451612903226 0.262339514978602 0.03951612903225806 0.015691868758915834
0 0.6689516129032258 0.262339514978602 0.03951612903225806 0.015691868758915834
0 0.7175403225806452 0.262339514978602 0.039919354838709675 0.015691868758915834
0 0.10564516129032259 0.2967189728958631 0.017741935483870968 0.012553495007132667
0 0.14012096774193547 0.29600570613409416 0.0375 0.013980028530670471
0 0.12681451612903225 0.31626248216833097 0.028629032258064516 0.013980028530670471
0 0.1939516129032258 0.31711840228245364 0.09274193548387097 0.015691868758915834
0 0.2945564516129032 0.31626248216833097 0.09475806451612903 0.013980028530670471
0 0.3790322580645161 0.31554921540656206 0.06451612903225806 0.015406562054208274
0 0.47661290322580646 0.31711840228245364 0.10161290322580645 0.015691868758915834
0 0.5639112903225807 0.31626248216833097 0.05524193548387097 0.013980028530670471
0 0.6358870967741935 0.31626248216833097 0.075 0.013980028530670471
0 0.7143145161290323 0.31626248216833097 0.06411290322580646 0.013980028530670471
0 0.7824596774193548 0.31711840228245364 0.05524193548387097 0.015691868758915834
0 0.8366935483870968 0.31711840228245364 0.03951612903225806 0.015691868758915834
0 0.8830645161290323 0.31626248216833097 0.03951612903225806 0.013980028530670471
0 0.9173387096774194 0.31711840228245364 0.020161290322580645 0.015691868758915834
0 0.12137096774193548 0.33338088445078456 0.017741935483870968 0.013980028530670471
0 0.15786290322580646 0.33338088445078456 0.0375 0.013980028530670471
0 0.2030241935483871 0.33338088445078456 0.039919354838709675 0.013980028530670471
0 0.12681451612903225 0.350641940085592 0.028629032258064516 0.014265335235378032
0 0.24818548387096775 0.350641940085592 0.1875 0.014265335235378032
0 0.3707661290322581 0.350641940085592 0.04879032258064516 0.014265335235378032
0 0.48245967741935486 0.35135520684736093 0.13911290322580644 0.015691868758915834
0 0.5915322580645161 0.350641940085592 0.05725806451612903 0.014265335235378032
0 0.6866935483870967 0.35135520684736093 0.09274193548387097 0.015691868758915834
0 0.7639112903225806 0.350641940085592 0.03508064516129032 0.014265335235378032
0 0.8334677419354839 0.350641940085592 0.07741935483870968 0.014265335235378032
0 0.9086693548387097 0.35135520684736093 0.0375 0.015691868758915834
0 0.39838709677419354 0.3522111269614836 0.01129032258064516 0.011126961483594865
0 0.13125 0.3717546362339515 0.0375 0.015406562054208274
0 0.17641129032258066 0.3717546362339515 0.039919354838709675 0.015406562054208274
0 0.18205645161290324 0.39215406562054206 0.05524193548387097 0.015691868758915834
0 0.27358870967741933 0.39215406562054206 0.13266129032258064 0.015691868758915834
0 0.4669354838709677 0.39215406562054206 0.07741935483870968 0.015691868758915834
0 0.5441532258064516 0.39215406562054206 0.05524193548387097 0.015691868758915834
0 0.6403225806451613 0.39215406562054206 0.09274193548387097 0.015691868758915834
0 0.7848790322580645 0.39215406562054206 0.07701612903225806 0.015691868758915834
0 0.8598790322580645 0.39215406562054206 0.0375 0.015691868758915834
0 0.12560483870967742 0.392867332382311 0.02217741935483871 0.010841654778887305
0 0.36088709677419356 0.392867332382311 0.02903225806451613 0.014265335235378032
0 0.3929435483870968 0.392867332382311 0.039919354838709675 0.014265335235378032
0 0.7163306451612903 0.392867332382311 0.0375 0.014265335235378032
0 0.9086693548387097 0.392867332382311 0.0375 0.014265335235378032
0 0.12137096774193548 0.4131241084165478 0.017741935483870968 0.014265335235378032
0 0.14233870967741935 0.41398002853067045 0.01532258064516129 0.012553495007132667
0 0.8334677419354839 0.4546362339514979 0.09516129032258064 0.015691868758915834
0 0.10141129032258064 0.45620542082738946 0.013306451612903225 0.012553495007132667
0 0.15221774193548387 0.45534950071326674 0.05282258064516129 0.014265335235378032
0 0.22943548387096774 0.45534950071326674 0.075 0.014265335235378032
0 0.28568548387096776 0.45534950071326674 0.01975806451612903 0.014265335235378032
0 0.317741935483871 0.45534950071326674 0.04838709677419355 0.014265335235378032
0 0.3818548387096774 0.45534950071326674 0.05725806451612903 0.014265335235378032
0 0.4405241935483871 0.45534950071326674 0.0375 0.014265335235378032
0 0.4879032258064516 0.45534950071326674 0.03951612903225806 0.014265335235378032
0 0.5352822580645161 0.45534950071326674 0.0375 0.014265335235378032
0 0.5949596774193548 0.45534950071326674 0.05524193548387097 0.014265335235378032
0 0.6590725806451613 0.45534950071326674 0.05524193548387097 0.014265335235378032
0 0.6975806451612904 0.45534950071326674 0.017741935483870968 0.014265335235378032
0 0.7449596774193549 0.45534950071326674 0.05524193548387097 0.014265335235378032
0 0.9086693548387097 0.45534950071326674 0.0375 0.014265335235378032
0 0.16088709677419355 0.47717546362339514 0.075 0.013980028530670471
0 0.23165322580645162 0.47717546362339514 0.03508064516129032 0.013980028530670471
0 0.28568548387096776 0.47717546362339514 0.05524193548387097 0.013980028530670471
0 0.33004032258064514 0.47717546362339514 0.01975806451612903 0.013980028530670471
0 0.4094758064516129 0.47717546362339514 0.12137096774193548 0.013980028530670471
0 0.5143145161290322 0.47717546362339514 0.07540322580645162 0.013980028530670471
0 0.6082661290322581 0.4780313837375178 0.0907258064516129 0.015691868758915834
0 0.6931451612903226 0.47717546362339514 0.05725806451612903 0.013980028530670471
0 0.23608870967741935 0.5154065620542083 0.07943548387096774 0.015691868758915834
0 0.30685483870967745 0.5154065620542083 0.05725806451612903 0.015691868758915834
0 0.3883064516129032 0.5154065620542083 0.09274193548387097 0.015691868758915834
0 0.4578629032258065 0.5154065620542083 0.0375 0.015691868758915834
0 0.5209677419354839 0.5154065620542083 0.07983870967741935 0.015691868758915834
0 0.5840725806451613 0.5169757489300999 0.0375 0.018830242510699
0 0.6235887096774193 0.5154065620542083 0.0375 0.015691868758915834
0 0.663508064516129 0.5154065620542083 0.0375 0.015691868758915834
0 0.7330645161290322 0.5154065620542083 0.09274193548387097 0.015691868758915834
0 0.8014112903225806 0.5154065620542083 0.03508064516129032 0.015691868758915834
0 0.14556451612903226 0.5654778887303852 0.035483870967741936 0.015406562054208274
0 0.4856854838709677 0.5890156918687589 0.07056451612903226 0.015691868758915834
0 0.20524193548387096 0.5897289586305278 0.0532258064516129 0.014265335235378032
0 0.35524193548387095 0.5888730385164052 0.035483870967741936 0.012553495007132667
0 0.6756048387096775 0.5897289586305278 0.03508064516129032 0.014265335235378032
0 0.85 0.5888730385164052 0.035483870967741936 0.012553495007132667
0 0.4844758064516129 0.608416547788873 0.08588709677419355 0.013980028530670471
0 0.35524193548387095 0.6169757489300999 0.08387096774193549 0.015691868758915834
0 0.6568548387096774 0.6178316690442225 0.050806451612903224 0.013980028530670471
0 0.7032258064516129 0.6171184022824536 0.03306451612903226 0.012553495007132667
0 0.45463709677419356 0.6272467902995721 0.04395161290322581 0.011126961483594865
0 0.51875 0.6265335235378031 0.04395161290322581 0.012553495007132667
0 0.85 0.6272467902995721 0.02661290322580645 0.013980028530670471
0 0.17540322580645162 0.6366619115549216 0.06854838709677419 0.013980028530670471
0 0.24153225806451614 0.6358059914407989 0.050806451612903224 0.012268188302425107
0 0.85 0.6443651925820256 0.06612903225806452 0.013980028530670471
0 0.4844758064516129 0.6459343794579172 0.08588709677419355 0.014265335235378032
0 0.35524193548387095 0.6546362339514978 0.08387096774193549 0.015691868758915834
0 0.6766129032258065 0.6537803138373752 0.10806451612903226 0.013980028530670471
0 0.4536290322580645 0.6647646219686163 0.041935483870967745 0.010841654778887305
0 0.519758064516129 0.6647646219686163 0.041935483870967745 0.010841654778887305
0 0.15342741935483872 0.6998573466476462 0.05524193548387097 0.015406562054208274
0 0.20524193548387096 0.7225392296718973 0.0532258064516129 0.013980028530670471
0 0.35766129032258065 0.7225392296718973 0.035483870967741936 0.011126961483594865
0 0.4856854838709677 0.7225392296718973 0.07056451612903226 0.013980028530670471
0 0.6768145161290322 0.7225392296718973 0.0375 0.013980028530670471
0 0.85 0.7218259629101283 0.035483870967741936 0.012553495007132667
0 0.17641129032258066 0.7427960057061341 0.03508064516129032 0.013980028530670471
0 0.225 0.7427960057061341 0.0532258064516129 0.013980028530670471
0 0.35524193548387095 0.7427960057061341 0.11048387096774194 0.013980028530670471
0 0.4854838709677419 0.7427960057061341 0.08387096774193549 0.013980028530670471
0 0.7052419354838709 0.7427960057061341 0.1346774193548387 0.013980028530670471
0 0.6060483870967742 0.7443651925820257 0.050806451612903224 0.010841654778887305
0 0.85 0.7553495007132668 0.02661290322580645 0.013980028530670471
0 0.35524193548387095 0.7647646219686163 0.08387096774193549 0.013980028530670471
0 0.4844758064516129 0.7647646219686163 0.08588709677419355 0.013980028530670471
0 0.648991935483871 0.7647646219686163 0.05282258064516129 0.013980028530670471
0 0.7042338709677419 0.7647646219686163 0.05282258064516129 0.013980028530670471
0 0.8487903225806451 0.774037089871612 0.06854838709677419 0.014265335235378032
0 0.24153225806451614 0.7756062767475036 0.050806451612903224 0.013980028530670471
0 0.17540322580645162 0.7763195435092725 0.06854838709677419 0.012553495007132667
0 0.35524193548387095 0.7865905848787447 0.08387096774193549 0.014265335235378032
0 0.4844758064516129 0.7865905848787447 0.08588709677419355 0.014265335235378032
0 0.5850806451612903 0.7873038516405135 0.0532258064516129 0.015691868758915834
0 0.6391129032258065 0.7865905848787447 0.050806451612903224 0.014265335235378032
0 0.7518145161290323 0.7865905848787447 0.08185483870967741 0.014265335235378032
0 0.6887096774193548 0.7874465049928673 0.035483870967741936 0.012553495007132667
