0 0.8411290322580646 0.8029957203994293 0.03064516129032258 0.0094151212553495
0 0.8699596774193549 0.8029957203994293 0.02217741935483871 0.0094151212553495
0 0.8887096774193548 0.8029957203994293 0.01532258064516129 0.0094151212553495
0 0.2306451612903226 0.8069900142653352 0.050806451612903224 0.013980028530670471
0 0.4338709677419355 0.8069900142653352 0.050806451612903224 0.013980028530670471
0 0.6368951612903225 0.8069900142653352 0.03346774193548387 0.013980028530670471
0 0.13004032258064516 0.8084165477888731 0.05282258064516129 0.011126961483594865
0 0.3157258064516129 0.8084165477888731 0.02661290322580645 0.011126961483594865
0 0.5497983870967742 0.8084165477888731 0.07943548387096774 0.011126961483594865
0 0.7350806451612903 0.8092724679029957 0.02661290322580645 0.0094151212553495
0 0.8512096774193548 0.815549215406562 0.050806451612903224 0.015691868758915834
0 0.12439516129032258 0.8427960057061341 0.046370967741935484 0.010841654778887305
0 0.11794354838709678 0.8646219686162625 0.03346774193548387 0.013980028530670471
0 0.20725806451612902 0.8646219686162625 0.1282258064516129 0.013980028530670471
0 0.5473790322580645 0.8647646219686163 0.031048387096774193 0.010841654778887305
0 0.25161290322580643 0.8825962910128388 0.08387096774193549 0.015691868758915834
0 0.3199596774193548 0.8818830242510699 0.03508064516129032 0.014265335235378032
0 0.38729838709677417 0.8818830242510699 0.08588709677419355 0.014265335235378032
0 0.557258064516129 0.8825962910128388 0.17016129032258065 0.015691868758915834
0 0.45141129032258065 0.8834522111269615 0.024596774193548387 0.011126961483594865
0 0.14899193548387096 0.8904422253922967 0.046370967741935484 0.012553495007132667
0 0.6850806451612903 0.8900142653352354 0.04516129032258064 0.013409415121255349
0 0.7451612903225806 0.8912981455064194 0.024193548387096774 0.010841654778887305
0 0.8709677419354839 0.8912981455064194 0.07741935483870968 0.010841654778887305
0 0.7705645161290322 0.892867332382311 0.02661290322580645 0.011126961483594865
0 0.8024193548387096 0.892867332382311 0.024193548387096774 0.011126961483594865
0 0.8233870967741935 0.8920114122681883 0.017741935483870968 0.0094151212553495
0 0.21854838709677418 0.8982881597717546 0.017741935483870968 0.012268188302425107
0 0.26814516129032256 0.8991440798858773 0.06854838709677419 0.013980028530670471
0 0.11895161290322581 0.9169757489300998 0.035483870967741936 0.012553495007132667
0 0.1566532258064516 0.9169757489300998 0.031048387096774193 0.012553495007132667
0 0.1909274193548387 0.9169757489300998 0.028629032258064516 0.012553495007132667
0 0.2284274193548387 0.9169757489300998 0.0375 0.012553495007132667
0 0.3342741935483871 0.9169757489300998 0.041935483870967745 0.012553495007132667
0 0.37963709677419355 0.9169757489300998 0.031048387096774193 0.012553495007132667
0 0.41391129032258067 0.9178316690442225 0.028629032258064516 0.010841654778887305
0 0.4491935483870968 0.9169757489300998 0.03790322580645161 0.012553495007132667
0 0.5606854838709677 0.9178316690442225 0.0842741935483871 0.010841654778887305
0 0.7661290322580645 0.9178316690442225 0.04838709677419355 0.014265335235378032
0 0.6159274193548387 0.9185449358059914 0.02620967741935484 0.0094151212553495
0 0.6358870967741935 0.9185449358059914 0.017741935483870968 0.0094151212553495
0 0.4094758064516129 0.9382310984308131 0.07701612903225806 0.013980028530670471
0 0.4933467741935484 0.9389443651925821 0.07701612903225806 0.012553495007132667
0 0.575 0.9382310984308131 0.07741935483870968 0.013980028530670471
0 0.6612903225806451 0.9389443651925821 0.07741935483870968 0.012553495007132667
0 0.3233870967741935 0.9388017118402282 0.01129032258064516 0.0094151212553495
0 0.3564516129032258 0.9389443651925821 0.03306451612903226 0.012553495007132667
