0 0.13346774193548386 0.09514978601997147 0.050806451612903224 0.015691868758915834
0 0.5606854838709677 0.10998573466476462 0.04879032258064516 0.013980028530670471
0 0.4161290322580645 0.11069900142653352 0.03306451612903226 0.012553495007132667
0 0.4403225806451613 0.1115549215406562 0.01532258064516129 0.010841654778887305
0 0.4689516129032258 0.11069900142653352 0.03306451612903226 0.012553495007132667
0 0.5064516129032258 0.11069900142653352 0.03306451612903226 0.012553495007132667
0 0.6048387096774194 0.1115549215406562 0.03064516129032258 0.010841654778887305
0 0.5110887096774194 0.15378031383737517 0.36008064516129035 0.023395149786019972
0 0.3167338709677419 0.21626248216833097 0.30282258064516127 0.017118402282453638
0 0.12016129032258065 0.21626248216833097 0.03790322580645161 0.014265335235378032
0 0.12903225806451613 0.2396576319543509 0.05967741935483871 0.017118402282453638
0 0.11915322580645162 0.262339514978602 0.039919354838709675 0.015691868758915834
0 0.19516129032258064 0.2630527817403709 0.05967741935483871 0.017118402282453638
0 0.25483870967741934 0.262339514978602 0.041935483870967745 0.015691868758915834
0 0.32560483870967744 0.262339514978602 0.08185483870967741 0.015691868758915834
0 0.4161290322580645 0.262339514978602 0.0814516129032258 0.015691868758915834
0 0.4879032258064516 0.262339514978602 0.03951612903225806 0.015691868758915834
0 0.5375 0.262339514978602 0.041935483870967745 0.015691868758915834
0 0.5971774193548387 0.262339514978602 0.05967741935483871 0.015691868758915834
0 0.15120967741935484 0.2967189728958631 0.050806451612903224 0.015406562054208274
0 0.28911290322580646 0.2967189728958631 0.20725806451612902 0.015406562054208274
0 0.4215725806451613 0.2967189728958631 0.031048387096774193 0.015406562054208274
0 0.4612903225806452 0.2967189728958631 0.03064516129032258 0.015406562054208274
0 0.1034274193548387 0.29757489300998574 0.013306451612903225 0.010841654778887305
0 0.482258064516129 0.29828815977175466 0.01129032258064516 0.012268188302425107
0 0.1443548387096774 0.3419400855920114 0.041935483870967745 0.015691868758915834
0 0.21391129032258063 0.3419400855920114 0.07943548387096774 0.015691868758915834
0 0.30463709677419354 0.3419400855920114 0.07943548387096774 0.015691868758915834
0 0.3752016129032258 0.3419400855920114 0.039919354838709675 0.015691868758915834
0 0.4745967741935484 0.3427960057061341 0.14112903225806453 0.017403708987161197
0 0.5893145161290323 0.3419400855920114 0.07056451612903226 0.015691868758915834
0 0.6711693548387097 0.3419400855920114 0.07056451612903226 0.015691868758915834
0 0.760483870967742 0.3419400855920114 0.09032258064516129 0.015691868758915834
0 0.8477822580645161 0.3419400855920114 0.06169354838709677 0.015691868758915834
0 0.9074596774193548 0.3419400855920114 0.039919354838709675 0.015691868758915834
0 0.10141129032258064 0.3427960057061341 0.017338709677419354 0.013980028530670471
0 0.17883064516129032 0.36547788873038517 0.1060483870967742 0.015406562054208274
0 0.24556451612903227 0.4115549215406562 0.08225806451612903 0.016833095577746076
0 0.11471774193548387 0.41069900142653354 0.039919354838709675 0.015691868758915834
0 0.17540322580645162 0.41069900142653354 0.041935483870967745 0.015691868758915834
0 0.33649193548387096 0.41069900142653354 0.08185483870967741 0.015691868758915834
0 0.4060483870967742 0.41069900142653354 0.03951612903225806 0.015691868758915834
0 0.4568548387096774 0.41069900142653354 0.03951612903225806 0.015691868758915834
0 0.5177419354838709 0.41069900142653354 0.05967741935483871 0.015691868758915834
0 0.5772177419354839 0.41069900142653354 0.0375 0.015691868758915834
0 0.630241935483871 0.41069900142653354 0.024193548387096774 0.015691868758915834
0 0.5243951612903226 0.7263908701854493 0.3907258064516129 0.025106990014265335
0 0.6356854838709678 0.8029957203994293 0.031048387096774193 0.0094151212553495
0 0.6622983870967742 0.8029957203994293 0.017338709677419354 0.0094151212553495
0 0.682258064516129 0.8029957203994293 0.017741935483870968 0.0094151212553495
0 0.2306451612903226 0.8069900142653352 0.050806451612903224 0.013980028530670471
0 0.4338709677419355 0.8069900142653352 0.050806451612903224 0.013980028530670471
0 0.14334677419354838 0.8084165477888731 0.07943548387096774 0.011126961483594865
0 0.34415322580645163 0.8084165477888731 0.07943548387096774 0.011126961483594865
0 0.5231854838709677 0.8092724679029957 0.02620967741935484 0.0094151212553495
0 0.6455645161290322 0.816262482168331 0.050806451612903224 0.014265335235378032
0 0.12439516129032258 0.8427960057061341 0.046370967741935484 0.010841654778887305
0 0.20826612903225805 0.8643366619115549 0.12620967741935485 0.015121255349500713
0 0.11794354838709678 0.8646219686162625 0.03346774193548387 0.013980028530670471
0 0.5397177419354838 0.8647646219686163 0.015725806451612902 0.010841654778887305
0 0.55625 0.8639087018544935 0.013306451612903225 0.00912981455064194
0 0.2526209677419355 0.8825962910128388 0.08588709677419355 0.015691868758915834
0 0.3209677419354839 0.8825962910128388 0.03306451612903226 0.015691868758915834
0 0.40504032258064515 0.8818830242510699 0.10846774193548388 0.014265335235378032
0 0.575 0.8825962910128388 0.1346774193548387 0.015691868758915834
0 0.4844758064516129 0.8834522111269615 0.024596774193548387 0.011126961483594865
0 0.15 0.8912981455064194 0.04435483870967742 0.010841654778887305
0 0.6862903225806452 0.890870185449358 0.042741935483870966 0.011697574893009986
0 0.7372983870967742 0.8921540656205421 0.04395161290322581 0.012553495007132667
0 0.7782258064516129 0.892867332382311 0.02903225806451613 0.011126961483594865
0 0.8112903225806452 0.892867332382311 0.024193548387096774 0.011126961483594865
0 0.832258064516129 0.8920114122681883 0.017741935483870968 0.0094151212553495
0 0.2772177419354839 0.8968616262482169 0.1350806451612903 0.015121255349500713
0 0.11895161290322581 0.9169757489300998 0.035483870967741936 0.012553495007132667
0 0.1566532258064516 0.9169757489300998 0.031048387096774193 0.012553495007132667
0 0.1909274193548387 0.9169757489300998 0.028629032258064516 0.012553495007132667
0 0.22721774193548386 0.9169757489300998 0.039919354838709675 0.012553495007132667
0 0.3342741935483871 0.9169757489300998 0.041935483870967745 0.012553495007132667
0 0.3961693548387097 0.9178316690442225 0.06411290322580646 0.014265335235378032
0 0.4502016129032258 0.9169757489300998 0.039919354838709675 0.012553495007132667
0 0.5860887096774193 0.9186875891583453 0.1350806451612903 0.012553495007132667
0 0.7493951612903226 0.9178316690442225 0.010887096774193548 0.010841654778887305
0 0.7725806451612903 0.9178316690442225 0.035483870967741936 0.014265335235378032
0 0.6622983870967742 0.9185449358059914 0.017338709677419354 0.0094151212553495
0 0.4094758064516129 0.9382310984308131 0.07701612903225806 0.013980028530670471
0 0.4933467741935484 0.9389443651925821 0.07701612903225806 0.012553495007132667
0 0.575 0.9382310984308131 0.07741935483870968 0.013980028530670471
0 0.6612903225806451 0.9389443651925821 0.07741935483870968 0.012553495007132667
0 0.3233870967741935 0.9388017118402282 0.01129032258064516 0.0094151212553495
0 0.3564516129032258 0.9389443651925821 0.03306451612903226 0.012553495007132667
