0 0.37298387096774194 0.07646219686162625 0.04838709677419355 0.012553495007132667
0 0.4282258064516129 0.07646219686162625 0.04838709677419355 0.012553495007132667
0 0.4879032258064516 0.07646219686162625 0.04838709677419355 0.012553495007132667
0 0.5320564516129033 0.07717546362339515 0.03508064516129032 0.013980028530670471
0 0.5860887096774193 0.07646219686162625 0.046370967741935484 0.012553495007132667
0 0.63125 0.07717546362339515 0.031048387096774193 0.011126961483594865
0 0.13346774193548386 0.09514978601997147 0.050806451612903224 0.015691868758915834
0 0.8354838709677419 0.1108416547788873 0.03306451612903226 0.015691868758915834
0 0.5 0.1209700427960057 0.20967741935483872 0.023395149786019972
0 0.11915322580645162 0.1818830242510699 0.039919354838709675 0.013980028530670471
0 0.20504032258064517 0.18273894436519258 0.07943548387096774 0.015691868758915834
0 0.12883064516129034 0.20613409415121256 0.06411290322580646 0.015691868758915834
0 0.2602822580645161 0.22796005706134093 0.04879032258064516 0.015406562054208274
0 0.11915322580645162 0.22867332382310984 0.039919354838709675 0.013980028530670471
0 0.1941532258064516 0.22952924393723254 0.06169354838709677 0.015691868758915834
0 0.37620967741935485 0.22952924393723254 0.16129032258064516 0.015691868758915834
0 0.4879032258064516 0.22952924393723254 0.03951612903225806 0.015691868758915834
0 0.5375 0.22952924393723254 0.041935483870967745 0.015691868758915834
0 0.5893145161290323 0.22952924393723254 0.039919354838709675 0.015691868758915834
0 0.15120967741935484 0.262339514978602 0.050806451612903224 0.015691868758915834
0 0.24173387096774193 0.2630527817403709 0.1125 0.017118402282453638
0 0.34536290322580643 0.262339514978602 0.09959677419354838 0.015691868758915834
0 0.42701612903225805 0.262339514978602 0.05967741935483871 0.015691868758915834
0 0.4713709677419355 0.262339514978602 0.03306451612903226 0.015691868758915834
0 0.1034274193548387 0.2630527817403709 0.013306451612903225 0.010841654778887305
0 0.33669354838709675 0.2850213980028531 0.16129032258064516 0.017118402282453638
0 0.10241935483870968 0.28659058487874467 0.01532258064516129 0.013980028530670471
0 0.15443548387096775 0.28573466476462195 0.062096774193548386 0.015691868758915834
0 0.22056451612903225 0.28573466476462195 0.04838709677419355 0.015691868758915834
0 0.44576612903225804 0.28573466476462195 0.039919354838709675 0.015691868758915834
0 0.5064516129032258 0.28573466476462195 0.05967741935483871 0.015691868758915834
0 0.5784274193548387 0.28573466476462195 0.06169354838709677 0.015691868758915834
0 0.6381048387096774 0.28573466476462195 0.039919354838709675 0.015691868758915834
0 0.7219758064516129 0.28573466476462195 0.1060483870967742 0.015691868758915834
0 0.12681451612903225 0.30770328102710415 0.024596774193548387 0.015691868758915834
0 0.39858870967741933 0.30770328102710415 0.046370967741935484 0.015691868758915834
0 0.5375 0.30770328102710415 0.041935483870967745 0.015691868758915834
0 0.2006048387096774 0.3091298145506419 0.08830645161290322 0.015691868758915834
0 0.27903225806451615 0.30841654778887306 0.050806451612903224 0.014265335235378032
0 0.32217741935483873 0.30841654778887306 0.017741935483870968 0.014265335235378032
0 0.36189516129032256 0.30841654778887306 0.031048387096774193 0.014265335235378032
0 0.4600806451612903 0.30841654778887306 0.024193548387096774 0.014265335235378032
0 0.5020161290322581 0.30841654778887306 0.03306451612903226 0.014265335235378032
0 0.12681451612903225 0.3310984308131241 0.024596774193548387 0.015691868758915834
0 0.2006048387096774 0.331811697574893 0.08830645161290322 0.017118402282453638
0 0.28588709677419355 0.3310984308131241 0.05967741935483871 0.015691868758915834
0 0.3564516129032258 0.3310984308131241 0.05967741935483871 0.015691868758915834
0 0.4879032258064516 0.3310984308131241 0.03951612903225806 0.015691868758915834
0 0.42701612903225805 0.3319543509272468 0.05967741935483871 0.013980028530670471
0 0.5276209677419355 0.3319543509272468 0.02217741935483871 0.013980028530670471
0 0.5774193548387097 0.3319543509272468 0.05967741935483871 0.013980028530670471
0 0.12681451612903225 0.3537803138373752 0.024596774193548387 0.014265335235378032
0 0.19959677419354838 0.3544935805991441 0.09032258064516129 0.015691868758915834
0 0.28024193548387094 0.3544935805991441 0.04838709677419355 0.015691868758915834
0 0.12883064516129034 0.37646219686162624 0.028629032258064516 0.015691868758915834
0 0.18971774193548388 0.37646219686162624 0.07056451612903226 0.015691868758915834
0 0.24596774193548387 0.37717546362339516 0.024193548387096774 0.014265335235378032
0 0.2770161290322581 0.37717546362339516 0.024193548387096774 0.014265335235378032
0 0.12681451612903225 0.39900142653352355 0.024596774193548387 0.013980028530670471
0 0.18971774193548388 0.3998573466476462 0.07056451612903226 0.015691868758915834
0 0.24939516129032258 0.3998573466476462 0.031048387096774193 0.015691868758915834
0 0.27580645161290324 0.3998573466476462 0.02661290322580645 0.015691868758915834
0 0.1157258064516129 0.44522111269614834 0.03790322580645161 0.015691868758915834
0 0.2814516129032258 0.44522111269614834 0.050806451612903224 0.015691868758915834
0 0.3961693548387097 0.44593437945791725 0.16088709677419355 0.017118402282453638
0 0.5076612903225807 0.44522111269614834 0.03951612903225806 0.015691868758915834
0 0.557258064516129 0.44522111269614834 0.041935483870967745 0.015691868758915834
0 0.16532258064516128 0.4467902995720399 0.017741935483870968 0.012553495007132667
0 0.21391129032258063 0.44593437945791725 0.06169354838709677 0.014265335235378032
0 0.6048387096774194 0.44593437945791725 0.035483870967741936 0.014265335235378032
0 0.16310483870967743 0.46947218259629103 0.013306451612903225 0.013980028530670471
0 0.21391129032258063 0.4686162624821683 0.06169354838709677 0.015691868758915834
0 0.2814516129032258 0.4686162624821683 0.050806451612903224 0.015691868758915834
0 0.3961693548387097 0.4686162624821683 0.16088709677419355 0.015691868758915834
0 0.51875 0.4686162624821683 0.06169354838709677 0.015691868758915834
0 0.5794354838709678 0.46776034236804565 0.041935483870967745 0.013980028530670471
0 0.6600806451612903 0.4686162624821683 0.10564516129032259 0.015691868758915834
0 0.7516129032258064 0.4686162624821683 0.024193548387096774 0.015691868758915834
0 0.8201612903225807 0.8349500713266762 0.02903225806451613 0.007703281027104137
0 0.8477822580645161 0.8358059914407988 0.013306451612903225 0.0094151212553495
0 0.86875 0.8358059914407988 0.01975806451612903 0.0094151212553495
0 0.2282258064516129 0.8405135520684736 0.050806451612903224 0.012553495007132667
0 0.425 0.8398002853067047 0.050806451612903224 0.013980028530670471
0 0.630241935483871 0.8398002853067047 0.050806451612903224 0.013980028530670471
0 0.13004032258064516 0.8412268188302425 0.05282258064516129 0.011126961483594865
0 0.3409274193548387 0.8412268188302425 0.08588709677419355 0.011126961483594865
0 0.538508064516129 0.8412268188302425 0.07943548387096774 0.011126961483594865
0 0.7165322580645161 0.8412268188302425 0.024193548387096774 0.011126961483594865
0 0.8310483870967742 0.8475035663338089 0.050806451612903224 0.013980028530670471
0 0.12560483870967742 0.8756062767475036 0.04395161290322581 0.010841654778887305
0 0.20625 0.8960057061340941 0.13024193548387097 0.013980028530670471
0 0.5330645161290323 0.8960057061340941 0.03306451612903226 0.013980028530670471
0 0.11794354838709678 0.896718972895863 0.03346774193548387 0.012553495007132667
0 0.14899193548387096 0.9146932952924394 0.046370967741935484 0.014265335235378032
0 0.24818548387096775 0.9146932952924394 0.08588709677419355 0.014265335235378032
0 0.3155241935483871 0.9146932952924394 0.03508064516129032 0.014265335235378032
0 0.36532258064516127 0.9146932952924394 0.050806451612903224 0.014265335235378032
0 0.4403225806451613 0.9154065620542082 0.08629032258064516 0.015691868758915834
0 0.11028225806451612 0.9154065620542082 0.013306451612903225 0.0094151212553495
0 0.6689516129032258 0.916262482168331 0.04435483870967742 0.013980028530670471
0 0.7175403225806452 0.916262482168331 0.03508064516129032 0.011126961483594865
0 0.7693548387096775 0.916262482168331 0.05967741935483871 0.011126961483594865
0 0.8169354838709677 0.916262482168331 0.017741935483870968 0.011126961483594865
0 0.19294354838709676 0.9333808844507846 0.10362903225806451 0.013980028530670471
0 0.32661290322580644 0.9333808844507846 0.04435483870967742 0.013980028530670471
0 0.3917338709677419 0.9333808844507846 0.07298387096774193 0.013980028530670471
0 0.5604838709677419 0.9349500713266762 0.1282258064516129 0.015406562054208274
0 0.11895161290322581 0.9349500713266762 0.035483870967741936 0.010841654778887305
0 0.6403225806451613 0.9349500713266762 0.017741935483870968 0.010841654778887305
0 0.7461693548387097 0.9342368045649073 0.04879032258064516 0.012268188302425107
