0 0.13346774193548386 0.09514978601997147 0.050806451612903224 0.015691868758915834
0 0.3939516129032258 0.1115549215406562 0.02903225806451613 0.010841654778887305
0 0.42258064516129035 0.11069900142653352 0.03306451612903226 0.012553495007132667
0 0.4778225806451613 0.1115549215406562 0.05967741935483871 0.010841654778887305
0 0.5463709677419355 0.1115549215406562 0.05967741935483871 0.010841654778887305
0 0.6125 0.1115549215406562 0.05967741935483871 0.010841654778887305
0 0.8576612903225806 0.14907275320970043 0.041935483870967745 0.017403708987161197
0 0.5108870967741935 0.15378031383737517 0.32903225806451614 0.023395149786019972
0 0.8620967741935484 0.1631954350927247 0.041935483870967745 0.017118402282453638
0 0.20504032258064517 0.21626248216833097 0.07943548387096774 0.017118402282453638
0 0.12016129032258065 0.21626248216833097 0.03790322580645161 0.014265335235378032
0 0.12903225806451613 0.23894436519258203 0.05967741935483871 0.015691868758915834
0 0.11915322580645162 0.262339514978602 0.039919354838709675 0.015691868758915834
0 0.19516129032258064 0.2630527817403709 0.05967741935483871 0.017118402282453638
0 0.3254032258064516 0.262339514978602 0.041935483870967745 0.015691868758915834
0 0.3774193548387097 0.262339514978602 0.03951612903225806 0.015691868758915834
0 0.42600806451612905 0.262339514978602 0.039919354838709675 0.015691868758915834
0 0.5066532258064516 0.2630527817403709 0.09959677419354838 0.017118402282453638
0 0.6280241935483871 0.262339514978602 0.12137096774193548 0.015691868758915834
0 0.2703629032258065 0.2631954350927247 0.07298387096774193 0.013980028530670471
0 0.10685483870967742 0.2967189728958631 0.020161290322580645 0.012553495007132667
0 0.14012096774193547 0.29600570613409416 0.0375 0.013980028530670471
0 0.12580645161290321 0.31626248216833097 0.02661290322580645 0.013980028530670471
0 0.20524193548387096 0.31626248216833097 0.11048387096774194 0.013980028530670471
0 0.2979838709677419 0.31626248216833097 0.0532258064516129 0.013980028530670471
0 0.35866935483870965 0.31626248216833097 0.046370967741935484 0.013980028530670471
0 0.43588709677419357 0.31626248216833097 0.09032258064516129 0.013980028530670471
0 0.5143145161290322 0.31626248216833097 0.04879032258064516 0.013980028530670471
0 0.5618951612903226 0.31697574893009983 0.046370967741935484 0.012553495007132667
0 0.12782258064516128 0.33737517831669045 0.02661290322580645 0.012268188302425107
0 0.18205645161290324 0.3365192582025678 0.06411290322580646 0.013980028530670471
0 0.225 0.33737517831669045 0.017741935483870968 0.012268188302425107
0 0.24173387096774193 0.3365192582025678 0.01975806451612903 0.013980028530670471
0 0.2979838709677419 0.3365192582025678 0.075 0.013980028530670471
0 0.3907258064516129 0.3365192582025678 0.09274193548387097 0.013980028530670471
0 0.4558467741935484 0.3365192582025678 0.01975806451612903 0.013980028530670471
0 0.49213709677419354 0.3365192582025678 0.05282258064516129 0.013980028530670471
0 0.5475806451612903 0.3365192582025678 0.035483870967741936 0.013980028530670471
0 0.10141129032258064 0.357774607703281 0.013306451612903225 0.012553495007132667
0 0.17661290322580644 0.35691868758915835 0.11048387096774194 0.014265335235378032
0 0.27681451612903224 0.35763195435092726 0.07298387096774193 0.015691868758915834
0 0.38971774193548386 0.35763195435092726 0.13024193548387097 0.015691868758915834
0 0.49778225806451615 0.35691868758915835 0.07298387096774193 0.014265335235378032
0 0.5618951612903226 0.35691868758915835 0.0375 0.014265335235378032
0 0.6203629032258065 0.35691868758915835 0.06653225806451613 0.014265335235378032
0 0.6699596774193548 0.35691868758915835 0.0375 0.014265335235378032
0 0.7163306451612903 0.35691868758915835 0.0375 0.014265335235378032
0 0.7627016129032258 0.35691868758915835 0.0375 0.014265335235378032
0 0.8356854838709677 0.35763195435092726 0.0907258064516129 0.015691868758915834
0 0.9096774193548387 0.35691868758915835 0.03951612903225806 0.014265335235378032
0 0.14334677419354838 0.37717546362339516 0.03508064516129032 0.014265335235378032
0 0.19193548387096773 0.37717546362339516 0.03951612903225806 0.014265335235378032
0 0.22943548387096774 0.37717546362339516 0.021774193548387097 0.014265335235378032
0 0.2679435483870968 0.37717546362339516 0.0375 0.014265335235378032
0 0.32318548387096774 0.37717546362339516 0.05524193548387097 0.014265335235378032
0 0.39838709677419354 0.37717546362339516 0.07258064516129033 0.014265335235378032
0 0.5 0.3778887303851641 0.10806451612903226 0.015691868758915834
0 0.629233870967742 0.3778887303851641 0.12782258064516128 0.015691868758915834
0 0.759475806451613 0.3778887303851641 0.11008064516129032 0.015691868758915834
0 0.8465725806451613 0.37717546362339516 0.046370967741935484 0.014265335235378032
0 0.9042338709677419 0.37717546362339516 0.046370967741935484 0.014265335235378032
0 0.14455645161290323 0.3975748930099857 0.0375 0.013980028530670471
0 0.1909274193548387 0.3975748930099857 0.0375 0.013980028530670471
0 0.28245967741935485 0.3975748930099857 0.12782258064516128 0.013980028530670471
0 0.43911290322580643 0.39828815977175464 0.16774193548387098 0.015406562054208274
0 0.5594758064516129 0.3975748930099857 0.05524193548387097 0.013980028530670471
0 0.6423387096774194 0.3975748930099857 0.09274193548387097 0.013980028530670471
0 0.7286290322580645 0.3975748930099857 0.05725806451612903 0.013980028530670471
0 0.24717741935483872 0.4209700427960057 0.035483870967741936 0.013980028530670471
0 0.28024193548387094 0.4209700427960057 0.021774193548387097 0.013980028530670471
0 0.3133064516129032 0.4209700427960057 0.035483870967741936 0.013980028530670471
0 0.5528225806451613 0.4209700427960057 0.041935483870967745 0.013980028530670471
0 0.6391129032258065 0.4209700427960057 0.11693548387096774 0.013980028530670471
0 0.7737903225806452 0.4209700427960057 0.1346774193548387 0.013980028530670471
0 0.17641129032258066 0.4427960057061341 0.14556451612903226 0.014265335235378032
0 0.2725806451612903 0.4427960057061341 0.03306451612903226 0.014265335235378032
0 0.32661290322580644 0.4427960057061341 0.06612903225806452 0.014265335235378032
0 0.4877016129032258 0.4427960057061341 0.06169354838709677 0.014265335235378032
0 0.5594758064516129 0.4427960057061341 0.08185483870967741 0.014265335235378032
0 0.6237903225806452 0.4427960057061341 0.03306451612903226 0.014265335235378032
0 0.6788306451612903 0.4427960057061341 0.06411290322580646 0.014265335235378032
0 0.16754032258064516 0.4584878744650499 0.07943548387096774 0.014265335235378032
0 0.51875 0.4584878744650499 0.07943548387096774 0.014265335235378032
0 0.11028225806451612 0.4600570613409415 0.013306451612903225 0.011126961483594865
0 0.4625 0.4600570613409415 0.01129032258064516 0.011126961483594865
0 0.24375 0.47332382310984306 0.0907258064516129 0.015406562054208274
0 0.3875 0.47332382310984306 0.1346774193548387 0.015406562054208274
0 0.12237903225806451 0.47403708987161197 0.01975806451612903 0.011126961483594865
0 0.16975806451612904 0.47403708987161197 0.04838709677419355 0.013980028530670471
0 0.30443548387096775 0.47403708987161197 0.017741935483870968 0.013980028530670471
0 0.47358870967741934 0.47403708987161197 0.01975806451612903 0.013980028530670471
0 0.5209677419354839 0.47403708987161197 0.04838709677419355 0.013980028530670471
0 0.5685483870967742 0.47403708987161197 0.03306451612903226 0.013980028530670471
0 0.1588709677419355 0.4897289586305278 0.02661290322580645 0.013980028530670471
0 0.1941532258064516 0.4897289586305278 0.03508064516129032 0.013980028530670471
0 0.24939516129032258 0.4897289586305278 0.06653225806451613 0.013980028530670471
0 0.3022177419354839 0.48901569186875893 0.031048387096774193 0.012553495007132667
0 0.519758064516129 0.4897289586305278 0.050806451612903224 0.013980028530670471
0 0.6038306451612904 0.4897289586305278 0.10846774193548388 0.013980028530670471
0 0.6899193548387097 0.4897289586305278 0.050806451612903224 0.013980028530670471
0 0.7383064516129032 0.4897289586305278 0.03306451612903226 0.013980028530670471
0 0.7915322580645161 0.4897289586305278 0.05967741935483871 0.013980028530670471
0 0.8366935483870968 0.4897289586305278 0.017741935483870968 0.013980028530670471
0 0.8818548387096774 0.4897289586305278 0.05967741935483871 0.013980028530670471
0 0.16754032258064516 0.504564907275321 0.05282258064516129 0.012268188302425107
0 0.20625 0.5054208273894436 0.01975806451612903 0.013980028530670471
0 0.2691532258064516 0.504564907275321 0.09717741935483871 0.012268188302425107
0 0.3455645161290323 0.504564907275321 0.041935483870967745 0.012268188302425107
0 0.3895161290322581 0.5052781740370899 0.03306451612903226 0.010841654778887305
0 0.5330645161290323 0.5054208273894436 0.07258064516129033 0.013980028530670471
0 0.6026209677419355 0.5054208273894436 0.05282258064516129 0.013980028530670471
0 0.648991935483871 0.5054208273894436 0.03508064516129032 0.013980028530670471
0 0.7108870967741936 0.5054208273894436 0.075 0.013980028530670471
0 0.7681451612903226 0.5054208273894436 0.02661290322580645 0.013980028530670471
0 0.8058467741935483 0.5054208273894436 0.03508064516129032 0.013980028530670471
0 0.8610887096774194 0.5054208273894436 0.06653225806451613 0.013980028530670471
0 0.2693548387096774 0.5194008559201141 0.11048387096774194 0.013980028530670471
0 0.35201612903225804 0.5194008559201141 0.041935483870967745 0.013980028530670471
0 0.8741935483870967 0.5194008559201141 0.04435483870967742 0.013980028530670471
0 0.16330645161290322 0.5201141226818831 0.04435483870967742 0.012553495007132667
0 0.2028225806451613 0.5201141226818831 0.02661290322580645 0.012553495007132667
0 0.519758064516129 0.5201141226818831 0.050806451612903224 0.012553495007132667
0 0.5641129032258064 0.5201141226818831 0.024193548387096774 0.012553495007132667
0 0.6290322580645161 0.5209700427960057 0.09274193548387097 0.014265335235378032
0 0.6877016129032258 0.5209700427960057 0.01975806451612903 0.014265335235378032
0 0.7506048387096774 0.5209700427960057 0.09717741935483871 0.014265335235378032
0 0.8268145161290322 0.5209700427960057 0.04233870967741935 0.014265335235378032
0 0.5044354838709677 0.543509272467903 0.05967741935483871 0.012553495007132667
0 0.5508064516129032 0.543509272467903 0.03306451612903226 0.012553495007132667
0 0.6080645161290322 0.5427960057061341 0.06854838709677419 0.013980028530670471
0 0.666733870967742 0.5427960057061341 0.03508064516129032 0.013980028530670471
0 0.7419354838709677 0.5427960057061341 0.10161290322580645 0.013980028530670471
0 0.8389112903225806 0.5427960057061341 0.07540322580645162 0.013980028530670471
0 0.905241935483871 0.5427960057061341 0.04435483870967742 0.013980028530670471
0 0.16774193548387098 0.5592011412268189 0.075 0.015406562054208274
0 0.11028225806451612 0.5600570613409415 0.013306451612903225 0.010841654778887305
0 0.13225806451612904 0.5787446504992867 0.021774193548387097 0.013980028530670471
0 0.22399193548387097 0.5796005706134094 0.13024193548387097 0.015691868758915834
0 0.3211693548387097 0.5796005706134094 0.046370967741935484 0.015691868758915834
0 0.3741935483870968 0.5787446504992867 0.041935483870967745 0.013980028530670471
0 0.42278225806451614 0.5796005706134094 0.028629032258064516 0.015691868758915834
0 0.4558467741935484 0.5796005706134094 0.01975806451612903 0.015691868758915834
0 0.49112903225806454 0.5796005706134094 0.03790322580645161 0.015691868758915834
0 0.13346774193548386 0.5990014265335235 0.024193548387096774 0.013980028530670471
0 0.22399193548387097 0.5998573466476462 0.13024193548387097 0.015691868758915834
0 0.3165322580645161 0.5998573466476462 0.041935483870967745 0.015691868758915834
0 0.3530241935483871 0.5998573466476462 0.02217741935483871 0.015691868758915834
0 0.3818548387096774 0.5990014265335235 0.03951612903225806 0.013980028530670471
0 0.4459677419354839 0.5998573466476462 0.075 0.015691868758915834
0 0.5110887096774194 0.5998573466476462 0.0375 0.015691868758915834
0 0.5618951612903226 0.5998573466476462 0.046370967741935484 0.015691868758915834
0 0.6137096774193549 0.5998573466476462 0.04435483870967742 0.015691868758915834
0 0.6622983870967742 0.5998573466476462 0.031048387096774193 0.015691868758915834
0 0.6965725806451613 0.5998573466476462 0.01975806451612903 0.015691868758915834
0 0.7318548387096774 0.5998573466476462 0.03790322580645161 0.015691868758915834
0 0.12338709677419354 0.6419400855920114 0.017741935483870968 0.012553495007132667
0 0.16975806451612904 0.6420827389443652 0.03951612903225806 0.015691868758915834
0 0.2006048387096774 0.6419400855920114 0.02217741935483871 0.012553495007132667
0 0.23286290322580644 0.6412268188302425 0.0375 0.013980028530670471
0 0.27923387096774194 0.6420827389443652 0.0375 0.015691868758915834
0 0.3532258064516129 0.6420827389443652 0.09274193548387097 0.015691868758915834
0 0.5056451612903226 0.6420827389443652 0.19435483870967743 0.015691868758915834
0 0.6358870967741935 0.6420827389443652 0.04838709677419355 0.015691868758915834
0 0.683266129032258 0.6412268188302425 0.028629032258064516 0.013980028530670471
0 0.7328629032258065 0.6420827389443652 0.02217741935483871 0.015691868758915834
0 0.6346774193548387 0.8186875891583452 0.02903225806451613 0.0094151212553495
0 0.6622983870967742 0.8186875891583452 0.017338709677419354 0.0094151212553495
0 0.6810483870967742 0.8186875891583452 0.01532258064516129 0.0094151212553495
0 0.2306451612903226 0.8225392296718973 0.050806451612903224 0.014265335235378032
0 0.4338709677419355 0.8225392296718973 0.050806451612903224 0.014265335235378032
0 0.13004032258064516 0.8241084165477889 0.05282258064516129 0.011126961483594865
0 0.3431451612903226 0.8241084165477889 0.0814516129032258 0.011126961483594865
0 0.5298387096774193 0.8241084165477889 0.03951612903225806 0.011126961483594865
0 0.6445564516129032 0.8310984308131241 0.05282258064516129 0.012553495007132667
0 0.12338709677419354 0.8584878744650499 0.04435483870967742 0.010841654778887305
0 0.1774193548387097 0.8787446504992867 0.06854838709677419 0.014265335235378032
0 0.5463709677419355 0.8787446504992867 0.03306451612903226 0.014265335235378032
0 0.11794354838709678 0.8796005706134095 0.03346774193548387 0.012553495007132667
0 0.24596774193548387 0.8803138373751783 0.06854838709677419 0.011126961483594865
0 0.2439516129032258 0.897432239657632 0.06854838709677419 0.013980028530670471
0 0.369758064516129 0.8982881597717546 0.050806451612903224 0.015691868758915834
0 0.4403225806451613 0.8982881597717546 0.07741935483870968 0.015691868758915834
0 0.11028225806451612 0.8990014265335236 0.013306451612903225 0.010841654778887305
0 0.15866935483870967 0.8990014265335236 0.06169354838709677 0.010841654778887305
0 0.31209677419354837 0.8990014265335236 0.050806451612903224 0.010841654778887305
0 0.6854838709677419 0.8998573466476462 0.041935483870967745 0.012553495007132667
0 0.7792338709677419 0.8998573466476462 0.04395161290322581 0.012553495007132667
0 0.8201612903225807 0.8990014265335236 0.02903225806451613 0.010841654778887305
0 0.7340725806451613 0.8998573466476462 0.0375 0.00912981455064194
0 0.33326612903225805 0.916262482168331 0.04395161290322581 0.013980028530670471
0 0.7725806451612903 0.9171184022824537 0.035483870967741936 0.015691868758915834
0 0.11895161290322581 0.9178316690442225 0.035483870967741936 0.010841654778887305
0 0.1566532258064516 0.9169757489300998 0.031048387096774193 0.012553495007132667
0 0.19536290322580646 0.9169757489300998 0.0375 0.012553495007132667
0 0.37963709677419355 0.9169757489300998 0.031048387096774193 0.012553495007132667
0 0.4348790322580645 0.9178316690442225 0.07056451612903226 0.010841654778887305
0 0.553024193548387 0.9186875891583453 0.08588709677419355 0.012553495007132667
0 0.6159274193548387 0.9186875891583453 0.04395161290322581 0.012553495007132667
0 0.644758064516129 0.9185449358059914 0.017741935483870968 0.0094151212553495
