0 0.13346774193548386 0.09514978601997147 0.050806451612903224 0.015691868758915834
0 0.4183467741935484 0.11069900142653352 0.046370967741935484 0.012553495007132667
0 0.4856854838709677 0.1115549215406562 0.07056451612903226 0.010841654778887305
0 0.5550403225806452 0.1115549215406562 0.046370967741935484 0.010841654778887305
0 0.6137096774193549 0.1115549215406562 0.0532258064516129 0.010841654778887305
0 0.5131048387096774 0.1544935805991441 0.2979838709677419 0.021968616262482168
0 0.20504032258064517 0.21626248216833097 0.07943548387096774 0.017118402282453638
0 0.12016129032258065 0.21626248216833097 0.03790322580645161 0.014265335235378032
0 0.12903225806451613 0.23894436519258203 0.05967741935483871 0.015691868758915834
0 0.11915322580645162 0.262339514978602 0.039919354838709675 0.015691868758915834
0 0.1842741935483871 0.262339514978602 0.041935483870967745 0.015691868758915834
0 0.23387096774193547 0.262339514978602 0.03951612903225806 0.015691868758915834
0 0.3056451612903226 0.262339514978602 0.0814516129032258 0.015691868758915834
0 0.3961693548387097 0.262339514978602 0.08185483870967741 0.015691868758915834
0 0.4669354838709677 0.262339514978602 0.041935483870967745 0.015691868758915834
0 0.5266129032258065 0.262339514978602 0.05967741935483871 0.015691868758915834
0 0.5872983870967742 0.262339514978602 0.039919354838709675 0.015691868758915834
0 0.6381048387096774 0.262339514978602 0.039919354838709675 0.015691868758915834
0 0.6877016129032258 0.262339514978602 0.0375 0.015691868758915834
0 0.14556451612903226 0.2967189728958631 0.04838709677419355 0.015406562054208274
0 0.26814516129032256 0.2967189728958631 0.18306451612903227 0.015406562054208274
0 0.43608870967741936 0.2967189728958631 0.13911290322580644 0.015406562054208274
0 0.5463709677419355 0.29600570613409416 0.09032258064516129 0.013980028530670471
0 0.6213709677419355 0.2967189728958631 0.05967741935483871 0.015406562054208274
0 0.10241935483870968 0.29757489300998574 0.01129032258064516 0.010841654778887305
0 0.18306451612903227 0.31940085592011414 0.05725806451612903 0.017403708987161197
0 0.275 0.3179743223965763 0.11290322580645161 0.016833095577746076
0 0.4622983870967742 0.31940085592011414 0.05524193548387097 0.017403708987161197
0 0.5165322580645161 0.3185449358059914 0.03951612903225806 0.015691868758915834
0 0.5806451612903226 0.31940085592011414 0.075 0.017403708987161197
0 0.6633064516129032 0.31940085592011414 0.07741935483870968 0.017403708987161197
0 0.7461693548387097 0.31940085592011414 0.07540322580645162 0.017403708987161197
0 0.8830645161290323 0.31940085592011414 0.05725806451612903 0.017403708987161197
0 0.10241935483870968 0.320114122681883 0.01129032258064516 0.012553495007132667
0 0.1377016129032258 0.31940085592011414 0.0375 0.013980028530670471
0 0.3641129032258065 0.3202567760342368 0.0532258064516129 0.015691868758915834
0 0.4070564516129032 0.3202567760342368 0.0375 0.015691868758915834
0 0.8191532258064516 0.31940085592011414 0.05766129032258065 0.013980028530670471
0 0.15443548387096775 0.3419400855920114 0.05725806451612903 0.015691868758915834
0 0.20745967741935484 0.3419400855920114 0.039919354838709675 0.015691868758915834
0 0.26814516129032256 0.3419400855920114 0.07258064516129033 0.015691868758915834
0 0.3596774193548387 0.3419400855920114 0.09274193548387097 0.015691868758915834
0 0.4425403225806452 0.3419400855920114 0.059274193548387095 0.015691868758915834
0 0.12459677419354839 0.36476462196861625 0.02903225806451613 0.013980028530670471
0 0.17318548387096774 0.36547788873038517 0.046370967741935484 0.015406562054208274
0 0.2679435483870968 0.36547788873038517 0.13024193548387097 0.015406562054208274
0 0.38387096774193546 0.36476462196861625 0.09274193548387097 0.013980028530670471
0 0.12560483870967742 0.38730385164051356 0.031048387096774193 0.015691868758915834
0 0.225 0.38730385164051356 0.03951612903225806 0.015691868758915834
0 0.28568548387096776 0.38815977175463623 0.07298387096774193 0.017403708987161197
0 0.35866935483870965 0.38730385164051356 0.05524193548387097 0.015691868758915834
0 0.17318548387096774 0.3890156918687589 0.046370967741935484 0.015691868758915834
0 0.4028225806451613 0.38815977175463623 0.020161290322580645 0.013980028530670471
0 0.12459677419354839 0.4099857346647646 0.02903225806451613 0.014265335235378032
0 0.16875 0.41069900142653354 0.0375 0.015691868758915834
0 0.21733870967741936 0.41069900142653354 0.050806451612903224 0.015691868758915834
0 0.28568548387096776 0.41069900142653354 0.07298387096774193 0.015691868758915834
0 0.3675403225806452 0.41069900142653354 0.07298387096774193 0.015691868758915834
0 0.44798387096774195 0.41069900142653354 0.075 0.015691868758915834
0 0.5375 0.41069900142653354 0.09032258064516129 0.015691868758915834
0 0.6092741935483871 0.41069900142653354 0.03951612903225806 0.015691868758915834
0 0.6534274193548387 0.41069900142653354 0.039919354838709675 0.015691868758915834
0 0.7076612903225806 0.41069900142653354 0.05967741935483871 0.015691868758915834
0 0.7727822580645162 0.41069900142653354 0.06169354838709677 0.015691868758915834
0 0.8290322580645161 0.41069900142653354 0.03790322580645161 0.015691868758915834
0 0.12338709677419354 0.43352353780313835 0.02661290322580645 0.013980028530670471
0 0.16875 0.43352353780313835 0.0375 0.013980028530670471
0 0.21733870967741936 0.43423680456490726 0.050806451612903224 0.015406562054208274
0 0.27681451612903224 0.43423680456490726 0.06411290322580646 0.015406562054208274
0 0.3320564516129032 0.43352353780313835 0.0375 0.013980028530670471
0 0.11451612903225807 0.47945791726105563 0.035483870967741936 0.015691868758915834
0 0.16330645161290322 0.4787446504992867 0.035483870967741936 0.014265335235378032
0 0.2094758064516129 0.47945791726105563 0.039919354838709675 0.015691868758915834
0 0.2693548387096774 0.47945791726105563 0.075 0.015691868758915834
0 0.35080645161290325 0.47945791726105563 0.075 0.015691868758915834
0 0.4127016129032258 0.47945791726105563 0.039919354838709675 0.015691868758915834
0 0.4657258064516129 0.47945791726105563 0.0532258064516129 0.015691868758915834
0 0.5419354838709678 0.47945791726105563 0.0814516129032258 0.015691868758915834
0 0.6026209677419355 0.47945791726105563 0.03508064516129032 0.015691868758915834
0 0.6524193548387097 0.47945791726105563 0.024193548387096774 0.015691868758915834
0 0.3497983870967742 0.8178316690442226 0.09475806451612903 0.011126961483594865
0 0.6356854838709678 0.8186875891583452 0.031048387096774193 0.0094151212553495
0 0.6633064516129032 0.8186875891583452 0.01532258064516129 0.0094151212553495
0 0.682258064516129 0.8186875891583452 0.017741935483870968 0.0094151212553495
0 0.2282258064516129 0.8225392296718973 0.050806451612903224 0.014265335235378032
0 0.4338709677419355 0.8225392296718973 0.050806451612903224 0.014265335235378032
0 0.12016129032258065 0.8241084165477889 0.041935483870967745 0.011126961483594865
0 0.5298387096774193 0.8241084165477889 0.03951612903225806 0.011126961483594865
0 0.6455645161290322 0.8303851640513552 0.050806451612903224 0.013980028530670471
0 0.3090725806451613 0.8310984308131241 0.013306451612903225 0.00912981455064194
0 0.12116935483870968 0.8584878744650499 0.04395161290322581 0.010841654778887305
0 0.19193548387096773 0.8794579172610556 0.10161290322580645 0.015691868758915834
0 0.2780241935483871 0.8796005706134095 0.06653225806451613 0.012553495007132667
0 0.5463709677419355 0.8787446504992867 0.03306451612903226 0.014265335235378032
0 0.1157258064516129 0.8796005706134095 0.03306451612903226 0.012553495007132667
0 0.10786290322580645 0.8990014265335236 0.013306451612903225 0.010841654778887305
0 0.14778225806451614 0.8982881597717546 0.04395161290322581 0.012268188302425107
0 0.23266129032258065 0.8991440798858773 0.050806451612903224 0.013980028530670471
0 0.2923387096774194 0.8982881597717546 0.050806451612903224 0.012268188302425107
0 0.35 0.8982881597717546 0.050806451612903224 0.012268188302425107
0 0.4092741935483871 0.8982881597717546 0.050806451612903224 0.012268188302425107
0 0.4612903225806452 0.8990014265335236 0.035483870967741936 0.010841654778887305
0 0.686491935483871 0.8998573466476462 0.04395161290322581 0.012553495007132667
0 0.7350806451612903 0.8998573466476462 0.035483870967741936 0.00912981455064194
0 0.7792338709677419 0.9007132667617689 0.04395161290322581 0.010841654778887305
0 0.8169354838709677 0.8998573466476462 0.017741935483870968 0.00912981455064194
0 0.33326612903225805 0.916262482168331 0.04395161290322581 0.013980028530670471
0 0.8024193548387096 0.9171184022824537 0.09516129032258064 0.015691868758915834
0 0.1157258064516129 0.9169757489300998 0.03306451612903226 0.012553495007132667
0 0.15443548387096775 0.9169757489300998 0.03064516129032258 0.012553495007132667
0 0.2094758064516129 0.9178316690442225 0.07056451612903226 0.010841654778887305
0 0.3808467741935484 0.9169757489300998 0.0375 0.012553495007132667
0 0.42379032258064514 0.9169757489300998 0.03951612903225806 0.012553495007132667
0 0.5419354838709678 0.9178316690442225 0.041935483870967745 0.010841654778887305
0 0.5991935483870968 0.9178316690442225 0.05967741935483871 0.010841654778887305
0 0.644758064516129 0.9178316690442225 0.017741935483870968 0.010841654778887305
0 0.3532258064516129 0.9382310984308131 0.04838709677419355 0.013980028530670471
0 0.41391129032258067 0.9382310984308131 0.06411290322580646 0.013980028530670471
0 0.5110887096774194 0.9382310984308131 0.10846774193548388 0.013980028530670471
0 0.6036290322580645 0.9396576319543509 0.05967741935483871 0.011126961483594865
0 0.6655241935483871 0.9396576319543509 0.046370967741935484 0.011126961483594865
