0 0.13346774193548386 0.09514978601997147 0.050806451612903224 0.015691868758915834
0 0.38064516129032255 0.1108416547788873 0.01532258064516129 0.0094151212553495
0 0.40725806451612906 0.11069900142653352 0.02903225806451613 0.012553495007132667
0 0.4534274193548387 0.11069900142653352 0.046370967741935484 0.012553495007132667
0 0.5153225806451613 0.1115549215406562 0.05967741935483871 0.010841654778887305
0 0.5673387096774194 0.11069900142653352 0.03064516129032258 0.012553495007132667
0 0.6213709677419355 0.1115549215406562 0.05967741935483871 0.010841654778887305
0 0.865524193548387 0.14593437945791726 0.05766129032258065 0.017403708987161197
0 0.5110887096774194 0.15378031383737517 0.14798387096774193 0.023395149786019972
0 0.8633064516129032 0.162339514978602 0.04435483870967742 0.018830242510699
0 0.3066532258064516 0.21626248216833097 0.28266129032258064 0.017118402282453638
0 0.12016129032258065 0.21626248216833097 0.03790322580645161 0.014265335235378032
0 0.12903225806451613 0.2396576319543509 0.05967741935483871 0.017118402282453638
0 0.11915322580645162 0.262339514978602 0.039919354838709675 0.015691868758915834
0 0.1941532258064516 0.262339514978602 0.06169354838709677 0.015691868758915834
0 0.27580645161290324 0.2630527817403709 0.07983870967741935 0.017118402282453638
0 0.3663306451612903 0.2630527817403709 0.07943548387096774 0.017118402282453638
0 0.4570564516129032 0.262339514978602 0.07943548387096774 0.015691868758915834
0 0.5276209677419355 0.262339514978602 0.039919354838709675 0.015691868758915834
0 0.15120967741935484 0.2967189728958631 0.050806451612903224 0.015406562054208274
0 0.28911290322580646 0.2967189728958631 0.20725806451612902 0.015406562054208274
0 0.42036290322580644 0.2967189728958631 0.028629032258064516 0.015406562054208274
0 0.4669354838709677 0.2967189728958631 0.041935483870967745 0.015406562054208274
0 0.10241935483870968 0.29757489300998574 0.01129032258064516 0.010841654778887305
0 0.17540322580645162 0.31940085592011414 0.09919354838709678 0.017403708987161197
0 0.27580645161290324 0.31940085592011414 0.07983870967741935 0.017403708987161197
0 0.3675403225806452 0.31940085592011414 0.08185483870967741 0.017403708987161197
0 0.5177419354838709 0.31940085592011414 0.09919354838709678 0.017403708987161197
0 0.6092741935483871 0.31940085592011414 0.062096774193548386 0.017403708987161197
0 0.6689516129032258 0.31940085592011414 0.03951612903225806 0.017403708987161197
0 0.7528225806451613 0.31940085592011414 0.10564516129032259 0.017403708987161197
0 0.10241935483870968 0.320114122681883 0.01532258064516129 0.012553495007132667
0 0.43608870967741936 0.3202567760342368 0.0375 0.015691868758915834
0 0.12681451612903225 0.3419400855920114 0.024596774193548387 0.015691868758915834
0 0.1752016129032258 0.3419400855920114 0.0375 0.015691868758915834
0 0.2306451612903226 0.3419400855920114 0.050806451612903224 0.015691868758915834
0 0.3157258064516129 0.3419400855920114 0.10161290322580645 0.015691868758915834
0 0.4171370967741935 0.3419400855920114 0.07943548387096774 0.015691868758915834
0 0.4866935483870968 0.3419400855920114 0.041935483870967745 0.015691868758915834
0 0.5397177419354838 0.3427960057061341 0.04233870967741935 0.017403708987161197
0 0.6270161290322581 0.3419400855920114 0.10161290322580645 0.015691868758915834
0 0.7284274193548387 0.3419400855920114 0.07943548387096774 0.015691868758915834
0 0.7981854838709678 0.3419400855920114 0.0375 0.015691868758915834
0 0.12681451612903225 0.36476462196861625 0.024596774193548387 0.013980028530670471
0 0.1752016129032258 0.36547788873038517 0.0375 0.015406562054208274
0 0.2306451612903226 0.36547788873038517 0.050806451612903224 0.015406562054208274
0 0.28911290322580646 0.36476462196861625 0.04838709677419355 0.013980028530670471
0 0.34213709677419357 0.36547788873038517 0.031048387096774193 0.015406562054208274
0 0.38064516129032255 0.36476462196861625 0.03306451612903226 0.013980028530670471
0 0.4171370967741935 0.36547788873038517 0.04395161290322581 0.015406562054208274
0 0.48125 0.36547788873038517 0.031048387096774193 0.015406562054208274
0 0.5419354838709678 0.36547788873038517 0.07258064516129033 0.015406562054208274
0 0.12681451612903225 0.38730385164051356 0.024596774193548387 0.015691868758915834
0 0.1752016129032258 0.38730385164051356 0.0375 0.015691868758915834
0 0.33991935483870966 0.38730385164051356 0.04838709677419355 0.015691868758915834
0 0.4679435483870968 0.38815977175463623 0.04395161290322581 0.017403708987161197
0 0.5276209677419355 0.38730385164051356 0.06169354838709677 0.015691868758915834
0 0.225 0.38815977175463623 0.03951612903225806 0.013980028530670471
0 0.2814516129032258 0.38815977175463623 0.050806451612903224 0.013980028530670471
0 0.3907258064516129 0.38815977175463623 0.03064516129032258 0.013980028530670471
0 0.4314516129032258 0.38815977175463623 0.03306451612903226 0.013980028530670471
0 0.12681451612903225 0.41069900142653354 0.024596774193548387 0.015691868758915834
0 0.1752016129032258 0.41069900142653354 0.0375 0.015691868758915834
0 0.2306451612903226 0.41069900142653354 0.050806451612903224 0.015691868758915834
0 0.2967741935483871 0.41069900142653354 0.05967741935483871 0.015691868758915834
0 0.34758064516129034 0.41069900142653354 0.020161290322580645 0.015691868758915834
0 0.39737903225806454 0.41069900142653354 0.06169354838709677 0.015691868758915834
0 0.4568548387096774 0.41069900142653354 0.03951612903225806 0.015691868758915834
0 0.1157258064516129 0.45606276747503566 0.03790322580645161 0.015691868758915834
0 0.24153225806451614 0.45606276747503566 0.17016129032258065 0.015691868758915834
0 0.3564516129032258 0.45606276747503566 0.041935483870967745 0.015691868758915834
0 0.40725806451612906 0.45606276747503566 0.041935483870967745 0.015691868758915834
0 0.4967741935483871 0.45606276747503566 0.10161290322580645 0.015691868758915834
0 0.5971774193548387 0.45606276747503566 0.0814516129032258 0.015691868758915834
0 0.6745967741935484 0.45606276747503566 0.050806451612903224 0.015691868758915834
0 0.7241935483870968 0.45606276747503566 0.035483870967741936 0.015691868758915834
0 0.7792338709677419 0.45606276747503566 0.02217741935483871 0.015691868758915834
0 0.5241935483870968 0.7412268188302426 0.17903225806451614 0.023395149786019972
0 0.3631048387096774 0.8178316690442226 0.06814516129032258 0.011126961483594865
0 0.6356854838709678 0.8169757489300998 0.031048387096774193 0.0094151212553495
0 0.3167338709677419 0.8186875891583452 0.024596774193548387 0.0094151212553495
0 0.6622983870967742 0.8186875891583452 0.017338709677419354 0.0094151212553495
0 0.682258064516129 0.8186875891583452 0.017741935483870968 0.0094151212553495
0 0.2306451612903226 0.8225392296718973 0.050806451612903224 0.014265335235378032
0 0.4338709677419355 0.8225392296718973 0.050806451612903224 0.014265335235378032
0 0.12237903225806451 0.8241084165477889 0.0375 0.011126961483594865
0 0.15544354838709679 0.8232524964336662 0.028629032258064516 0.0094151212553495
0 0.5231854838709677 0.8249643366619116 0.02620967741935484 0.0094151212553495
0 0.6455645161290322 0.8310984308131241 0.050806451612903224 0.015406562054208274
0 0.31108870967741936 0.8310984308131241 0.013306451612903225 0.00912981455064194
0 0.12338709677419354 0.8584878744650499 0.04435483870967742 0.010841654778887305
0 0.20725806451612902 0.8787446504992867 0.1282258064516129 0.014265335235378032
0 0.11794354838709678 0.8796005706134095 0.03346774193548387 0.012553495007132667
0 0.5473790322580645 0.8803138373751783 0.031048387096774193 0.011126961483594865
0 0.31875 0.897432239657632 0.0375 0.013980028530670471
0 0.3935483870967742 0.8988587731811698 0.10403225806451613 0.015121255349500713
0 0.5076612903225807 0.8982881597717546 0.11048387096774194 0.015691868758915834
0 0.11028225806451612 0.8990014265335236 0.013306451612903225 0.010841654778887305
0 0.15 0.8990014265335236 0.04435483870967742 0.010841654778887305
0 0.25161290322580643 0.8991440798858773 0.08387096774193549 0.013980028530670471
0 0.6891129032258064 0.8991440798858773 0.049193548387096775 0.011697574893009986
0 0.832258064516129 0.8990014265335236 0.017741935483870968 0.010841654778887305
0 0.7417338709677419 0.8998573466476462 0.03508064516129032 0.00912981455064194
0 0.7782258064516129 0.8998573466476462 0.02903225806451613 0.00912981455064194
0 0.8090725806451613 0.9007132667617689 0.01975806451612903 0.010841654778887305
0 0.3342741935483871 0.916262482168331 0.041935483870967745 0.013980028530670471
0 0.7725806451612903 0.9171184022824537 0.035483870967741936 0.015691868758915834
0 0.11895161290322581 0.9178316690442225 0.035483870967741936 0.010841654778887305
0 0.1566532258064516 0.9169757489300998 0.031048387096774193 0.012553495007132667
0 0.21189516129032257 0.9169757489300998 0.07056451612903226 0.012553495007132667
0 0.37963709677419355 0.9169757489300998 0.031048387096774193 0.012553495007132667
0 0.4171370967741935 0.9178316690442225 0.03508064516129032 0.010841654778887305
0 0.45141129032258065 0.9169757489300998 0.0375 0.012553495007132667
